Spectrum	Spectrum.File	Peptide	Modified.Peptide	Extended.Peptide	Prev.AA	Next.AA	Peptide.Length	Charge	Retention	Observed.Mass	Calibrated.Observed.Mass	Observed.M.Z	Calibrated.Observed.M.Z	Calculated.Peptide.Mass	Calculated.M.Z	Delta.Mass	Expectation	Hyperscore	Nextscore	Probability	Qvalue	Number.of.Enzymatic.Termini	Number.of.Missed.Cleavages	Protein.Start	Protein.End	Intensity	Assigned.Modifications	Observed.Modifications	Total.Glycan.Composition	Glycan.Score	Glycan.q.value	MSFragger.Localization	Position.Scores	Best.Positions	Number.Best.Positions	Shifted.Only.Position.Scores	Shifted.Only.Position.Ions	Score.Best.Position	Ions.Best.Position	Score.Second.Best.Position	Ions.Second.Best.Position	Score.All.Unshifted	Ions.All.Unshifted	Score.Shifted.Best.Position	Ions.Shifted.Best.Position	Score.Shifted.All.Positions	Ions.Shifted.All.Positions	Purity	Is.Decoy	Is.Contaminant	Is.Unique	Protein	Protein.ID	Entry.Name	Gene	Protein.Description	Mapped.Genes	Mapped.Proteins	Parent.Scan.Number	Apex.Retention.Time	Apex.Scan.Number	Retention.Time.Start	Retention.Time.End	Retention.Time.FWHM	Traced.Scans
240419_ES_R00006_MG_c00001_SA_NPB_3_i2.03032.03032.2	D:\SHARE\Tim\25-12-03_GD_Dataset\GD_dataset\NPB_3_i2\interact.pep.xml	HNSTGCLR	HN[2028]STGCLR	RTVCREIR.HNSTGCLR.MKDQCDKC	R	M	8	2	546.7501	2857.1038	2857.1108	1429.5592	1429.5627	2857.1064	1429.5605	0.0044	0.0197697	11.316	0	0.9931	0	2	0	290	297	2657551.5	"2N(1913.6770),6C(57.0215)"	NA	HexNAc(4)Hex(5)NeuAc(1) % 1913.6770	2.63	0	HnSTGCLR	H(0.00)N(11.32)S(0.00)T(0.00)G(0.00)C(0.00)L(0.00)R(0.00)	N2	1	H(0.00)N(9.47)S(0.00)T(0.00)G(0.00)C(0.00)L(0.00)R(0.00)	H(0)N(1)S(0)T(0)G(0)C(0)L(0)R(0)	11.316938	2	0	0	10.533951	1	9.470207	1	0	0	0	FALSE	FALSE	FALSE	sp|P10909|CLUS_HUMAN	P10909	CLUS_HUMAN	CLU	Clusterin		"tr|E7ETB4|E7ETB4_HUMAN, tr|H0YC35|H0YC35_HUMAN"	3010	559.169	3194	542.539	617.79504	22.909	53
240419_ES_R00006_MG_c00001_SA_NPB_3_i2.03686.03686.3	D:\SHARE\Tim\25-12-03_GD_Dataset\GD_dataset\NPB_3_i2\interact.pep.xml	GHVNITR	GHVN[1737]ITR	EGLGTNYR.GHVNITR.SGIECQLW	R	S	7	3	598.4326	2418.019	2418.0154	807.0136	807.0124	2418.0166	807.0128	-0.0012	0.009914028	18.515	0	0.9928	0	2	0	118	124	1505668100	4N(1622.5815)	NA	HexNAc(4)Hex(5) % 1622.5816	3.86	0	GHVnITR	G(0.00)H(0.00)V(0.00)N(18.52)I(0.00)T(0.00)R(0.00)	N4	1	G(0.00)H(0.00)V(0.00)N(13.66)I(0.00)T(0.00)R(0.00)	G(0)H(0)V(0)N(1)I(0)T(0)R(0)	18.515917	4	0	0	17.738075	4	13.662418	1	0	0	0	FALSE	FALSE	FALSE	sp|P00734|THRB_HUMAN	P00734	THRB_HUMAN	F2	Prothrombin		"tr|C9JV37|C9JV37_HUMAN, tr|E9PIT3|E9PIT3_HUMAN"	3666	617.79504	3932	595.288	723.82306	20.166	89
240419_ES_R00006_MG_c00001_SA_NPB_3_i2.03698.03698.3	D:\SHARE\Tim\25-12-03_GD_Dataset\GD_dataset\NPB_3_i2\interact.pep.xml	GHVNITR	GHVN[1737]ITR	EGLGTNYR.GHVNITR.SGIECQLW	R	S	7	3	599.4256	2418.0437	2418.0156	807.0218	807.0125	2418.0166	807.0128	-0.0011	3.49E-05	24.327	0	1	0	2	0	118	124	0	4N(1622.5815)	NA	HexNAc(4)Hex(5) % 1622.5816	4.35	0	GHVnITR	G(0.00)H(0.00)V(0.00)N(21.60)I(0.00)T(0.00)R(0.00)	N4	1	G(0.00)H(0.00)V(0.00)N(11.98)I(0.00)T(0.00)R(0.00)	G(0)H(0)V(0)N(0)I(0)T(0)R(0)	21.603046	5	0	0	24.32779	7	11.9750805	0	0	0	0	FALSE	FALSE	FALSE	sp|P00734|THRB_HUMAN	P00734	THRB_HUMAN	F2	Prothrombin		"tr|C9JV37|C9JV37_HUMAN, tr|E9PIT3|E9PIT3_HUMAN"	3682	0	0	0	0	0	0
240419_ES_R00006_MG_c00001_SA_NPB_3_i2.03748.03748.3	D:\SHARE\Tim\25-12-03_GD_Dataset\GD_dataset\NPB_3_i2\interact.pep.xml	HNSTGCLR	HN[2028]STGCLR	RTVCREIR.HNSTGCLR.MKDQCDKC	R	M	8	3	603.1887	2857.1128	2857.102	953.3782	953.3746	2857.1064	953.376	-0.0044	0.000792958	18.903	0	1	0	2	0	290	297	824450110	"2N(1913.6770),6C(57.0215)"	NA	HexNAc(4)Hex(5)NeuAc(1) % 1913.6770	4.79	0	HnSTGCLR	H(0.00)N(17.94)S(0.00)T(0.00)G(0.00)C(0.00)L(0.00)R(0.00)	N2	1	H(0.00)N(11.68)S(0.00)T(0.00)G(0.00)C(0.00)L(0.00)R(0.00)	H(0)N(0)S(0)T(0)G(0)C(0)L(0)R(0)	17.937973	3	0	0	18.903435	4	11.675361	0	0	0	0	FALSE	FALSE	FALSE	sp|P10909|CLUS_HUMAN	P10909	CLUS_HUMAN	CLU	Clusterin		"tr|E7ETB4|E7ETB4_HUMAN, tr|H0YC35|H0YC35_HUMAN"	3733	583.56305	3496	532.24805	712.791	40.690002	131
240419_ES_R00006_MG_c00001_SA_NPB_3_i2.03757.03757.2	D:\SHARE\Tim\25-12-03_GD_Dataset\GD_dataset\NPB_3_i2\interact.pep.xml	GHVNITR	GHVN[1737]ITR	EGLGTNYR.GHVNITR.SGIECQLW	R	S	7	2	603.9475	2418.0288	2418.021	1210.0217	1210.0178	2418.0166	1210.0156	0.0044	0.006378961	17.281	0	0.9946	0	2	0	118	124	43787804	4N(1622.5815)	NA	HexNAc(4)Hex(5) % 1622.5816	3.4	0	GHVnITR	G(0.00)H(0.00)V(0.00)N(15.97)I(0.00)T(0.00)R(0.00)	N4	1	G(0.00)H(0.00)V(0.00)N(10.08)I(0.00)T(0.00)R(0.00)	G(0)H(0)V(0)N(0)I(0)T(0)R(0)	15.974913	3	0	0	17.281929	4	10.07544	0	0	0	0	FALSE	FALSE	FALSE	sp|P00734|THRB_HUMAN	P00734	THRB_HUMAN	F2	Prothrombin		"tr|C9JV37|C9JV37_HUMAN, tr|E9PIT3|E9PIT3_HUMAN"	3733	615.98505	3910	600.614	667.82104	20.166	48
240419_ES_R00006_MG_c00001_SA_NPB_3_i2.03818.03818.2	D:\SHARE\Tim\25-12-03_GD_Dataset\GD_dataset\NPB_3_i2\interact.pep.xml	HNSTGCLR	HN[2028]STGCLR	RTVCREIR.HNSTGCLR.MKDQCDKC	R	M	8	2	608.6622	2857.1108	2857.1108	1429.5627	1429.5627	2857.1064	1429.5605	0.0044	0.008067704	12.873	0	0.9984	0	2	0	290	297	9145498	"2N(1913.6770),6C(57.0215)"	NA	HexNAc(4)Hex(5)NeuAc(1) % 1913.6770	3.39	0	HnSTGCLR	H(0.00)N(12.66)S(0.00)T(0.00)G(0.00)C(0.00)L(0.00)R(0.00)	N2	1	H(0.00)N(8.86)S(0.00)T(0.00)G(0.00)C(0.00)L(0.00)R(0.00)	H(0)N(0)S(0)T(0)G(0)C(0)L(0)R(0)	12.65863	2	0	0	12.873742	3	8.859761	0	0	0	0	FALSE	FALSE	FALSE	sp|P10909|CLUS_HUMAN	P10909	CLUS_HUMAN	CLU	Clusterin		"tr|E7ETB4|E7ETB4_HUMAN, tr|H0YC35|H0YC35_HUMAN"	3795	603.17303	3747	541.176	618.77405	22.909	54
240419_ES_R00006_MG_c00001_SA_NPB_3_i2.04481.04481.3	D:\SHARE\Tim\25-12-03_GD_Dataset\GD_dataset\NPB_3_i2\interact.pep.xml	GHVNITR	GHVN[1737]ITR	EGLGTNYR.GHVNITR.SGIECQLW	R	S	7	3	662.4116	2418.023	2418.0156	807.0149	807.0125	2418.0166	807.0128	-0.0011	3.76E-05	26.197	14.607	1	0	2	0	118	124	19957514	4N(1622.5815)	NA	HexNAc(4)Hex(5) % 1622.5816	4.72	0	GHVnITR	G(0.00)H(0.00)V(0.00)N(21.74)I(0.00)T(0.00)R(0.00)	N4	1	G(0.00)H(0.00)V(0.00)N(12.12)I(0.00)T(0.00)R(0.00)	G(0)H(0)V(0)N(0)I(0)T(0)R(0)	21.739681	5	0	0	26.197777	8	12.122881	0	0	0	0	FALSE	FALSE	FALSE	sp|P00734|THRB_HUMAN	P00734	THRB_HUMAN	F2	Prothrombin		"tr|C9JV37|C9JV37_HUMAN, tr|E9PIT3|E9PIT3_HUMAN"	4460	662.39105	4480	595.288	723.82306	20.166	89
240419_ES_R00006_MG_c00001_SA_NPB_3_i2.04573.04573.3	D:\SHARE\Tim\25-12-03_GD_Dataset\GD_dataset\NPB_3_i2\interact.pep.xml	HNSTGCLR	HN[2028]STGCLR	RTVCREIR.HNSTGCLR.MKDQCDKC	R	M	8	3	669.5373	2857.1143	2857.102	953.3787	953.3746	2857.1064	953.376	-0.0044	0.008012166	16.885	0	0.9957	0	2	0	290	297	14162206	"2N(1913.6770),6C(57.0215)"	NA	HexNAc(4)Hex(5)NeuAc(1) % 1913.6770	3.7	0	HnSTGCLR	H(0.00)N(15.65)S(0.00)T(0.00)G(0.00)C(0.00)L(0.00)R(0.00)	N2	1	H(0.00)N(11.58)S(0.00)T(0.00)G(0.00)C(0.00)L(0.00)R(0.00)	H(0)N(0)S(0)T(0)G(0)C(0)L(0)R(0)	15.647228	2	0	0	16.885021	3	11.583567	0	0	0	0	FALSE	FALSE	FALSE	sp|P10909|CLUS_HUMAN	P10909	CLUS_HUMAN	CLU	Clusterin		"tr|E7ETB4|E7ETB4_HUMAN, tr|H0YC35|H0YC35_HUMAN"	4552	689.903	4840	530.489	712.791	40.690002	132
240419_ES_R00006_MG_c00001_SA_NPB_3_i2.04699.04699.4	D:\SHARE\Tim\25-12-03_GD_Dataset\GD_dataset\NPB_3_i2\interact.pep.xml	GHVNITR	GHVN[2319]ITR	EGLGTNYR.GHVNITR.SGIECQLW	R	S	7	4	679.1167	3000.213	3000.2078	751.0605	751.0592	3000.2075	751.0591	2.00E-04	0.03133286	12.516	0	0.9943	0	2	0	118	124	12965221	4N(2204.7725)	NA	HexNAc(4)Hex(5)NeuAc(2) % 2204.7724	6.43	0	GHVnITR	G(0.00)H(0.00)V(0.00)N(12.52)I(0.00)T(0.00)R(0.00)	N4	1	G(0.00)H(0.00)V(0.00)N(8.91)I(0.00)T(0.00)R(0.00)	G(0)H(0)V(0)N(0)I(0)T(0)R(0)	12.516493	2	0	0	12.516493	2	8.912737	0	0	0	0	FALSE	FALSE	FALSE	sp|P00734|THRB_HUMAN	P00734	THRB_HUMAN	F2	Prothrombin		"tr|C9JV37|C9JV37_HUMAN, tr|E9PIT3|E9PIT3_HUMAN"	4675	701.87006	4994	673.903	720.713	31.085001	29
240419_ES_R00006_MG_c00001_SA_NPB_3_i2.04718.04718.4	D:\SHARE\Tim\25-12-03_GD_Dataset\GD_dataset\NPB_3_i2\interact.pep.xml	GHVNITR	GHVN[2319]ITR	EGLGTNYR.GHVNITR.SGIECQLW	R	S	7	4	680.5674	3000.2144	3000.208	751.0609	751.0593	3000.2075	751.0591	5.00E-04	0.005562244	15.519	0	0.9983	0	2	0	118	124	12965221	4N(2204.7725)	NA	HexNAc(4)Hex(5)NeuAc(2) % 2204.7724	6.58	0	GHVnITR	G(0.00)H(0.00)V(0.00)N(15.52)I(0.00)T(0.00)R(0.00)	N4	1	G(0.00)H(0.00)V(0.00)N(11.63)I(0.00)T(0.00)R(0.00)	G(0)H(0)V(0)N(0)I(0)T(0)R(0)	15.519734	2	0	0	15.519734	2	11.628261	0	0	0	0	FALSE	FALSE	FALSE	sp|P00734|THRB_HUMAN	P00734	THRB_HUMAN	F2	Prothrombin		"tr|C9JV37|C9JV37_HUMAN, tr|E9PIT3|E9PIT3_HUMAN"	4696	701.87006	4994	673.903	727.47705	31.085001	31
240419_ES_R00006_MG_c00001_SA_NPB_3_i2.04800.04800.3	D:\SHARE\Tim\25-12-03_GD_Dataset\GD_dataset\NPB_3_i2\interact.pep.xml	GHVNITR	GHVN[2319]ITR	EGLGTNYR.GHVNITR.SGIECQLW	R	S	7	3	686.9179	3000.2158	3000.2024	1001.0792	1001.0747	3000.2075	1001.0764	-0.0051	0.01224616	14.148	0	0.993	0	2	0	118	124	3314433.5	4N(2204.7725)	NA	HexNAc(4)Hex(5)NeuAc(2) % 2204.7724	4.25	0	GHVnITR	G(0.00)H(0.00)V(0.00)N(14.15)I(0.00)T(0.00)R(0.00)	N4	1	G(0.00)H(0.00)V(0.00)N(9.93)I(0.00)T(0.00)R(0.00)	G(0)H(0)V(0)N(0)I(0)T(0)R(0)	14.148888	2	0	0	14.148888	2	9.927019	0	0	0	0	FALSE	FALSE	FALSE	sp|P00734|THRB_HUMAN	P00734	THRB_HUMAN	F2	Prothrombin		"tr|C9JV37|C9JV37_HUMAN, tr|E9PIT3|E9PIT3_HUMAN"	4774	701.87006	4994	678.83606	720.713	28.243002	23
240419_ES_R00006_MG_c00001_SA_NPB_3_i2.04821.04821.3	D:\SHARE\Tim\25-12-03_GD_Dataset\GD_dataset\NPB_3_i2\interact.pep.xml	HNSTGCLR	HN[2028]STGCLR	RTVCREIR.HNSTGCLR.MKDQCDKC	R	M	8	3	688.3994	2857.0977	2857.1023	953.3732	953.3747	2857.1064	953.376	-0.0042	0.0106721	12.387	0	0.9933	0	2	0	290	297	13574386	"2N(1913.6770),6C(57.0215)"	NA	HexNAc(4)Hex(5)NeuAc(1) % 1913.6770	4.38	0	HnSTGCLR	H(0.00)N(12.13)S(0.00)T(0.00)G(0.00)C(0.00)L(0.00)R(0.00)	N2	1	H(0.00)N(10.12)S(0.00)T(0.00)G(0.00)C(0.00)L(0.00)R(0.00)	H(0)N(0)S(0)T(0)G(0)C(0)L(0)R(0)	12.125647	1	0	0	12.387241	2	10.118586	0	0	0	0	FALSE	FALSE	FALSE	sp|P10909|CLUS_HUMAN	P10909	CLUS_HUMAN	CLU	Clusterin		"tr|E7ETB4|E7ETB4_HUMAN, tr|H0YC35|H0YC35_HUMAN"	4797	688.38104	4820	532.879	712.791	40.690002	131
240419_ES_R00006_MG_c00001_SA_NPB_3_i2.05131.05131.4	D:\SHARE\Tim\25-12-03_GD_Dataset\GD_dataset\NPB_3_i2\interact.pep.xml	HNSTGCLR	HN[2319]STGCLR	RTVCREIR.HNSTGCLR.MKDQCDKC	R	M	8	4	712.8084	3148.2104	3148.1997	788.0599	788.0572	3148.2019	788.0577	-0.0022	0.001012162	17.479	0	1	0	2	0	290	297	401789024	"2N(2204.7725),6C(57.0215)"	NA	HexNAc(4)Hex(5)NeuAc(2) % 2204.7724	7.22	0	HnSTGCLR	H(0.00)N(16.32)S(0.00)T(0.00)G(0.00)C(0.00)L(0.00)R(0.00)	N2	1	H(0.00)N(12.26)S(0.00)T(0.00)G(0.00)C(0.00)L(0.00)R(0.00)	H(0)N(0)S(0)T(0)G(0)C(0)L(0)R(0)	16.322302	2	0	0	17.479496	3	12.256899	0	0	0	0	FALSE	FALSE	FALSE	sp|P10909|CLUS_HUMAN	P10909	CLUS_HUMAN	CLU	Clusterin		"tr|E7ETB4|E7ETB4_HUMAN, tr|H0YC35|H0YC35_HUMAN"	5116	726.575	5308	709.92505	790.72705	16.977001	86
240419_ES_R00006_MG_c00001_SA_NPB_3_i2.05399.05399.3	D:\SHARE\Tim\25-12-03_GD_Dataset\GD_dataset\NPB_3_i2\interact.pep.xml	GHVNITR	GHVN[1737]ITR	EGLGTNYR.GHVNITR.SGIECQLW	R	S	7	3	733.8884	2418.0435	2418.0137	807.0218	807.0118	2418.0166	807.0128	-0.0029	0.01547925	14.741	0	0.9873	0.000230947	2	0	118	124	0	4N(1622.5815)	NA	HexNAc(4)Hex(5) % 1622.5816	3.01	0	GHVnITR	G(0.00)H(0.00)V(0.00)N(14.74)I(0.00)T(0.00)R(0.00)	N4	1	G(0.00)H(0.00)V(0.00)N(11.40)I(0.00)T(0.00)R(0.00)	G(0)H(0)V(0)N(0)I(0)T(0)R(0)	14.74185	2	0	0	14.74185	2	11.404785	0	0	0	0	FALSE	FALSE	FALSE	sp|P00734|THRB_HUMAN	P00734	THRB_HUMAN	F2	Prothrombin		"tr|C9JV37|C9JV37_HUMAN, tr|E9PIT3|E9PIT3_HUMAN"	5378	0	0	0	0	0	0
240419_ES_R00006_MG_c00001_SA_NPB_3_i2.05432.05432.4	D:\SHARE\Tim\25-12-03_GD_Dataset\GD_dataset\NPB_3_i2\interact.pep.xml	GHVNITR	GHVN[2028]ITR	EGLGTNYR.GHVNITR.SGIECQLW	R	S	7	4	736.6354	2709.116	2709.1099	678.2863	678.2848	2709.1121	678.2853	-0.0022	5.67E-05	22.487	0	1	0	2	0	118	124	191340432	4N(1913.6770)	NA	HexNAc(4)Hex(5)NeuAc(1) % 1913.6770	4.54	0	GHVnITR	G(0.00)H(0.00)V(0.00)N(19.74)I(0.00)T(0.00)R(0.00)	N4	1	G(0.00)H(0.00)V(0.00)N(12.28)I(0.00)T(0.00)R(0.00)	G(0)H(0)V(0)N(0)I(0)T(0)R(0)	19.736952	4	0	0	22.487724	6	12.281273	0	0	0	0	FALSE	FALSE	FALSE	sp|P00734|THRB_HUMAN	P00734	THRB_HUMAN	F2	Prothrombin		"tr|C9JV37|C9JV37_HUMAN, tr|E9PIT3|E9PIT3_HUMAN"	5413	756.721	5676	733.268	849.96704	14.6640005	114
240419_ES_R00006_MG_c00001_SA_NPB_3_i2.05437.05437.2	D:\SHARE\Tim\25-12-03_GD_Dataset\GD_dataset\NPB_3_i2\interact.pep.xml	GHVNITR	GHVN[1737]ITR	EGLGTNYR.GHVNITR.SGIECQLW	R	S	7	2	736.9764	2418.0193	2418.021	1210.0169	1210.0178	2418.0166	1210.0156	0.0044	0.000261969	22.827	12.661	1	0	2	0	118	124	78995568	4N(1622.5815)	NA	HexNAc(4)Hex(5) % 1622.5816	3.4	0	GHVnITR	G(0.00)H(0.00)V(0.00)N(18.47)I(0.00)T(0.00)R(0.00)	N4	1	G(0.00)H(0.00)V(0.00)N(10.14)I(0.00)T(0.00)R(0.00)	G(0)H(0)V(0)N(0)I(0)T(0)R(0)	18.474611	4	0	0	22.827501	7	10.135157	0	0	0	0	FALSE	FALSE	FALSE	sp|P00734|THRB_HUMAN	P00734	THRB_HUMAN	F2	Prothrombin		"tr|C9JV37|C9JV37_HUMAN, tr|E9PIT3|E9PIT3_HUMAN"	5413	748.088	5578	733.268	801.30804	7.4000006	79
240419_ES_R00006_MG_c00001_SA_NPB_3_i2.05455.05455.2	D:\SHARE\Tim\25-12-03_GD_Dataset\GD_dataset\NPB_3_i2\interact.pep.xml	GHVNITR	GHVN[2028]ITR	EGLGTNYR.GHVNITR.SGIECQLW	R	S	7	2	738.38	2709.1165	2709.116	1355.5655	1355.5653	2709.1121	1355.5634	0.0039	0.000186102	21.421	0	1	0	2	0	118	124	247852896	4N(1913.6770)	NA	HexNAc(4)Hex(5)NeuAc(1) % 1913.6770	3.63	0	GHVnITR	G(0.00)H(0.00)V(0.00)N(18.70)I(0.00)T(0.00)R(0.00)	N4	1	G(0.00)H(0.00)V(0.00)N(11.18)I(0.00)T(0.00)R(0.00)	G(0)H(0)V(0)N(0)I(0)T(0)R(0)	18.704874	4	0	0	21.421797	6	11.176672	0	0	0	0	FALSE	FALSE	FALSE	sp|P00734|THRB_HUMAN	P00734	THRB_HUMAN	F2	Prothrombin		"tr|C9JV37|C9JV37_HUMAN, tr|E9PIT3|E9PIT3_HUMAN"	5428	756.721	5676	734.252	830.41406	26.817001	95
240419_ES_R00006_MG_c00001_SA_NPB_3_i2.05456.05456.3	D:\SHARE\Tim\25-12-03_GD_Dataset\GD_dataset\NPB_3_i2\interact.pep.xml	GHVNITR	GHVN[1737]ITR	EGLGTNYR.GHVNITR.SGIECQLW	R	S	7	3	738.4483	2418.003	2418.013	807.0083	807.0116	2418.0166	807.0128	-0.0038	0.001912053	18.374	0	0.9999	0	2	0	118	124	0	4N(1622.5815)	NA	HexNAc(4)Hex(5) % 1622.5816	3.52	0	GHVnITR	G(0.00)H(0.00)V(0.00)N(17.04)I(0.00)T(0.00)R(0.00)	N4	1	G(0.00)H(0.00)V(0.00)N(12.01)I(0.00)T(0.00)R(0.00)	G(0)H(0)V(0)N(0)I(0)T(0)R(0)	17.040958	3	0	0	18.374905	4	12.011969	0	0	0	0	FALSE	FALSE	FALSE	sp|P00734|THRB_HUMAN	P00734	THRB_HUMAN	F2	Prothrombin		"tr|C9JV37|C9JV37_HUMAN, tr|E9PIT3|E9PIT3_HUMAN"	5428	0	0	0	0	0	0
240419_ES_R00006_MG_c00001_SA_NPB_3_i2.05461.05461.2	D:\SHARE\Tim\25-12-03_GD_Dataset\GD_dataset\NPB_3_i2\interact.pep.xml	GHVNITR	GHVN[1737]ITR	EGLGTNYR.GHVNITR.SGIECQLW	R	S	7	2	738.7901	2418.0295	2418.021	1210.022	1210.0178	2418.0166	1210.0156	0.0044	0.000265766	24.802	12.635	1	0	2	0	118	124	71871040	4N(1622.5815)	NA	HexNAc(4)Hex(5) % 1622.5816	3.77	0	GHVnITR	G(0.00)H(0.00)V(0.00)N(21.59)I(0.00)T(0.00)R(0.00)	N4	1	G(0.00)H(0.00)V(0.00)N(10.76)I(0.00)T(0.00)R(0.00)	G(0)H(0)V(0)N(1)I(0)T(0)R(0)	21.58876	6	0	0	24.80289	8	10.761927	1	0	0	0	FALSE	FALSE	FALSE	sp|P00734|THRB_HUMAN	P00734	THRB_HUMAN	F2	Prothrombin		"tr|C9JV37|C9JV37_HUMAN, tr|E9PIT3|E9PIT3_HUMAN"	5428	747.32306	5569	732.22906	801.30804	7.4000006	79
240419_ES_R00006_MG_c00001_SA_NPB_3_i2.05509.05509.3	D:\SHARE\Tim\25-12-03_GD_Dataset\GD_dataset\NPB_3_i2\interact.pep.xml	GHVNITR	GHVN[1663]ITR	EGLGTNYR.GHVNITR.SGIECQLW	R	S	7	3	742.4673	2343.9731	2343.9775	782.3316	782.3331	2343.98	782.3339	-0.0024	1.22E-05	24.159	14.371	1	0	2	0	118	124	14504877	4N(1548.5448)	NA	HexNAc(3)Hex(4)NeuAc(1) % 1548.5448	5.35	0	GHVnITR	G(0.00)H(0.00)V(0.00)N(19.71)I(0.00)T(0.00)R(0.00)	N4	1	G(0.00)H(0.00)V(0.00)N(12.11)I(0.00)T(0.00)R(0.00)	G(0)H(0)V(0)N(0)I(0)T(0)R(0)	19.71355	4	0	0	24.159756	7	12.108137	0	0	0	0	FALSE	FALSE	FALSE	sp|P00734|THRB_HUMAN	P00734	THRB_HUMAN	F2	Prothrombin		"tr|C9JV37|C9JV37_HUMAN, tr|E9PIT3|E9PIT3_HUMAN"	5474	755.718	5664	735.08704	758.632	4.5220003	20
240419_ES_R00006_MG_c00001_SA_NPB_3_i2.05579.05579.3	D:\SHARE\Tim\25-12-03_GD_Dataset\GD_dataset\NPB_3_i2\interact.pep.xml	HNSTGCLR	HN[2319]STGCLR	RTVCREIR.HNSTGCLR.MKDQCDKC	R	M	8	3	748.1027	3148.2075	3148.1978	1050.4098	1050.4065	3148.2019	1050.4078	-0.0042	4.23E-05	22.994	15.085	1	0	2	0	290	297	3264264700	"2N(2204.7725),6C(57.0215)"	NA	HexNAc(4)Hex(5)NeuAc(2) % 2204.7724	5.54	0	HnSTGCLR	H(0.00)N(21.03)S(0.00)T(0.00)G(0.00)C(0.00)L(0.00)R(0.00)	N2	1	H(0.00)N(12.46)S(0.00)T(0.00)G(0.00)C(0.00)L(0.00)R(0.00)	H(0)N(1)S(0)T(0)G(0)C(0)L(0)R(0)	21.031208	5	0	0	22.994055	6	12.461006	1	0	0	0	FALSE	FALSE	FALSE	sp|P10909|CLUS_HUMAN	P10909	CLUS_HUMAN	CLU	Clusterin		"tr|E7ETB4|E7ETB4_HUMAN, tr|H0YC35|H0YC35_HUMAN"	5569	729.20105	5342	678.83606	946.804	20.472	210
240419_ES_R00006_MG_c00001_SA_NPB_3_i2.05583.05583.3	D:\SHARE\Tim\25-12-03_GD_Dataset\GD_dataset\NPB_3_i2\interact.pep.xml	GHVNITR	GHVN[1663]ITR	EGLGTNYR.GHVNITR.SGIECQLW	R	S	7	3	748.5076	2345.9868	2345.9814	783.0029	783.0011	2343.98	782.3339	2.0015	9.65E-06	25.562	4.365	1	0	2	0	118	124	8906579	4N(1548.5448)	NA	HexNAc(3)Hex(4)NeuAc(1) % 1548.5448	4.08	0	GHVnITR	G(0.00)H(0.00)V(0.00)N(25.56)I(0.00)T(0.00)R(0.00)	N4	1	G(0.00)H(0.00)V(0.00)N(14.31)I(0.00)T(0.00)R(0.00)	G(0)H(0)V(0)N(2)I(0)T(0)R(0)	25.562695	7	0	0	24.779858	7	14.306618	2	0	0	0	FALSE	FALSE	FALSE	sp|P00734|THRB_HUMAN	P00734	THRB_HUMAN	F2	Prothrombin		"tr|C9JV37|C9JV37_HUMAN, tr|E9PIT3|E9PIT3_HUMAN"	5569	751.33105	5614	735.08704	752.82904	6.3430004	14
240419_ES_R00006_MG_c00001_SA_NPB_3_i2.05584.05584.3	D:\SHARE\Tim\25-12-03_GD_Dataset\GD_dataset\NPB_3_i2\interact.pep.xml	NNSDISSTR	N[2174]NSDISSTR	ITFSWKYK.NNSDISSTR.GFPSVLRG	K	G	9	3	748.5758	3052.211	3052.1804	1018.4109	1018.4007	3052.187	1018.4029	-0.0068	1.93E-05	29.362	9.335	1	0	2	0	46	54	0	1N(2059.7349)	NA	HexNAc(4)Hex(5)Fuc(1)NeuAc(1) % 2059.7349	3.36	0	nNSDISSTR	N(28.29)N(0.00)S(0.00)D(0.00)I(0.00)S(0.00)S(0.00)T(0.00)R(0.00)	N1	1	N(14.07)N(0.00)S(0.00)D(0.00)I(0.00)S(0.00)S(0.00)T(0.00)R(0.00)	N(0)N(0)S(0)D(0)I(0)S(0)S(0)T(0)R(0)	28.287613	6	0	0	29.362616	7	14.070168	0	0	0	0	FALSE	FALSE	TRUE	sp|P01871|IGHM_HUMAN	P01871	IGHM_HUMAN	IGHM	Immunoglobulin heavy constant mu			5569	0	0	0	0	0	0
240419_ES_R00006_MG_c00001_SA_NPB_3_i2.05649.05649.2	D:\SHARE\Tim\25-12-03_GD_Dataset\GD_dataset\NPB_3_i2\interact.pep.xml	NNSDISSTR	N[2174]NSDISSTR	ITFSWKYK.NNSDISSTR.GFPSVLRG	K	G	9	2	754.4638	3052.1858	3052.1887	1527.1002	1527.1016	3052.187	1527.1008	0.0015	0.000478355	22.781	20.991	1	0	2	0	46	54	41159756	1N(2059.7349)	NA	HexNAc(4)Hex(5)Fuc(1)NeuAc(1) % 2059.7349	2.47	0	nNSDISSTR	N(22.78)N(0.00)S(0.00)D(0.00)I(0.00)S(0.00)S(0.00)T(0.00)R(0.00)	N1	1	N(11.44)N(0.00)S(0.00)D(0.00)I(0.00)S(0.00)S(0.00)T(0.00)R(0.00)	N(0)N(0)S(0)D(0)I(0)S(0)S(0)T(0)R(0)	22.781885	5	0	0	22.781885	5	11.442886	0	0	0	0	FALSE	FALSE	TRUE	sp|P01871|IGHM_HUMAN	P01871	IGHM_HUMAN	IGHM	Immunoglobulin heavy constant mu			5641	763.14703	5747	751.33105	776.29004	12.627001	34
240419_ES_R00006_MG_c00001_SA_NPB_3_i2.05656.05656.2	D:\SHARE\Tim\25-12-03_GD_Dataset\GD_dataset\NPB_3_i2\interact.pep.xml	GHVNITR	GHVN[1663]ITR	EGLGTNYR.GHVNITR.SGIECQLW	R	S	7	2	754.9672	2343.9805	2343.9836	1172.9975	1172.9991	2343.98	1172.9973	0.0037	1.46E-05	24.845	0	1	0	2	0	118	124	118407832	4N(1548.5448)	NA	HexNAc(3)Hex(4)NeuAc(1) % 1548.5448	4.79	0	GHVnITR	G(0.00)H(0.00)V(0.00)N(22.12)I(0.00)T(0.00)R(0.00)	N4	1	G(0.00)H(0.00)V(0.00)N(12.06)I(0.00)T(0.00)R(0.00)	G(0)H(0)V(0)N(0)I(0)T(0)R(0)	22.116676	5	0	0	24.845142	7	12.064367	0	0	0	0	FALSE	FALSE	FALSE	sp|P00734|THRB_HUMAN	P00734	THRB_HUMAN	F2	Prothrombin		"tr|C9JV37|C9JV37_HUMAN, tr|E9PIT3|E9PIT3_HUMAN"	5647	769.348	5813	748.088	799.46204	15.967001	62
240419_ES_R00006_MG_c00001_SA_NPB_3_i2.05672.05672.2	D:\SHARE\Tim\25-12-03_GD_Dataset\GD_dataset\NPB_3_i2\interact.pep.xml	HNSTGCLR	HN[2319]STGCLR	RTVCREIR.HNSTGCLR.MKDQCDKC	R	M	8	2	756.3643	3149.223	3149.2175	1575.6188	1575.616	3148.2019	1575.1083	1.0156	0.00110535	16.326	0	1	0	2	0	290	297	0	"2N(2204.7725),6C(57.0215)"	NA	HexNAc(4)Hex(5)NeuAc(2) % 2204.7724	2.37	0	HnSTGCLR	H(0.00)N(15.15)S(0.00)T(0.00)G(0.00)C(0.00)L(0.00)R(0.00)	N2	1	H(0.00)N(11.05)S(0.00)T(0.00)G(0.00)C(0.00)L(0.00)R(0.00)	H(0)N(0)S(0)T(0)G(0)C(0)L(0)R(0)	15.148249	2	0	0	16.326288	3	11.047857	0	0	0	0	FALSE	FALSE	FALSE	sp|P10909|CLUS_HUMAN	P10909	CLUS_HUMAN	CLU	Clusterin		"tr|E7ETB4|E7ETB4_HUMAN, tr|H0YC35|H0YC35_HUMAN"	5655	0	0	0	0	0	0
240419_ES_R00006_MG_c00001_SA_NPB_3_i2.05677.05677.2	D:\SHARE\Tim\25-12-03_GD_Dataset\GD_dataset\NPB_3_i2\interact.pep.xml	NNSDISSTR	N[2174]NSDISSTR	ITFSWKYK.NNSDISSTR.GFPSVLRG	K	G	9	2	756.7363	3052.1912	3052.1887	1527.1029	1527.1016	3052.187	1527.1008	0.0015	0.000329989	23.426	20.999	1	0	2	0	46	54	47033196	1N(2059.7349)	NA	HexNAc(4)Hex(5)Fuc(1)NeuAc(1) % 2059.7349	3.69	0	nNSDISSTR	N(20.78)N(0.00)S(0.00)D(0.00)I(0.00)S(0.00)S(0.00)T(0.00)R(0.00)	N1	1	N(10.07)N(0.00)S(0.00)D(0.00)I(0.00)S(0.00)S(0.00)T(0.00)R(0.00)	N(0)N(0)S(0)D(0)I(0)S(0)S(0)T(0)R(0)	20.783623	5	0	0	23.426529	7	10.068861	0	0	0	0	FALSE	FALSE	TRUE	sp|P01871|IGHM_HUMAN	P01871	IGHM_HUMAN	IGHM	Immunoglobulin heavy constant mu			5664	761.24005	5726	751.69006	772.682	12.627001	30
240419_ES_R00006_MG_c00001_SA_NPB_3_i2.05756.05756.4	D:\SHARE\Tim\25-12-03_GD_Dataset\GD_dataset\NPB_3_i2\interact.pep.xml	HNSTGCLR	HN[2319]STGCLR	RTVCREIR.HNSTGCLR.MKDQCDKC	R	M	8	4	763.9874	3148.2036	3148.1997	788.0582	788.0572	3148.2019	788.0577	-0.0022	5.01E-05	24.7	7.457	0.9999	0	2	0	290	297	61025576	"2N(2204.7725),6C(57.0215)"	NA	HexNAc(4)Hex(5)NeuAc(2) % 2204.7724	7.28	0	HnSTGCLR	H(0.00)N(20.92)S(0.00)T(0.00)G(0.00)C(0.00)L(0.00)R(0.00)	N2	1	H(0.00)N(12.33)S(0.00)T(0.00)G(0.00)C(0.00)L(0.00)R(0.00)	H(0)N(0)S(0)T(0)G(0)C(0)L(0)R(0)	20.916063	4	0	0	24.700592	6	12.329882	0	0	0	0	FALSE	FALSE	FALSE	sp|P10909|CLUS_HUMAN	P10909	CLUS_HUMAN	CLU	Clusterin		"tr|E7ETB4|E7ETB4_HUMAN, tr|H0YC35|H0YC35_HUMAN"	5747	745.86505	5553	709.92505	791.76	16.977001	86
240419_ES_R00006_MG_c00001_SA_NPB_3_i2.05759.05759.3	D:\SHARE\Tim\25-12-03_GD_Dataset\GD_dataset\NPB_3_i2\interact.pep.xml	GHVNITR	GHVN[1663]ITR	EGLGTNYR.GHVNITR.SGIECQLW	R	S	7	3	764.221	2343.9834	2343.9805	782.3351	782.3341	2343.98	782.3339	6.00E-04	4.14E-05	23.031	0	1	0	2	0	118	124	15344938	4N(1548.5448)	NA	HexNAc(3)Hex(4)NeuAc(1) % 1548.5448	7.11	0	GHVnITR	G(0.00)H(0.00)V(0.00)N(22.96)I(0.00)T(0.00)R(0.00)	N4	1	G(0.00)H(0.00)V(0.00)N(12.20)I(0.00)T(0.00)R(0.00)	G(0)H(0)V(0)N(1)I(0)T(0)R(0)	22.962555	6	0	0	23.031796	6	12.204126	1	0	0	0	FALSE	FALSE	FALSE	sp|P00734|THRB_HUMAN	P00734	THRB_HUMAN	F2	Prothrombin		"tr|C9JV37|C9JV37_HUMAN, tr|E9PIT3|E9PIT3_HUMAN"	5754	764.989	5765	763.778	765.911	2.1330001	4
240419_ES_R00006_MG_c00001_SA_NPB_3_i2.05763.05763.3	D:\SHARE\Tim\25-12-03_GD_Dataset\GD_dataset\NPB_3_i2\interact.pep.xml	GHVNITR	GHVN[1737]ITR	EGLGTNYR.GHVNITR.SGIECQLW	R	S	7	3	764.7722	2420.0242	2420.0166	807.682	807.6795	2418.0166	807.0128	2	0.000747739	21.005	10.65	1	0	2	0	118	124	15596247	4N(1622.5815)	NA	HexNAc(4)Hex(5) % 1622.5816	2.24	0	GHVnITR	G(0.00)H(0.00)V(0.00)N(19.73)I(0.00)T(0.00)R(0.00)	N4	1	G(0.00)H(0.00)V(0.00)N(12.12)I(0.00)T(0.00)R(0.00)	G(0)H(0)V(0)N(0)I(0)T(0)R(0)	19.734089	4	0	0	21.005465	5	12.122576	0	0	0	0	FALSE	FALSE	FALSE	sp|P00734|THRB_HUMAN	P00734	THRB_HUMAN	F2	Prothrombin		"tr|C9JV37|C9JV37_HUMAN, tr|E9PIT3|E9PIT3_HUMAN"	5758	765.911	5774	763.778	766.684	2.1330001	4
240419_ES_R00006_MG_c00001_SA_NPB_3_i2.05795.05795.3	D:\SHARE\Tim\25-12-03_GD_Dataset\GD_dataset\NPB_3_i2\interact.pep.xml	NNSDISSTR	N[2174]NSDISSTR	ITFSWKYK.NNSDISSTR.GFPSVLRG	K	G	9	3	767.7567	3052.1897	3052.181	1018.4038	1018.4009	3052.187	1018.4029	-0.0063	1.29E-06	35.063	9.684	1	0	2	0	46	54	596088130	1N(2059.7349)	NA	HexNAc(4)Hex(5)Fuc(1)NeuAc(1) % 2059.7349	2.94	0	nNSDISSTR	N(33.81)N(0.00)S(0.00)D(0.00)I(0.00)S(0.00)S(0.00)T(0.00)R(0.00)	N1	1	N(14.26)N(0.00)S(0.00)D(0.00)I(0.00)S(0.00)S(0.00)T(0.00)R(0.00)	N(0)N(0)S(0)D(0)I(0)S(0)S(0)T(0)R(0)	33.81375	8	0	0	35.063366	9	14.261217	0	0	0	0	FALSE	FALSE	TRUE	sp|P01871|IGHM_HUMAN	P01871	IGHM_HUMAN	IGHM	Immunoglobulin heavy constant mu			5790	764.56305	5761	746.49603	874.94104	16.964	120
240419_ES_R00006_MG_c00001_SA_NPB_3_i2.05847.05847.3	D:\SHARE\Tim\25-12-03_GD_Dataset\GD_dataset\NPB_3_i2\interact.pep.xml	GHVNITR	GHVN[2028]ITR	EGLGTNYR.GHVNITR.SGIECQLW	R	S	7	3	772.6964	2709.1162	2709.108	904.046	904.0433	2709.1121	904.0446	-0.0042	0.000148423	24.814	15.178	1	0	2	0	118	124	10852973600	4N(1913.6770)	NA	HexNAc(4)Hex(5)NeuAc(1) % 1913.6770	4.19	0	GHVnITR	G(0.00)H(0.00)V(0.00)N(22.64)I(0.00)T(0.00)R(0.00)	N4	1	G(0.00)H(0.00)V(0.00)N(14.41)I(0.00)T(0.00)R(0.00)	G(0)H(0)V(0)N(1)I(0)T(0)R(0)	22.639889	5	0	0	24.814636	7	14.4100065	1	0	0	0	FALSE	FALSE	FALSE	sp|P00734|THRB_HUMAN	P00734	THRB_HUMAN	F2	Prothrombin		"tr|C9JV37|C9JV37_HUMAN, tr|E9PIT3|E9PIT3_HUMAN"	5840	764.56305	5761	725.317	1100.724	34.595	308
240419_ES_R00006_MG_c00001_SA_NPB_3_i2.05855.05855.4	D:\SHARE\Tim\25-12-03_GD_Dataset\GD_dataset\NPB_3_i2\interact.pep.xml	HNSTGCLR	HN[2319]STGCLR	RTVCREIR.HNSTGCLR.MKDQCDKC	R	M	8	4	773.3982	3148.205	3148.1985	788.0585	788.0569	3148.2019	788.0577	-0.0034	0.003347729	17.401	6.977	0.9995	0	2	0	290	297	15703752	"2N(2204.7725),6C(57.0215)"	NA	HexNAc(4)Hex(5)NeuAc(2) % 2204.7724	6.47	0	HnSTGCLR	H(0.00)N(16.38)S(0.00)T(0.00)G(0.00)C(0.00)L(0.00)R(0.00)	N2	1	H(0.00)N(12.31)S(0.00)T(0.00)G(0.00)C(0.00)L(0.00)R(0.00)	H(0)N(0)S(0)T(0)G(0)C(0)L(0)R(0)	16.378113	2	0	0	17.401642	3	12.313294	0	0	0	0	FALSE	FALSE	FALSE	sp|P10909|CLUS_HUMAN	P10909	CLUS_HUMAN	CLU	Clusterin		"tr|E7ETB4|E7ETB4_HUMAN, tr|H0YC35|H0YC35_HUMAN"	5846	770.69904	5826	769.348	779.283	2.7710001	18
240419_ES_R00006_MG_c00001_SA_NPB_3_i2.05864.05864.3	D:\SHARE\Tim\25-12-03_GD_Dataset\GD_dataset\NPB_3_i2\interact.pep.xml	GHVNITR	GHVN[1737]ITR	EGLGTNYR.GHVNITR.SGIECQLW	R	S	7	3	774.4738	2419.031	2419.014	807.3509	807.3453	2418.0166	807.0128	0.9973	0.000869961	20.742	13.206	1	0	2	0	118	124	0	4N(1622.5815)	NA	HexNAc(4)Hex(5) % 1622.5816	2.81	0	GHVnITR	G(0.00)H(0.00)V(0.00)N(17.99)I(0.00)T(0.00)R(0.00)	N4	1	G(0.00)H(0.00)V(0.00)N(12.27)I(0.00)T(0.00)R(0.00)	G(0)H(0)V(0)N(0)I(0)T(0)R(0)	17.988445	3	0	0	20.742352	5	12.274931	0	0	0	0	FALSE	FALSE	FALSE	sp|P00734|THRB_HUMAN	P00734	THRB_HUMAN	F2	Prothrombin		"tr|C9JV37|C9JV37_HUMAN, tr|E9PIT3|E9PIT3_HUMAN"	5856	0	0	0	0	0	0
240419_ES_R00006_MG_c00001_SA_NPB_3_i2.05975.05975.3	D:\SHARE\Tim\25-12-03_GD_Dataset\GD_dataset\NPB_3_i2\interact.pep.xml	GHVNITR	GHVN[2319]ITR	EGLGTNYR.GHVNITR.SGIECQLW	R	S	7	3	784.1071	3000.217	3000.2021	1001.0796	1001.0746	3000.2075	1001.0764	-0.0054	0.005348722	16.587	0	0.9984	0	2	0	118	124	8570736	4N(2204.7725)	NA	HexNAc(4)Hex(5)NeuAc(2) % 2204.7724	4.3	0	GHVnITR	G(0.00)H(0.00)V(0.00)N(15.33)I(0.00)T(0.00)R(0.00)	N4	1	G(0.00)H(0.00)V(0.00)N(8.66)I(0.00)T(0.00)R(0.00)	G(0)H(0)V(0)N(0)I(0)T(0)R(0)	15.330669	3	0	0	16.58707	4	8.657417	0	0	0	0	FALSE	FALSE	FALSE	sp|P00734|THRB_HUMAN	P00734	THRB_HUMAN	F2	Prothrombin		"tr|C9JV37|C9JV37_HUMAN, tr|E9PIT3|E9PIT3_HUMAN"	5960	796.03705	6122	778.65906	841.43005	21.543001	43
240419_ES_R00006_MG_c00001_SA_NPB_3_i2.06034.06034.3	D:\SHARE\Tim\25-12-03_GD_Dataset\GD_dataset\NPB_3_i2\interact.pep.xml	GHVNITR	GHVN[2319]ITR	EGLGTNYR.GHVNITR.SGIECQLW	R	S	7	3	789.0548	3000.2163	3000.202	1001.0794	1001.0746	3000.2075	1001.0764	-0.0056	0.00175489	18.523	0	1	0	2	0	118	124	8570736	4N(2204.7725)	NA	HexNAc(4)Hex(5)NeuAc(2) % 2204.7724	4.46	0	GHVnITR	G(0.00)H(0.00)V(0.00)N(18.52)I(0.00)T(0.00)R(0.00)	N4	1	G(0.00)H(0.00)V(0.00)N(12.18)I(0.00)T(0.00)R(0.00)	G(0)H(0)V(0)N(0)I(0)T(0)R(0)	18.523249	3	0	0	18.523249	3	12.181417	0	0	0	0	FALSE	FALSE	FALSE	sp|P00734|THRB_HUMAN	P00734	THRB_HUMAN	F2	Prothrombin		"tr|C9JV37|C9JV37_HUMAN, tr|E9PIT3|E9PIT3_HUMAN"	6014	796.03705	6122	778.65906	841.43005	21.543001	43
240419_ES_R00006_MG_c00001_SA_NPB_3_i2.06168.06168.4	D:\SHARE\Tim\25-12-03_GD_Dataset\GD_dataset\NPB_3_i2\interact.pep.xml	GHVNITR	GHVN[2028]ITR	EGLGTNYR.GHVNITR.SGIECQLW	R	S	7	4	799.6729	2709.118	2709.1108	678.2868	678.285	2709.1121	678.2853	-0.0013	0.001979248	19.314	0	0.9999	0	2	0	118	124	49336848	4N(1913.6770)	NA	HexNAc(4)Hex(5)NeuAc(1) % 1913.6770	5.47	0	GHVnITR	G(0.00)H(0.00)V(0.00)N(19.31)I(0.00)T(0.00)R(0.00)	N4	1	G(0.00)H(0.00)V(0.00)N(12.12)I(0.00)T(0.00)R(0.00)	G(0)H(0)V(0)N(0)I(0)T(0)R(0)	19.314518	4	0	0	19.314518	4	12.118328	0	0	0	0	FALSE	FALSE	FALSE	sp|P00734|THRB_HUMAN	P00734	THRB_HUMAN	F2	Prothrombin		"tr|C9JV37|C9JV37_HUMAN, tr|E9PIT3|E9PIT3_HUMAN"	6135	777.95703	5902	733.268	849.96704	14.6640005	114
240419_ES_R00006_MG_c00001_SA_NPB_3_i2.06193.06193.2	D:\SHARE\Tim\25-12-03_GD_Dataset\GD_dataset\NPB_3_i2\interact.pep.xml	GHVNITR	GHVN[2028]ITR	EGLGTNYR.GHVNITR.SGIECQLW	R	S	7	2	801.5875	2709.1157	2709.116	1355.5651	1355.5653	2709.1121	1355.5634	0.0039	0.002694635	17.778	0	0.9999	0	2	0	118	124	9530304	4N(1913.6770)	NA	HexNAc(4)Hex(5)NeuAc(1) % 1913.6770	4.13	0	GHVnITR	G(0.00)H(0.00)V(0.00)N(15.04)I(0.00)T(0.00)R(0.00)	N4	1	G(0.00)H(0.00)V(0.00)N(9.69)I(0.00)T(0.00)R(0.00)	G(0)H(0)V(0)N(0)I(0)T(0)R(0)	15.044968	3	0	0	17.778263	5	9.687679	0	0	0	0	FALSE	FALSE	FALSE	sp|P00734|THRB_HUMAN	P00734	THRB_HUMAN	F2	Prothrombin		"tr|C9JV37|C9JV37_HUMAN, tr|E9PIT3|E9PIT3_HUMAN"	6166	797.132	6135	734.252	829.187	26.817001	95
240419_ES_R00006_MG_c00001_SA_NPB_3_i2.06204.06204.3	D:\SHARE\Tim\25-12-03_GD_Dataset\GD_dataset\NPB_3_i2\interact.pep.xml	GHVNITR	GHVN[1737]ITR	EGLGTNYR.GHVNITR.SGIECQLW	R	S	7	3	802.357	2418.01	2418.018	807.0106	807.0133	2418.0166	807.0128	0.0015	0.07455898	13.01	0	0.9518	0.000230947	2	0	118	124	2423400.8	4N(1622.5815)	NA	HexNAc(4)Hex(5) % 1622.5816	3.77	0	GHVnITR	G(0.00)H(0.00)V(0.00)N(13.01)I(0.00)T(0.00)R(0.00)	N4	1	G(0.00)H(0.00)V(0.00)N(9.49)I(0.00)T(0.00)R(0.00)	G(0)H(0)V(0)N(0)I(0)T(0)R(0)	13.010242	2	0	0	13.010242	2	9.493168	0	0	0	0	FALSE	FALSE	FALSE	sp|P00734|THRB_HUMAN	P00734	THRB_HUMAN	F2	Prothrombin		"tr|C9JV37|C9JV37_HUMAN, tr|E9PIT3|E9PIT3_HUMAN"	6166	794.49805	6102	790.72705	818.085	11.304001	17
240419_ES_R00006_MG_c00001_SA_NPB_3_i2.06290.06290.3	D:\SHARE\Tim\25-12-03_GD_Dataset\GD_dataset\NPB_3_i2\interact.pep.xml	HNSTGCLR	HN[2319]STGCLR	RTVCREIR.HNSTGCLR.MKDQCDKC	R	M	8	3	809.0089	3148.2085	3148.1975	1050.4101	1050.4064	3148.2019	1050.4078	-0.0044	0.000182915	19.451	0	1	0	2	0	290	297	24530040	"2N(2204.7725),6C(57.0215)"	NA	HexNAc(4)Hex(5)NeuAc(2) % 2204.7724	5.92	0	HnSTGCLR	H(0.00)N(18.21)S(0.00)T(0.00)G(0.00)C(0.00)L(0.00)R(0.00)	N2	1	H(0.00)N(11.94)S(0.00)T(0.00)G(0.00)C(0.00)L(0.00)R(0.00)	H(0)N(0)S(0)T(0)G(0)C(0)L(0)R(0)	18.213474	3	0	0	19.451267	4	11.935361	0	0	0	0	FALSE	FALSE	FALSE	sp|P10909|CLUS_HUMAN	P10909	CLUS_HUMAN	CLU	Clusterin		"tr|E7ETB4|E7ETB4_HUMAN, tr|H0YC35|H0YC35_HUMAN"	6276	794.49805	6102	678.83606	946.804	20.472	210
240419_ES_R00006_MG_c00001_SA_NPB_3_i2.06412.06412.2	D:\SHARE\Tim\25-12-03_GD_Dataset\GD_dataset\NPB_3_i2\interact.pep.xml	GHVNITR	GHVN[1663]ITR	EGLGTNYR.GHVNITR.SGIECQLW	R	S	7	2	818.3666	2344.009	2343.9841	1173.0118	1172.9993	2343.98	1172.9973	0.0042	0.001516177	15.777	0	1	0	2	0	118	124	8837612	4N(1548.5448)	NA	HexNAc(3)Hex(4)NeuAc(1) % 1548.5448	4.94	0	GHVnITR	G(0.00)H(0.00)V(0.00)N(15.78)I(0.00)T(0.00)R(0.00)	N4	1	G(0.00)H(0.00)V(0.00)N(10.23)I(0.00)T(0.00)R(0.00)	G(0)H(0)V(0)N(0)I(0)T(0)R(0)	15.777384	3	0	0	15.777384	3	10.230823	0	0	0	0	FALSE	FALSE	FALSE	sp|P00734|THRB_HUMAN	P00734	THRB_HUMAN	F2	Prothrombin		"tr|C9JV37|C9JV37_HUMAN, tr|E9PIT3|E9PIT3_HUMAN"	6386	799.46204	6166	752.82904	821.98505	12.498	69
240419_ES_R00006_MG_c00001_SA_NPB_3_i2.06587.06587.3	D:\SHARE\Tim\25-12-03_GD_Dataset\GD_dataset\NPB_3_i2\interact.pep.xml	NNSDISSTR	N[2174]NSDISSTR	ITFSWKYK.NNSDISSTR.GFPSVLRG	K	G	9	3	831.7399	3052.2017	3052.1807	1018.4078	1018.4008	3052.187	1018.4029	-0.0063	0.004260886	15.982	0	0.9986	0	2	0	46	54	4164446	1N(2059.7349)	NA	HexNAc(4)Hex(5)Fuc(1)NeuAc(1) % 2059.7349	-0.21	0	nNSDISSTR	N(15.98)N(0.00)S(0.00)D(0.00)I(0.00)S(0.00)S(0.00)T(0.00)R(0.00)	N1	1	N(9.95)N(0.00)S(0.00)D(0.00)I(0.00)S(0.00)S(0.00)T(0.00)R(0.00)	N(0)N(0)S(0)D(0)I(0)S(0)S(0)T(0)R(0)	15.982342	3	0	0	15.982342	3	9.951477	0	0	0	0	FALSE	FALSE	TRUE	sp|P01871|IGHM_HUMAN	P01871	IGHM_HUMAN	IGHM	Immunoglobulin heavy constant mu			6571	810.934	6315	747.32306	856.45807	16.964	108
240419_ES_R00006_MG_c00001_SA_NPB_3_i2.06620.06620.3	D:\SHARE\Tim\25-12-03_GD_Dataset\GD_dataset\NPB_3_i2\interact.pep.xml	GHVNITR	GHVN[2028]ITR	EGLGTNYR.GHVNITR.SGIECQLW	R	S	7	3	834.2148	2709.118	2709.108	904.0466	904.0433	2709.1121	904.0446	-0.0042	1.94E-05	24.345	14.548	1	0	2	0	118	124	52029392	4N(1913.6770)	NA	HexNAc(4)Hex(5)NeuAc(1) % 1913.6770	4.58	0	GHVnITR	G(0.00)H(0.00)V(0.00)N(21.08)I(0.00)T(0.00)R(0.00)	N4	1	G(0.00)H(0.00)V(0.00)N(12.66)I(0.00)T(0.00)R(0.00)	G(0)H(0)V(0)N(1)I(0)T(0)R(0)	21.075613	5	0	0	24.345634	7	12.657892	1	0	0	0	FALSE	FALSE	FALSE	sp|P00734|THRB_HUMAN	P00734	THRB_HUMAN	F2	Prothrombin		"tr|C9JV37|C9JV37_HUMAN, tr|E9PIT3|E9PIT3_HUMAN"	6604	834.19507	6619	726.575	1100.724	34.595	309
240419_ES_R00006_MG_c00001_SA_NPB_3_i2.06983.06983.3	D:\SHARE\Tim\25-12-03_GD_Dataset\GD_dataset\NPB_3_i2\interact.pep.xml	NNSDISSTR	N[2174]NSDISSTR	ITFSWKYK.NNSDISSTR.GFPSVLRG	K	G	9	3	863.1876	3052.1848	3052.181	1018.4022	1018.4009	3052.187	1018.4029	-0.0063	0.01033951	9.442	0	0.9918	0	2	0	46	54	3102182	1N(2059.7349)	NA	HexNAc(4)Hex(5)Fuc(1)NeuAc(1) % 2059.7349	-1.99	0.001120448	nNSDISSTR	N(9.44)N(0.00)S(0.00)D(0.00)I(0.00)S(0.00)S(0.00)T(0.00)R(0.00)	N1	1	N(5.60)N(0.00)S(0.00)D(0.00)I(0.00)S(0.00)S(0.00)T(0.00)R(0.00)	N(0)N(0)S(0)D(0)I(0)S(0)S(0)T(0)R(0)	9.442556	2	0	0	9.442556	2	5.5967093	0	0	0	0	FALSE	FALSE	TRUE	sp|P01871|IGHM_HUMAN	P01871	IGHM_HUMAN	IGHM	Immunoglobulin heavy constant mu			6954	851.37506	6835	746.49603	874.94104	16.964	120
240419_ES_R00006_MG_c00001_SA_NPB_3_i2.07079.07079.3	D:\SHARE\Tim\25-12-03_GD_Dataset\GD_dataset\NPB_3_i2\interact.pep.xml	GHVNITR	GHVN[2319]ITR	EGLGTNYR.GHVNITR.SGIECQLW	R	S	7	3	871.3518	3001.2266	3001.2058	1001.4161	1001.4092	3000.2075	1001.0764	0.9983	0.03806273	12.178	0	0.9295	0.000230947	2	0	118	124	0	4N(2204.7725)	NA	HexNAc(4)Hex(5)NeuAc(2) % 2204.7724	3.21	0	GHVnITR	G(0.00)H(0.00)V(0.00)N(12.18)I(0.00)T(0.00)R(0.00)	N4	1	G(0.00)H(0.00)V(0.00)N(7.67)I(0.00)T(0.00)R(0.00)	G(0)H(0)V(0)N(0)I(0)T(0)R(0)	12.178278	2	0	0	12.178278	2	7.6709733	0	0	0	0	FALSE	FALSE	FALSE	sp|P00734|THRB_HUMAN	P00734	THRB_HUMAN	F2	Prothrombin		"tr|C9JV37|C9JV37_HUMAN, tr|E9PIT3|E9PIT3_HUMAN"	7047	0	0	0	0	0	0
240419_ES_R00006_MG_c00001_SA_NPB_3_i2.07085.07085.3	D:\SHARE\Tim\25-12-03_GD_Dataset\GD_dataset\NPB_3_i2\interact.pep.xml	HNSTGCLR	HN[2319]STGCLR	RTVCREIR.HNSTGCLR.MKDQCDKC	R	M	8	3	871.7909	3148.19	3148.1975	1050.4039	1050.4064	3148.2019	1050.4078	-0.0044	0.02642408	10.812	0	0.9853	0.000230947	2	0	290	297	32450650	"2N(2204.7725),6C(57.0215)"	NA	HexNAc(4)Hex(5)NeuAc(2) % 2204.7724	5.04	0	HnSTGCLR	H(0.00)N(9.66)S(0.00)T(0.00)G(0.00)C(0.00)L(0.00)R(0.00)	N2	1	H(0.00)N(6.03)S(0.00)T(0.00)G(0.00)C(0.00)L(0.00)R(0.00)	H(0)N(0)S(0)T(0)G(0)C(0)L(0)R(0)	9.663956	2	0	0	10.812309	3	6.0333166	0	0	0	0	FALSE	FALSE	FALSE	sp|P10909|CLUS_HUMAN	P10909	CLUS_HUMAN	CLU	Clusterin		"tr|E7ETB4|E7ETB4_HUMAN, tr|H0YC35|H0YC35_HUMAN"	7066	878.61206	7173	678.83606	946.804	20.472	208
240419_ES_R00006_MG_c00001_SA_NPB_3_i2.07406.07406.3	D:\SHARE\Tim\25-12-03_GD_Dataset\GD_dataset\NPB_3_i2\interact.pep.xml	GHVNITR	GHVN[2028]ITR	EGLGTNYR.GHVNITR.SGIECQLW	R	S	7	3	896.7343	2709.1167	2709.108	904.0462	904.0433	2709.1121	904.0446	-0.0042	2.91E-05	26.642	14.692	1	0	2	0	118	124	26041302	4N(1913.6770)	NA	HexNAc(4)Hex(5)NeuAc(1) % 1913.6770	5.02	0	GHVnITR	G(0.00)H(0.00)V(0.00)N(22.20)I(0.00)T(0.00)R(0.00)	N4	1	G(0.00)H(0.00)V(0.00)N(12.25)I(0.00)T(0.00)R(0.00)	G(0)H(0)V(0)N(0)I(0)T(0)R(0)	22.196804	5	0	0	26.642628	8	12.252726	0	0	0	0	FALSE	FALSE	FALSE	sp|P00734|THRB_HUMAN	P00734	THRB_HUMAN	F2	Prothrombin		"tr|C9JV37|C9JV37_HUMAN, tr|E9PIT3|E9PIT3_HUMAN"	7382	877.08606	7153	725.317	1100.724	34.595	308
240419_ES_R00006_MG_c00001_SA_NPB_3_i2.07438.07438.3	D:\SHARE\Tim\25-12-03_GD_Dataset\GD_dataset\NPB_3_i2\interact.pep.xml	HNSTGCLR	HN[2319]STGCLR	RTVCREIR.HNSTGCLR.MKDQCDKC	R	M	8	3	899.3591	3148.1992	3148.1978	1050.407	1050.4065	3148.2019	1050.4078	-0.0042	0.01425608	12.884	0	0.9916	0	2	0	290	297	32450650	"2N(2204.7725),6C(57.0215)"	NA	HexNAc(4)Hex(5)NeuAc(2) % 2204.7724	5.07	0	HnSTGCLR	H(0.00)N(11.45)S(0.00)T(0.00)G(0.00)C(0.00)L(0.00)R(0.00)	N2	1	H(0.00)N(7.96)S(0.00)T(0.00)G(0.00)C(0.00)L(0.00)R(0.00)	H(0)N(0)S(0)T(0)G(0)C(0)L(0)R(0)	11.445276	2	0	0	12.884638	3	7.9639444	0	0	0	0	FALSE	FALSE	FALSE	sp|P10909|CLUS_HUMAN	P10909	CLUS_HUMAN	CLU	Clusterin		"tr|E7ETB4|E7ETB4_HUMAN, tr|H0YC35|H0YC35_HUMAN"	7417	878.61206	7173	678.83606	946.804	20.472	210
240419_ES_R00006_MG_c00001_SA_NPB_3_i2.07986.07986.2	D:\SHARE\Tim\25-12-03_GD_Dataset\GD_dataset\NPB_3_i2\interact.pep.xml	GHVNITR	GHVN[1663]ITR	EGLGTNYR.GHVNITR.SGIECQLW	R	S	7	2	945.1967	2343.9949	2343.9824	1173.0047	1172.9985	2343.98	1172.9973	0.0024	3.64E-05	22.255	12.288	1	0	2	0	118	124	595512060	4N(1548.5448)	NA	HexNAc(3)Hex(4)NeuAc(1) % 1548.5448	5.75	0	GHVnITR	G(0.00)H(0.00)V(0.00)N(17.85)I(0.00)T(0.00)R(0.00)	N4	1	G(0.00)H(0.00)V(0.00)N(10.24)I(0.00)T(0.00)R(0.00)	G(0)H(0)V(0)N(0)I(0)T(0)R(0)	17.851547	4	0	0	22.255236	7	10.235901	0	0	0	0	FALSE	FALSE	FALSE	sp|P00734|THRB_HUMAN	P00734	THRB_HUMAN	F2	Prothrombin		"tr|C9JV37|C9JV37_HUMAN, tr|E9PIT3|E9PIT3_HUMAN"	7946	958.4	8149	940.63904	1043.529	11.214001	102
240419_ES_R00006_MG_c00001_SA_NPB_3_i2.07987.07987.2	D:\SHARE\Tim\25-12-03_GD_Dataset\GD_dataset\NPB_3_i2\interact.pep.xml	GHVNITR	GHVN[2028]ITR	EGLGTNYR.GHVNITR.SGIECQLW	R	S	7	2	945.2649	2709.1191	2709.114	1355.5668	1355.5643	2709.1121	1355.5634	0.002	0.000184501	21.436	11.445	1	0	2	0	118	124	379515168	4N(1913.6770)	NA	HexNAc(4)Hex(5)NeuAc(1) % 1913.6770	4.22	0	GHVnITR	G(0.00)H(0.00)V(0.00)N(18.26)I(0.00)T(0.00)R(0.00)	N4	1	G(0.00)H(0.00)V(0.00)N(9.68)I(0.00)T(0.00)R(0.00)	G(0)H(0)V(0)N(1)I(0)T(0)R(0)	18.255062	5	0	0	21.436853	7	9.678163	1	0	0	0	FALSE	FALSE	FALSE	sp|P00734|THRB_HUMAN	P00734	THRB_HUMAN	F2	Prothrombin		"tr|C9JV37|C9JV37_HUMAN, tr|E9PIT3|E9PIT3_HUMAN"	7946	958.4	8149	938.07605	1018.85205	12.549001	92
240419_ES_R00006_MG_c00001_SA_NPB_3_i2.08008.08008.4	D:\SHARE\Tim\25-12-03_GD_Dataset\GD_dataset\NPB_3_i2\interact.pep.xml	GHVNITR	GHVN[2319]ITR	EGLGTNYR.GHVNITR.SGIECQLW	R	S	7	4	946.8192	3000.2136	3000.2058	751.0607	751.0587	3000.2075	751.0591	-0.0017	1.81E-05	26.469	14.698	0.9993	0	2	0	118	124	4608985100	4N(2204.7725)	NA	HexNAc(4)Hex(5)NeuAc(2) % 2204.7724	7.35	0	GHVnITR	G(0.00)H(0.00)V(0.00)N(22.04)I(0.00)T(0.00)R(0.00)	N4	1	G(0.00)H(0.00)V(0.00)N(12.36)I(0.00)T(0.00)R(0.00)	G(0)H(0)V(0)N(0)I(0)T(0)R(0)	22.040802	5	0	0	26.469599	8	12.356028	0	0	0	0	FALSE	FALSE	FALSE	sp|P00734|THRB_HUMAN	P00734	THRB_HUMAN	F2	Prothrombin		"tr|C9JV37|C9JV37_HUMAN, tr|E9PIT3|E9PIT3_HUMAN"	7976	959.327	8158	921.69507	1386.343	20.715	294
240419_ES_R00006_MG_c00001_SA_NPB_3_i2.08016.08016.2	D:\SHARE\Tim\25-12-03_GD_Dataset\GD_dataset\NPB_3_i2\interact.pep.xml	GHVNITR	GHVN[2319]ITR	EGLGTNYR.GHVNITR.SGIECQLW	R	S	7	2	947.4924	3000.2134	3000.2114	1501.114	1501.113	3000.2075	1501.1111	0.0039	4.87E-05	23.751	11.867	1	0	2	0	118	124	2643060740	4N(2204.7725)	NA	HexNAc(4)Hex(5)NeuAc(2) % 2204.7724	4.51	0	GHVnITR	G(0.00)H(0.00)V(0.00)N(19.38)I(0.00)T(0.00)R(0.00)	N4	1	G(0.00)H(0.00)V(0.00)N(9.56)I(0.00)T(0.00)R(0.00)	G(0)H(0)V(0)N(0)I(0)T(0)R(0)	19.379986	5	0	0	23.751877	8	9.564024	0	0	0	0	FALSE	FALSE	FALSE	sp|P00734|THRB_HUMAN	P00734	THRB_HUMAN	F2	Prothrombin		"tr|C9JV37|C9JV37_HUMAN, tr|E9PIT3|E9PIT3_HUMAN"	7976	958.4	8149	942.176	1046.159	8.347	102
240419_ES_R00006_MG_c00001_SA_NPB_3_i2.08046.08046.3	D:\SHARE\Tim\25-12-03_GD_Dataset\GD_dataset\NPB_3_i2\interact.pep.xml	GHVNITR	GHVN[1663]ITR	EGLGTNYR.GHVNITR.SGIECQLW	R	S	7	3	949.7315	2343.9827	2343.9814	782.3348	782.3344	2343.98	782.3339	0.0015	1.71E-05	24.566	5.317	1	0	2	0	118	124	119062432	4N(1548.5448)	NA	HexNAc(3)Hex(4)NeuAc(1) % 1548.5448	6.44	0	GHVnITR	G(0.00)H(0.00)V(0.00)N(24.22)I(0.00)T(0.00)R(0.00)	N4	1	G(0.00)H(0.00)V(0.00)N(13.92)I(0.00)T(0.00)R(0.00)	G(0)H(0)V(0)N(1)I(0)T(0)R(0)	24.217724	6	0	0	24.566929	7	13.919058	1	0	0	0	FALSE	FALSE	FALSE	sp|P00734|THRB_HUMAN	P00734	THRB_HUMAN	F2	Prothrombin		"tr|C9JV37|C9JV37_HUMAN, tr|E9PIT3|E9PIT3_HUMAN"	8007	960.39307	8169	940.63904	976.31006	9.095	46
240419_ES_R00006_MG_c00001_SA_NPB_3_i2.08095.08095.2	D:\SHARE\Tim\25-12-03_GD_Dataset\GD_dataset\NPB_3_i2\interact.pep.xml	GHVNITR	GHVN[1737]ITR	EGLGTNYR.GHVNITR.SGIECQLW	R	S	7	2	953.7049	2417.9934	2418.019	1210.004	1210.0168	2418.0166	1210.0156	0.0023	0.002429405	18.958	0	0.9997	0	2	0	118	124	0	4N(1622.5815)	NA	HexNAc(4)Hex(5) % 1622.5816	4.05	0	GHVnITR	G(0.00)H(0.00)V(0.00)N(16.30)I(0.00)T(0.00)R(0.00)	N4	1	G(0.00)H(0.00)V(0.00)N(10.07)I(0.00)T(0.00)R(0.00)	G(0)H(0)V(0)N(0)I(0)T(0)R(0)	16.298523	3	0	0	18.958794	5	10.067569	0	0	0	0	FALSE	FALSE	FALSE	sp|P00734|THRB_HUMAN	P00734	THRB_HUMAN	F2	Prothrombin		"tr|C9JV37|C9JV37_HUMAN, tr|E9PIT3|E9PIT3_HUMAN"	8080	0	0	0	0	0	0
240419_ES_R00006_MG_c00001_SA_NPB_3_i2.08114.08114.3	D:\SHARE\Tim\25-12-03_GD_Dataset\GD_dataset\NPB_3_i2\interact.pep.xml	GHVNITR	GHVN[1663]ITR	EGLGTNYR.GHVNITR.SGIECQLW	R	S	7	3	955.4642	2343.9846	2343.981	782.3355	782.3343	2343.98	782.3339	0.0011	4.38E-06	26.936	5.272	1	0	2	0	118	124	77985568	4N(1548.5448)	NA	HexNAc(3)Hex(4)NeuAc(1) % 1548.5448	6.48	0	GHVnITR	G(0.00)H(0.00)V(0.00)N(24.30)I(0.00)T(0.00)R(0.00)	N4	1	G(0.00)H(0.00)V(0.00)N(13.97)I(0.00)T(0.00)R(0.00)	G(0)H(0)V(0)N(1)I(0)T(0)R(0)	24.29816	6	0	0	26.93608	8	13.974331	1	0	0	0	FALSE	FALSE	FALSE	sp|P00734|THRB_HUMAN	P00734	THRB_HUMAN	F2	Prothrombin		"tr|C9JV37|C9JV37_HUMAN, tr|E9PIT3|E9PIT3_HUMAN"	8105	955.1871	8111	952.45404	976.31006	9.095	41
240419_ES_R00006_MG_c00001_SA_NPB_3_i2.08135.08135.2	D:\SHARE\Tim\25-12-03_GD_Dataset\GD_dataset\NPB_3_i2\interact.pep.xml	GHVNITR	GHVN[1737]ITR	EGLGTNYR.GHVNITR.SGIECQLW	R	S	7	2	957.2081	2418.0186	2418.0142	1210.0166	1210.0144	2418.0166	1210.0156	-0.0024	6.46E-05	25.26	0	1	0	2	0	118	124	79978016	4N(1622.5815)	NA	HexNAc(4)Hex(5) % 1622.5816	3.95	0	GHVnITR	G(0.00)H(0.00)V(0.00)N(22.59)I(0.00)T(0.00)R(0.00)	N4	1	G(0.00)H(0.00)V(0.00)N(11.93)I(0.00)T(0.00)R(0.00)	G(0)H(0)V(0)N(0)I(0)T(0)R(0)	22.59114	5	0	0	25.260986	7	11.927334	0	0	0	0	FALSE	FALSE	FALSE	sp|P00734|THRB_HUMAN	P00734	THRB_HUMAN	F2	Prothrombin		"tr|C9JV37|C9JV37_HUMAN, tr|E9PIT3|E9PIT3_HUMAN"	8120	958.4	8149	954.62305	962.181	4.025	7
240419_ES_R00006_MG_c00001_SA_NPB_3_i2.08137.08137.3	D:\SHARE\Tim\25-12-03_GD_Dataset\GD_dataset\NPB_3_i2\interact.pep.xml	GHVNITR	GHVN[2028]ITR	EGLGTNYR.GHVNITR.SGIECQLW	R	S	7	3	957.3704	2709.1157	2709.1086	904.0458	904.0435	2709.1121	904.0446	-0.0035	2.34E-05	27.026	14.88	1	0	2	0	118	124	593818240	4N(1913.6770)	NA	HexNAc(4)Hex(5)NeuAc(1) % 1913.6770	4.69	0	GHVnITR	G(0.00)H(0.00)V(0.00)N(22.61)I(0.00)T(0.00)R(0.00)	N4	1	G(0.00)H(0.00)V(0.00)N(12.45)I(0.00)T(0.00)R(0.00)	G(0)H(0)V(0)N(0)I(0)T(0)R(0)	22.614128	5	0	0	27.026634	8	12.446957	0	0	0	0	FALSE	FALSE	FALSE	sp|P00734|THRB_HUMAN	P00734	THRB_HUMAN	F2	Prothrombin		"tr|C9JV37|C9JV37_HUMAN, tr|E9PIT3|E9PIT3_HUMAN"	8128	958.4	8149	725.317	1102.265	34.595	308
240419_ES_R00006_MG_c00001_SA_NPB_3_i2.08152.08152.2	D:\SHARE\Tim\25-12-03_GD_Dataset\GD_dataset\NPB_3_i2\interact.pep.xml	GHVNITR	GHVN[1737]ITR	EGLGTNYR.GHVNITR.SGIECQLW	R	S	7	2	958.677	2418.0183	2418.0156	1210.0164	1210.0151	2418.0166	1210.0156	-0.0011	6.32E-05	25.296	7.665	1	0	2	0	118	124	79978016	4N(1622.5815)	NA	HexNAc(4)Hex(5) % 1622.5816	5.09	0	GHVnITR	G(0.00)H(0.00)V(0.00)N(22.63)I(0.00)T(0.00)R(0.00)	N4	1	G(0.00)H(0.00)V(0.00)N(11.99)I(0.00)T(0.00)R(0.00)	G(0)H(0)V(0)N(0)I(0)T(0)R(0)	22.628029	5	0	0	25.296604	7	11.989356	0	0	0	0	FALSE	FALSE	FALSE	sp|P00734|THRB_HUMAN	P00734	THRB_HUMAN	F2	Prothrombin		"tr|C9JV37|C9JV37_HUMAN, tr|E9PIT3|E9PIT3_HUMAN"	8136	958.4	8149	954.62305	963.24005	4.025	9
240419_ES_R00006_MG_c00001_SA_NPB_3_i2.08159.08159.2	D:\SHARE\Tim\25-12-03_GD_Dataset\GD_dataset\NPB_3_i2\interact.pep.xml	GHVNITR	GHVN[1663]ITR	EGLGTNYR.GHVNITR.SGIECQLW	R	S	7	2	959.3415	2343.999	2343.9824	1173.0068	1172.9985	2343.98	1172.9973	0.0024	0.000337676	18.386	0	1	0	2	0	118	124	595512060	4N(1548.5448)	NA	HexNAc(3)Hex(4)NeuAc(1) % 1548.5448	5.81	0	GHVnITR	G(0.00)H(0.00)V(0.00)N(15.67)I(0.00)T(0.00)R(0.00)	N4	1	G(0.00)H(0.00)V(0.00)N(10.17)I(0.00)T(0.00)R(0.00)	G(0)H(0)V(0)N(0)I(0)T(0)R(0)	15.667253	3	0	0	18.386349	5	10.169874	0	0	0	0	FALSE	FALSE	FALSE	sp|P00734|THRB_HUMAN	P00734	THRB_HUMAN	F2	Prothrombin		"tr|C9JV37|C9JV37_HUMAN, tr|E9PIT3|E9PIT3_HUMAN"	8154	958.4	8149	940.63904	1043.529	11.214001	102
240419_ES_R00006_MG_c00001_SA_NPB_3_i2.08286.08286.2	D:\SHARE\Tim\25-12-03_GD_Dataset\GD_dataset\NPB_3_i2\interact.pep.xml	GHVNITR	GHVN[1737]ITR	EGLGTNYR.GHVNITR.SGIECQLW	R	S	7	2	971.9963	2420.0308	2420.0308	1211.0227	1211.0227	2418.0166	1210.0156	2.0142	0.000554307	20.525	0	1	0	2	0	118	124	0	4N(1622.5815)	NA	HexNAc(4)Hex(5) % 1622.5816	1.93	0	GHVnITR	G(0.00)H(0.00)V(0.00)N(17.83)I(0.00)T(0.00)R(0.00)	N4	1	G(0.00)H(0.00)V(0.00)N(10.06)I(0.00)T(0.00)R(0.00)	G(0)H(0)V(0)N(0)I(0)T(0)R(0)	17.832619	4	0	0	20.525143	6	10.057497	0	0	0	0	FALSE	FALSE	FALSE	sp|P00734|THRB_HUMAN	P00734	THRB_HUMAN	F2	Prothrombin		"tr|C9JV37|C9JV37_HUMAN, tr|E9PIT3|E9PIT3_HUMAN"	8279	0	0	0	0	0	0
240419_ES_R00006_MG_c00001_SA_NPB_3_i2.08419.08419.3	D:\SHARE\Tim\25-12-03_GD_Dataset\GD_dataset\NPB_3_i2\interact.pep.xml	GHVNITR	GHVN[2319]ITR	EGLGTNYR.GHVNITR.SGIECQLW	R	S	7	3	983.6444	3000.2131	3000.2017	1001.0783	1001.0745	3000.2075	1001.0764	-0.0059	1.26E-05	27.093	14.763	1	0	2	0	118	124	0	4N(2204.7725)	NA	HexNAc(4)Hex(5)NeuAc(2) % 2204.7724	6.65	0	GHVnITR	G(0.00)H(0.00)V(0.00)N(22.66)I(0.00)T(0.00)R(0.00)	N4	1	G(0.00)H(0.00)V(0.00)N(12.38)I(0.00)T(0.00)R(0.00)	G(0)H(0)V(0)N(0)I(0)T(0)R(0)	22.658428	5	0	0	27.093704	8	12.384506	0	0	0	0	FALSE	FALSE	FALSE	sp|P00734|THRB_HUMAN	P00734	THRB_HUMAN	F2	Prothrombin		"tr|C9JV37|C9JV37_HUMAN, tr|E9PIT3|E9PIT3_HUMAN"	8406	0	0	0	0	0	0
240419_ES_R00006_MG_c00001_SA_NPB_3_i2.08566.08566.3	D:\SHARE\Tim\25-12-03_GD_Dataset\GD_dataset\NPB_3_i2\interact.pep.xml	GHVNITR	GHVN[1737]ITR	EGLGTNYR.GHVNITR.SGIECQLW	R	S	7	3	995.7281	2417.996	2417.992	807.0059	807.0046	2418.0166	807.0128	-0.0248	0.00138118	17.939	0	1	0	2	0	118	124	0	4N(1622.5815)	NA	HexNAc(4)Hex(5) % 1622.5816	0.9	0	GHVnITR	G(0.00)H(0.00)V(0.00)N(17.94)I(0.00)T(0.00)R(0.00)	N4	1	G(0.00)H(0.00)V(0.00)N(11.92)I(0.00)T(0.00)R(0.00)	G(0)H(0)V(0)N(0)I(0)T(0)R(0)	17.939148	3	0	0	17.939148	3	11.917088	0	0	0	0	FALSE	FALSE	FALSE	sp|P00734|THRB_HUMAN	P00734	THRB_HUMAN	F2	Prothrombin		"tr|C9JV37|C9JV37_HUMAN, tr|E9PIT3|E9PIT3_HUMAN"	8554	0	0	0	0	0	0
240419_ES_R00006_MG_c00001_SA_NPB_3_i2.08645.08645.3	D:\SHARE\Tim\25-12-03_GD_Dataset\GD_dataset\NPB_3_i2\interact.pep.xml	KKEDALNETR	KKEDALN[2975]ETR	SNLEEAKK.KKEDALNETR.ESETKLKE	K	E	10	3	1002.8417	4064.6274	4064.6416	1355.8831	1355.8878	4063.6255	1355.5491	1.0161	0.01661904	12.037	6.522	0.7374	0.000230947	2	1	80	89	80068824	7N(2861.0000)	NA	HexNAc(5)Hex(6)NeuAc(3) % 2861.0000	2.26	0	KKEDALnETR	K(0.00)K(0.00)E(0.00)D(0.00)A(0.00)L(0.00)N(12.04)E(0.00)T(0.00)R(0.00)	N7	1	K(0.00)K(0.00)E(0.00)D(0.00)A(0.00)L(0.00)N(8.05)E(0.00)T(0.00)R(0.00)	K(0)K(0)E(0)D(0)A(0)L(0)N(1)E(0)T(0)R(0)	12.037781	3	0	0	10.051869	2	8.046204	1	0	0	0	FALSE	FALSE	FALSE	sp|P10909|CLUS_HUMAN	P10909	CLUS_HUMAN	CLU	Clusterin		"tr|E5RGB0|E5RGB0_HUMAN, tr|E5RH61|E5RH61_HUMAN, tr|E5RJZ5|E5RJZ5_HUMAN, tr|E7ERK6|E7ERK6_HUMAN, tr|E7ETB4|E7ETB4_HUMAN, tr|H0YLK8|H0YLK8_HUMAN"	8630	1018.85205	8849	997.71	1076.145	20.254002	39
240419_ES_R00006_MG_c00001_SA_NPB_3_i2.08693.08693.2	D:\SHARE\Tim\25-12-03_GD_Dataset\GD_dataset\NPB_3_i2\interact.pep.xml	GHVNITR	GHVN[1663]ITR	EGLGTNYR.GHVNITR.SGIECQLW	R	S	7	2	1006.8279	2343.9717	2343.9827	1172.9931	1172.9986	2343.98	1172.9973	0.0028	2.12E-05	24.197	12.141	1	0	2	0	118	124	23621680	4N(1548.5448)	NA	HexNAc(3)Hex(4)NeuAc(1) % 1548.5448	6.78	0	GHVnITR	G(0.00)H(0.00)V(0.00)N(19.84)I(0.00)T(0.00)R(0.00)	N4	1	G(0.00)H(0.00)V(0.00)N(10.22)I(0.00)T(0.00)R(0.00)	G(0)H(0)V(0)N(0)I(0)T(0)R(0)	19.844416	5	0	0	24.197546	8	10.223818	0	0	0	0	FALSE	FALSE	FALSE	sp|P00734|THRB_HUMAN	P00734	THRB_HUMAN	F2	Prothrombin		"tr|C9JV37|C9JV37_HUMAN, tr|E9PIT3|E9PIT3_HUMAN"	8683	1001.59705	8630	944.434	1027.9391	11.214001	94
240419_ES_R00006_MG_c00001_SA_NPB_3_i2.08706.08706.2	D:\SHARE\Tim\25-12-03_GD_Dataset\GD_dataset\NPB_3_i2\interact.pep.xml	GHVNITR	GHVN[2028]ITR	EGLGTNYR.GHVNITR.SGIECQLW	R	S	7	2	1007.8954	2709.113	2709.114	1355.5638	1355.5643	2709.1121	1355.5634	0.002	0.003786604	17.187	0	0.9998	0	2	0	118	124	14434158	4N(1913.6770)	NA	HexNAc(4)Hex(5)NeuAc(1) % 1913.6770	5.01	0	GHVnITR	G(0.00)H(0.00)V(0.00)N(17.19)I(0.00)T(0.00)R(0.00)	N4	1	G(0.00)H(0.00)V(0.00)N(9.41)I(0.00)T(0.00)R(0.00)	G(0)H(0)V(0)N(0)I(0)T(0)R(0)	17.187784	4	0	0	17.187784	4	9.412651	0	0	0	0	FALSE	FALSE	FALSE	sp|P00734|THRB_HUMAN	P00734	THRB_HUMAN	F2	Prothrombin		"tr|C9JV37|C9JV37_HUMAN, tr|E9PIT3|E9PIT3_HUMAN"	8689	994.663	8554	938.07605	1018.85205	12.549001	92
240419_ES_R00006_MG_c00001_SA_NPB_3_i2.08717.08717.4	D:\SHARE\Tim\25-12-03_GD_Dataset\GD_dataset\NPB_3_i2\interact.pep.xml	GHVNITR	GHVN[2319]ITR	EGLGTNYR.GHVNITR.SGIECQLW	R	S	7	4	1008.6838	3000.2134	3000.2063	751.0606	751.0589	3000.2075	751.0591	-0.0012	1.07E-05	26.388	14.27	0.999	0	2	0	118	124	458228736	4N(2204.7725)	NA	HexNAc(4)Hex(5)NeuAc(2) % 2204.7724	8.24	0	GHVnITR	G(0.00)H(0.00)V(0.00)N(21.99)I(0.00)T(0.00)R(0.00)	N4	1	G(0.00)H(0.00)V(0.00)N(12.27)I(0.00)T(0.00)R(0.00)	G(0)H(0)V(0)N(0)I(0)T(0)R(0)	21.990189	5	0	0	26.388908	8	12.272562	0	0	0	0	FALSE	FALSE	FALSE	sp|P00734|THRB_HUMAN	P00734	THRB_HUMAN	F2	Prothrombin		"tr|C9JV37|C9JV37_HUMAN, tr|E9PIT3|E9PIT3_HUMAN"	8704	993.2601	8538	921.69507	1298.5001	20.715	250
240419_ES_R00006_MG_c00001_SA_NPB_3_i2.08722.08722.2	D:\SHARE\Tim\25-12-03_GD_Dataset\GD_dataset\NPB_3_i2\interact.pep.xml	GHVNITR	GHVN[2319]ITR	EGLGTNYR.GHVNITR.SGIECQLW	R	S	7	2	1009.1513	3000.2131	3000.2114	1501.1138	1501.113	3000.2075	1501.1111	0.0039	0.000461849	19.842	12.503	1	0	2	0	118	124	32793842	4N(2204.7725)	NA	HexNAc(4)Hex(5)NeuAc(2) % 2204.7724	5.8	0	GHVnITR	G(0.00)H(0.00)V(0.00)N(15.39)I(0.00)T(0.00)R(0.00)	N4	1	G(0.00)H(0.00)V(0.00)N(9.71)I(0.00)T(0.00)R(0.00)	G(0)H(0)V(0)N(0)I(0)T(0)R(0)	15.392819	3	0	0	19.842018	6	9.710897	0	0	0	0	FALSE	FALSE	FALSE	sp|P00734|THRB_HUMAN	P00734	THRB_HUMAN	F2	Prothrombin		"tr|C9JV37|C9JV37_HUMAN, tr|E9PIT3|E9PIT3_HUMAN"	8704	999.343	8606	940.63904	1046.159	8.347	102
240419_ES_R00006_MG_c00001_SA_NPB_3_i2.08800.08800.5	D:\SHARE\Tim\25-12-03_GD_Dataset\GD_dataset\NPB_3_i2\interact.pep.xml	KKEDALNETR	KKEDALN[2975]ETR	SNLEEAKK.KKEDALNETR.ESETKLKE	K	E	10	5	1015.1351	4063.6318	4063.626	813.7336	813.7325	4063.6255	813.7324	5.00E-04	0.002485995	16.918	0	0.9999	0	2	1	80	89	3668171	7N(2861.0000)	NA	HexNAc(5)Hex(6)NeuAc(3) % 2861.0000	8.49	0	KKEDALnETR	K(0.00)K(0.00)E(0.00)D(0.00)A(0.00)L(0.00)N(16.92)E(0.00)T(0.00)R(0.00)	N7	1	K(0.00)K(0.00)E(0.00)D(0.00)A(0.00)L(0.00)N(11.35)E(0.00)T(0.00)R(0.00)	K(0)K(0)E(0)D(0)A(0)L(0)N(0)E(0)T(0)R(0)	16.91898	3	0	0	16.91898	3	11.3470335	0	0	0	0	FALSE	FALSE	FALSE	sp|P10909|CLUS_HUMAN	P10909	CLUS_HUMAN	CLU	Clusterin		"tr|E5RGB0|E5RGB0_HUMAN, tr|E5RH61|E5RH61_HUMAN, tr|E5RJZ5|E5RJZ5_HUMAN, tr|E7ERK6|E7ERK6_HUMAN, tr|E7ETB4|E7ETB4_HUMAN, tr|H0YLK8|H0YLK8_HUMAN"	8775	1018.85205	8849	1006.481	1032.937	10.548	10
240419_ES_R00006_MG_c00001_SA_NPB_3_i2.08807.08807.3	D:\SHARE\Tim\25-12-03_GD_Dataset\GD_dataset\NPB_3_i2\interact.pep.xml	GHVNITR	GHVN[1663]ITR	EGLGTNYR.GHVNITR.SGIECQLW	R	S	7	3	1015.6188	2343.9832	2343.9832	782.335	782.335	2343.98	782.3339	0.0033	0.00013366	19.996	0	1	0	2	0	118	124	2521652.8	4N(1548.5448)	NA	HexNAc(3)Hex(4)NeuAc(1) % 1548.5448	5.17	0	GHVnITR	G(0.00)H(0.00)V(0.00)N(17.89)I(0.00)T(0.00)R(0.00)	N4	1	G(0.00)H(0.00)V(0.00)N(11.98)I(0.00)T(0.00)R(0.00)	G(0)H(0)V(0)N(0)I(0)T(0)R(0)	17.894514	3	0	0	19.996058	4	11.977324	0	0	0	0	FALSE	FALSE	FALSE	sp|P00734|THRB_HUMAN	P00734	THRB_HUMAN	F2	Prothrombin		"tr|C9JV37|C9JV37_HUMAN, tr|E9PIT3|E9PIT3_HUMAN"	8775	1008.668	8716	1004.25305	1020.8721	16.619001	8
240419_ES_R00006_MG_c00001_SA_NPB_3_i2.08877.08877.3	D:\SHARE\Tim\25-12-03_GD_Dataset\GD_dataset\NPB_3_i2\interact.pep.xml	GHVNITR	GHVN[2028]ITR	EGLGTNYR.GHVNITR.SGIECQLW	R	S	7	3	1020.8882	2709.118	2709.1113	904.0466	904.0444	2709.1121	904.0446	-9.00E-04	0.000634235	21.291	0	1	0	2	0	118	124	39250952	4N(1913.6770)	NA	HexNAc(4)Hex(5)NeuAc(1) % 1913.6770	5.81	0	GHVnITR	G(0.00)H(0.00)V(0.00)N(20.03)I(0.00)T(0.00)R(0.00)	N4	1	G(0.00)H(0.00)V(0.00)N(12.30)I(0.00)T(0.00)R(0.00)	G(0)H(0)V(0)N(0)I(0)T(0)R(0)	20.027878	4	0	0	21.29158	5	12.298359	0	0	0	0	FALSE	FALSE	FALSE	sp|P00734|THRB_HUMAN	P00734	THRB_HUMAN	F2	Prothrombin		"tr|C9JV37|C9JV37_HUMAN, tr|E9PIT3|E9PIT3_HUMAN"	8849	998.78	8600	725.317	1100.724	34.595	308
240419_ES_R00006_MG_c00001_SA_NPB_3_i2.08959.08959.3	D:\SHARE\Tim\25-12-03_GD_Dataset\GD_dataset\NPB_3_i2\interact.pep.xml	GHVNITR	GHVN[1663]ITR	EGLGTNYR.GHVNITR.SGIECQLW	R	S	7	3	1027.1039	2345.9873	2345.981	783.003	783.0009	2343.98	782.3339	2.0011	0.002428008	16.959	0	0.9976	0	2	0	118	124	0	4N(1548.5448)	NA	HexNAc(3)Hex(4)NeuAc(1) % 1548.5448	3.9	0	GHVnITR	G(0.00)H(0.00)V(0.00)N(16.96)I(0.00)T(0.00)R(0.00)	N4	1	G(0.00)H(0.00)V(0.00)N(11.92)I(0.00)T(0.00)R(0.00)	G(0)H(0)V(0)N(0)I(0)T(0)R(0)	16.95926	2	0	0	16.95926	2	11.922155	0	0	0	0	FALSE	FALSE	FALSE	sp|P00734|THRB_HUMAN	P00734	THRB_HUMAN	F2	Prothrombin		"tr|C9JV37|C9JV37_HUMAN, tr|E9PIT3|E9PIT3_HUMAN"	8901	0	0	0	0	0	0
240419_ES_R00006_MG_c00001_SA_NPB_3_i2.09134.09134.2	D:\SHARE\Tim\25-12-03_GD_Dataset\GD_dataset\NPB_3_i2\interact.pep.xml	GHVNITR	GHVN[1663]ITR	EGLGTNYR.GHVNITR.SGIECQLW	R	S	7	2	1040.0109	2344.9988	2344.9858	1173.5067	1173.5002	2343.98	1172.9973	1.0059	7.98E-05	17.893	0	1	0	2	0	118	124	1520650.1	4N(1548.5448)	NA	HexNAc(3)Hex(4)NeuAc(1) % 1548.5448	4.57	0	GHVnITR	G(0.00)H(0.00)V(0.00)N(17.89)I(0.00)T(0.00)R(0.00)	N4	1	G(0.00)H(0.00)V(0.00)N(12.04)I(0.00)T(0.00)R(0.00)	G(0)H(0)V(0)N(0)I(0)T(0)R(0)	17.89334	3	0	0	17.89334	3	12.04296	0	0	0	0	FALSE	FALSE	FALSE	sp|P00734|THRB_HUMAN	P00734	THRB_HUMAN	F2	Prothrombin		"tr|C9JV37|C9JV37_HUMAN, tr|E9PIT3|E9PIT3_HUMAN"	9080	1032.937	9038	940.63904	1040.6991	11.214001	102
240419_ES_R00006_MG_c00001_SA_NPB_3_i2.09218.09218.3	D:\SHARE\Tim\25-12-03_GD_Dataset\GD_dataset\NPB_3_i2\interact.pep.xml	GHVNITR	GHVN[2319]ITR	EGLGTNYR.GHVNITR.SGIECQLW	R	S	7	3	1046.1747	3000.2134	3000.2026	1001.0784	1001.0748	3000.2075	1001.0764	-0.0049	1.44E-05	24.871	15.007	1	0	2	0	118	124	127232600	4N(2204.7725)	NA	HexNAc(4)Hex(5)NeuAc(2) % 2204.7724	5.82	0	GHVnITR	G(0.00)H(0.00)V(0.00)N(21.59)I(0.00)T(0.00)R(0.00)	N4	1	G(0.00)H(0.00)V(0.00)N(13.15)I(0.00)T(0.00)R(0.00)	G(0)H(0)V(0)N(1)I(0)T(0)R(0)	21.590725	5	0	0	24.871735	7	13.152543	1	0	0	0	FALSE	FALSE	FALSE	sp|P00734|THRB_HUMAN	P00734	THRB_HUMAN	F2	Prothrombin		"tr|C9JV37|C9JV37_HUMAN, tr|E9PIT3|E9PIT3_HUMAN"	9182	1046.159	9217	964.30304	1851.112	8.075001	448
240419_ES_R00006_MG_c00001_SA_NPB_3_i2.09306.09306.4	D:\SHARE\Tim\25-12-03_GD_Dataset\GD_dataset\NPB_3_i2\interact.pep.xml	KKEDALNETR	KKEDALN[2975]ETR	SNLEEAKK.KKEDALNETR.ESETKLKE	K	E	10	4	1053.4329	4063.6323	4063.6194	1016.9154	1016.9121	4063.6255	1016.9136	-0.0059	0.000145881	21.844	0	1	0	2	1	80	89	100734392	7N(2861.0000)	NA	HexNAc(5)Hex(6)NeuAc(3) % 2861.0000	6.42	0	KKEDALnETR	K(0.00)K(0.00)E(0.00)D(0.00)A(0.00)L(0.00)N(21.84)E(0.00)T(0.00)R(0.00)	N7	1	K(0.00)K(0.00)E(0.00)D(0.00)A(0.00)L(0.00)N(13.58)E(0.00)T(0.00)R(0.00)	K(0)K(0)E(0)D(0)A(0)L(0)N(1)E(0)T(0)R(0)	21.844202	5	0	0	21.82283	5	13.582433	1	0	0	0	FALSE	FALSE	FALSE	sp|P10909|CLUS_HUMAN	P10909	CLUS_HUMAN	CLU	Clusterin		"tr|E5RGB0|E5RGB0_HUMAN, tr|E5RH61|E5RH61_HUMAN, tr|E5RJZ5|E5RJZ5_HUMAN, tr|E7ERK6|E7ERK6_HUMAN, tr|E7ETB4|E7ETB4_HUMAN, tr|H0YLK8|H0YLK8_HUMAN"	9281	1049.8971	9259	990.9031	1165.409	20.254002	97
240419_ES_R00006_MG_c00001_SA_NPB_3_i2.09537.09537.4	D:\SHARE\Tim\25-12-03_GD_Dataset\GD_dataset\NPB_3_i2\interact.pep.xml	GHVNITR	GHVN[2319]ITR	EGLGTNYR.GHVNITR.SGIECQLW	R	S	7	4	1072.1155	3000.208	3000.2063	751.0593	751.0589	3000.2075	751.0591	-0.0012	0.000689842	19.145	0	1	0	2	0	118	124	17208300	4N(2204.7725)	NA	HexNAc(4)Hex(5)NeuAc(2) % 2204.7724	7.28	0	GHVnITR	G(0.00)H(0.00)V(0.00)N(17.88)I(0.00)T(0.00)R(0.00)	N4	1	G(0.00)H(0.00)V(0.00)N(12.32)I(0.00)T(0.00)R(0.00)	G(0)H(0)V(0)N(0)I(0)T(0)R(0)	17.881182	3	0	0	19.145182	4	12.324719	0	0	0	0	FALSE	FALSE	FALSE	sp|P00734|THRB_HUMAN	P00734	THRB_HUMAN	F2	Prothrombin		"tr|C9JV37|C9JV37_HUMAN, tr|E9PIT3|E9PIT3_HUMAN"	9503	1056.016	9335	921.69507	1219.0851	20.715	212
240419_ES_R00006_MG_c00001_SA_NPB_3_i2.09693.09693.3	D:\SHARE\Tim\25-12-03_GD_Dataset\GD_dataset\NPB_3_i2\interact.pep.xml	GHVNITR	GHVN[2028]ITR	EGLGTNYR.GHVNITR.SGIECQLW	R	S	7	3	1084.1133	2709.127	2709.121	904.0496	904.0476	2709.1121	904.0446	0.009	0.001339676	16.992	0	1	0	2	0	118	124	6854354.5	4N(1913.6770)	NA	HexNAc(4)Hex(5)NeuAc(1) % 1913.6770	3.7	0	GHVnITR	G(0.00)H(0.00)V(0.00)N(15.64)I(0.00)T(0.00)R(0.00)	N4	1	G(0.00)H(0.00)V(0.00)N(10.42)I(0.00)T(0.00)R(0.00)	G(0)H(0)V(0)N(0)I(0)T(0)R(0)	15.640621	3	0	0	16.992504	4	10.415897	0	0	0	0	FALSE	FALSE	FALSE	sp|P00734|THRB_HUMAN	P00734	THRB_HUMAN	F2	Prothrombin		"tr|C9JV37|C9JV37_HUMAN, tr|E9PIT3|E9PIT3_HUMAN"	9666	1071.904	9535	725.317	1100.724	34.595	308
240419_ES_R00006_MG_c00001_SA_NPB_3_i2.09946.09946.2	D:\SHARE\Tim\25-12-03_GD_Dataset\GD_dataset\NPB_3_i2\interact.pep.xml	GHVNITR	GHVN[1663]ITR	EGLGTNYR.GHVNITR.SGIECQLW	R	S	7	2	1104.0925	2343.9817	2343.9805	1172.9981	1172.9975	2343.98	1172.9973	6.00E-04	0.003985659	11.098	0	0.9992	0	2	0	118	124	0	4N(1548.5448)	NA	HexNAc(3)Hex(4)NeuAc(1) % 1548.5448	4.89	0	GHVnITR	G(0.00)H(0.00)V(0.00)N(9.88)I(0.00)T(0.00)R(0.00)	N4	1	G(0.00)H(0.00)V(0.00)N(7.11)I(0.00)T(0.00)R(0.00)	G(0)H(0)V(0)N(0)I(0)T(0)R(0)	9.8750105	1	0	0	11.098955	2	7.1060534	0	0	0	0	FALSE	FALSE	FALSE	sp|P00734|THRB_HUMAN	P00734	THRB_HUMAN	F2	Prothrombin		"tr|C9JV37|C9JV37_HUMAN, tr|E9PIT3|E9PIT3_HUMAN"	9906	0	0	0	0	0	0
240419_ES_R00006_MG_c00001_SA_NPB_3_i2.10007.10007.3	D:\SHARE\Tim\25-12-03_GD_Dataset\GD_dataset\NPB_3_i2\interact.pep.xml	GHVNITR	GHVN[2319]ITR	EGLGTNYR.GHVNITR.SGIECQLW	R	S	7	3	1109.7821	3000.2136	3000.2034	1001.0785	1001.0751	3000.2075	1001.0764	-0.0042	4.35E-06	26.946	14.773	1	0	2	0	118	124	35710516	4N(2204.7725)	NA	HexNAc(4)Hex(5)NeuAc(2) % 2204.7724	6.15	0	GHVnITR	G(0.00)H(0.00)V(0.00)N(22.53)I(0.00)T(0.00)R(0.00)	N4	1	G(0.00)H(0.00)V(0.00)N(12.40)I(0.00)T(0.00)R(0.00)	G(0)H(0)V(0)N(0)I(0)T(0)R(0)	22.533123	5	0	0	26.946514	8	12.396678	0	0	0	0	FALSE	FALSE	FALSE	sp|P00734|THRB_HUMAN	P00734	THRB_HUMAN	F2	Prothrombin		"tr|C9JV37|C9JV37_HUMAN, tr|E9PIT3|E9PIT3_HUMAN"	9979	1112.311	10034	964.30304	1851.112	8.075001	448
240419_ES_R00006_MG_c00001_SA_NPB_3_i2.10431.10431.3	D:\SHARE\Tim\25-12-03_GD_Dataset\GD_dataset\NPB_3_i2\interact.pep.xml	GHVNITR	GHVN[2028]ITR	EGLGTNYR.GHVNITR.SGIECQLW	R	S	7	3	1146.1385	2709.119	2709.1133	904.0469	904.045	2709.1121	904.0446	0.0012	0.0151008	15.784	0	0.9896	0.000139101	2	0	118	124	4470519	4N(1913.6770)	NA	HexNAc(4)Hex(5)NeuAc(1) % 1913.6770	5.33	0	GHVnITR	G(0.00)H(0.00)V(0.00)N(15.78)I(0.00)T(0.00)R(0.00)	N4	1	G(0.00)H(0.00)V(0.00)N(10.45)I(0.00)T(0.00)R(0.00)	G(0)H(0)V(0)N(0)I(0)T(0)R(0)	15.784068	3	0	0	15.784068	3	10.453122	0	0	0	0	FALSE	FALSE	FALSE	sp|P00734|THRB_HUMAN	P00734	THRB_HUMAN	F2	Prothrombin		"tr|C9JV37|C9JV37_HUMAN, tr|E9PIT3|E9PIT3_HUMAN"	10404	1169.3601	10731	1102.265	1200.9341	97.552	55
240419_ES_R00006_MG_c00001_SA_NPB_3_i2.10832.10832.3	D:\SHARE\Tim\25-12-03_GD_Dataset\GD_dataset\NPB_3_i2\interact.pep.xml	GHVNITR	GHVN[2319]ITR	EGLGTNYR.GHVNITR.SGIECQLW	R	S	7	3	1176.8994	3000.2148	3000.204	1001.0789	1001.0753	3000.2075	1001.0764	-0.0034	6.86E-05	23.155	0	1	0	2	0	118	124	21684634	4N(2204.7725)	NA	HexNAc(4)Hex(5)NeuAc(2) % 2204.7724	6.11	0	GHVnITR	G(0.00)H(0.00)V(0.00)N(20.40)I(0.00)T(0.00)R(0.00)	N4	1	G(0.00)H(0.00)V(0.00)N(12.41)I(0.00)T(0.00)R(0.00)	G(0)H(0)V(0)N(0)I(0)T(0)R(0)	20.399742	4	0	0	23.155277	6	12.413647	0	0	0	0	FALSE	FALSE	FALSE	sp|P00734|THRB_HUMAN	P00734	THRB_HUMAN	F2	Prothrombin		"tr|C9JV37|C9JV37_HUMAN, tr|E9PIT3|E9PIT3_HUMAN"	10802	1188.6621	10988	964.30304	1851.112	8.075001	448
240419_ES_R00006_MG_c00001_SA_NPB_3_i2.10974.10974.3	D:\SHARE\Tim\25-12-03_GD_Dataset\GD_dataset\NPB_3_i2\interact.pep.xml	GHVNITR	GHVN[2028]ITR	EGLGTNYR.GHVNITR.SGIECQLW	R	S	7	3	1187.609	2710.1108	2710.1055	904.3775	904.3758	2709.1121	904.0446	0.9934	0.01948723	15.341	0	0.9484	0.000230947	2	0	118	124	4470519	4N(1913.6770)	NA	HexNAc(4)Hex(5)NeuAc(1) % 1913.6770	3.13	0	GHVnITR	G(0.00)H(0.00)V(0.00)N(14.32)I(0.00)T(0.00)R(0.00)	N4	1	G(0.00)H(0.00)V(0.00)N(10.14)I(0.00)T(0.00)R(0.00)	G(0)H(0)V(0)N(0)I(0)T(0)R(0)	14.317181	2	0	0	15.341437	3	10.143469	0	0	0	0	FALSE	FALSE	FALSE	sp|P00734|THRB_HUMAN	P00734	THRB_HUMAN	F2	Prothrombin		"tr|C9JV37|C9JV37_HUMAN, tr|E9PIT3|E9PIT3_HUMAN"	10944	1169.3601	10731	1102.265	1202.25	97.552	56
240419_ES_R00006_MG_c00001_SA_NPB_3_i2.11096.11096.4	D:\SHARE\Tim\25-12-03_GD_Dataset\GD_dataset\NPB_3_i2\interact.pep.xml	GHVNITR	GHVN[2319]ITR	EGLGTNYR.GHVNITR.SGIECQLW	R	S	7	4	1197.1885	3000.2134	3000.2075	751.0606	751.0592	3000.2075	751.0591	0	0.01163456	14.237	0	0.9962	0	2	0	118	124	6289413	4N(2204.7725)	NA	HexNAc(4)Hex(5)NeuAc(2) % 2204.7724	9.88	0	GHVnITR	G(0.00)H(0.00)V(0.00)N(14.24)I(0.00)T(0.00)R(0.00)	N4	1	G(0.00)H(0.00)V(0.00)N(10.28)I(0.00)T(0.00)R(0.00)	G(0)H(0)V(0)N(0)I(0)T(0)R(0)	14.237032	2	0	0	14.237032	2	10.279021	0	0	0	0	FALSE	FALSE	FALSE	sp|P00734|THRB_HUMAN	P00734	THRB_HUMAN	F2	Prothrombin		"tr|C9JV37|C9JV37_HUMAN, tr|E9PIT3|E9PIT3_HUMAN"	11075	1185.317	10944	921.69507	1388.1481	20.715	295
240419_ES_R00006_MG_c00001_SA_NPB_3_i2.11223.11223.3	D:\SHARE\Tim\25-12-03_GD_Dataset\GD_dataset\NPB_3_i2\interact.pep.xml	GHVNITR	GHVN[2028]ITR	EGLGTNYR.GHVNITR.SGIECQLW	R	S	7	3	1207.2161	2709.1118	2709.1064	904.0445	904.0427	2709.1121	904.0446	-0.0057	0.01004038	15.493	0	0.9939	0	2	0	118	124	3696712	4N(1913.6770)	NA	HexNAc(4)Hex(5)NeuAc(1) % 1913.6770	3.68	0	GHVnITR	G(0.00)H(0.00)V(0.00)N(15.49)I(0.00)T(0.00)R(0.00)	N4	1	G(0.00)H(0.00)V(0.00)N(10.14)I(0.00)T(0.00)R(0.00)	G(0)H(0)V(0)N(0)I(0)T(0)R(0)	15.493356	3	0	0	15.493356	3	10.137785	0	0	0	0	FALSE	FALSE	FALSE	sp|P00734|THRB_HUMAN	P00734	THRB_HUMAN	F2	Prothrombin		"tr|C9JV37|C9JV37_HUMAN, tr|E9PIT3|E9PIT3_HUMAN"	11212	1214.6901	11317	1200.9341	1404.832	74.124	103
240419_ES_R00006_MG_c00001_SA_NPB_3_i2.11339.11339.3	D:\SHARE\Tim\25-12-03_GD_Dataset\GD_dataset\NPB_3_i2\interact.pep.xml	ETLSNASGTFAIR	ETLSN[2028]ASGTFAIR	M.ETLSNASGTFAIR.LLKILCQD	M	L	13	3	1216.3234	3279.3843	3279.3794	1094.1354	1094.1337	3279.3657	1094.1292	0.0135	0.02214973	13.392	0	0.865	0.000230947	2	0	2	14	1058561980	5N(1913.6770)	NA	HexNAc(4)Hex(5)NeuAc(1) % 1913.6770	4.59	0	ETLSnASGTFAIR	E(0.00)T(0.00)L(0.00)S(0.00)N(13.39)A(0.00)S(0.00)G(0.00)T(0.00)F(0.00)A(0.00)I(0.00)R(0.00)	N5	1	E(0.00)T(0.00)L(0.00)S(0.00)N(9.61)A(0.00)S(0.00)G(0.00)T(0.00)F(0.00)A(0.00)I(0.00)R(0.00)	E(0)T(0)L(0)S(0)N(0)A(0)S(0)G(0)T(0)F(0)A(0)I(0)R(0)	13.392658	2	0	0	13.392658	2	9.613058	0	0	0	0	FALSE	FALSE	TRUE	sp|P50453|SPB9_HUMAN	P50453	SPB9_HUMAN	SERPINB9	Serpin B9			11317	1204.159	11184	1143.7661	1390.3251	36.278	128
240419_ES_R00006_MG_c00001_SA_NPB_3_i2.11352.11352.4	D:\SHARE\Tim\25-12-03_GD_Dataset\GD_dataset\NPB_3_i2\interact.pep.xml	ETLSNASGTFAIR	ETLSN[2028]ASGTFAIR	M.ETLSNASGTFAIR.LLKILCQD	M	L	13	4	1217.3645	3279.3835	3279.3767	820.8532	820.8515	3279.3657	820.8487	0.0109	0.03668598	14.242	3.984	0.9403	0.000230947	2	0	2	14	189352752	5N(1913.6770)	NA	HexNAc(4)Hex(5)NeuAc(1) % 1913.6770	3.78	0	ETLSnASGTFAIR	E(0.00)T(0.00)L(0.00)S(0.00)N(14.24)A(0.00)S(0.00)G(0.00)T(0.00)F(0.00)A(0.00)I(0.00)R(0.00)	N5	1	E(0.00)T(0.00)L(0.00)S(0.00)N(10.48)A(0.00)S(0.00)G(0.00)T(0.00)F(0.00)A(0.00)I(0.00)R(0.00)	E(0)T(0)L(0)S(0)N(0)A(0)S(0)G(0)T(0)F(0)A(0)I(0)R(0)	14.242916	2	0	0	14.242916	2	10.4841385	0	0	0	0	FALSE	FALSE	TRUE	sp|P50453|SPB9_HUMAN	P50453	SPB9_HUMAN	SERPINB9	Serpin B9			11338	1205.4661	11201	1152.5	1320.2241	22.935001	83
240419_ES_R00006_MG_c00001_SA_NPB_3_i2.11661.11661.3	D:\SHARE\Tim\25-12-03_GD_Dataset\GD_dataset\NPB_3_i2\interact.pep.xml	GHVNITR	GHVN[2319]ITR	EGLGTNYR.GHVNITR.SGIECQLW	R	S	7	3	1242.3983	3000.2122	3000.2056	1001.078	1001.0758	3000.2075	1001.0764	-0.002	2.83E-05	24.695	15.198	1	0	2	0	118	124	19894986	4N(2204.7725)	NA	HexNAc(4)Hex(5)NeuAc(2) % 2204.7724	6.75	0	GHVnITR	G(0.00)H(0.00)V(0.00)N(20.25)I(0.00)T(0.00)R(0.00)	N4	1	G(0.00)H(0.00)V(0.00)N(12.36)I(0.00)T(0.00)R(0.00)	G(0)H(0)V(0)N(0)I(0)T(0)R(0)	20.247341	4	0	0	24.695803	7	12.364033	0	0	0	0	FALSE	FALSE	FALSE	sp|P00734|THRB_HUMAN	P00734	THRB_HUMAN	F2	Prothrombin		"tr|C9JV37|C9JV37_HUMAN, tr|E9PIT3|E9PIT3_HUMAN"	11631	1229.728	11504	964.30304	1851.112	8.075001	448
240419_ES_R00006_MG_c00001_SA_NPB_3_i2.11831.11831.3	D:\SHARE\Tim\25-12-03_GD_Dataset\GD_dataset\NPB_3_i2\interact.pep.xml	EEQYNSTYR	EEQYN[2174]STYR	HNAKTKPR.EEQYNSTYR.VVSVLTVL	R	V	9	3	1256.5962	3248.247	3248.2417	1083.7563	1083.7545	3248.2395	1083.7538	0.0022	0.01348963	15.98	8.651	0.9884	0.000139101	2	0	176	184	16175641	5N(2059.7349)	NA	HexNAc(4)Hex(5)Fuc(1)NeuAc(1) % 2059.7349	3.66	0	EEQYnSTYR	E(0.00)E(0.00)Q(0.00)Y(0.00)N(15.98)S(0.00)T(0.00)Y(0.00)R(0.00)	N5	1	E(0.00)E(0.00)Q(0.00)Y(0.00)N(11.88)S(0.00)T(0.00)Y(0.00)R(0.00)	E(0)E(0)Q(0)Y(0)N(0)S(0)T(0)Y(0)R(0)	15.980006	2	0	0	15.980006	2	11.884684	0	0	0	0	FALSE	FALSE	TRUE	sp|P01857|IGHG1_HUMAN	P01857	IGHG1_HUMAN	IGHG1	Immunoglobulin heavy constant gamma 1			11803	1266.0381	11945	1249.5491	1300.5591	20.128	20
240419_ES_R00006_MG_c00001_SA_NPB_3_i2.12411.12411.3	D:\SHARE\Tim\25-12-03_GD_Dataset\GD_dataset\NPB_3_i2\interact.pep.xml	GHVNITR	GHVN[2319]ITR	EGLGTNYR.GHVNITR.SGIECQLW	R	S	7	3	1304.9656	3000.2148	3000.2087	1001.0789	1001.0768	3000.2075	1001.0764	0.0012	0.000138596	20.933	0	1	0	2	0	118	124	11170022	4N(2204.7725)	NA	HexNAc(4)Hex(5)NeuAc(2) % 2204.7724	7.23	0	GHVnITR	G(0.00)H(0.00)V(0.00)N(18.23)I(0.00)T(0.00)R(0.00)	N4	1	G(0.00)H(0.00)V(0.00)N(10.58)I(0.00)T(0.00)R(0.00)	G(0)H(0)V(0)N(0)I(0)T(0)R(0)	18.2308	4	0	0	20.933294	6	10.5849495	0	0	0	0	FALSE	FALSE	FALSE	sp|P00734|THRB_HUMAN	P00734	THRB_HUMAN	F2	Prothrombin		"tr|C9JV37|C9JV37_HUMAN, tr|E9PIT3|E9PIT3_HUMAN"	12390	1295.0491	12289	964.30304	1853.4601	8.075001	449
240419_ES_R00006_MG_c00001_SA_NPB_3_i2.13100.13100.3	D:\SHARE\Tim\25-12-03_GD_Dataset\GD_dataset\NPB_3_i2\interact.pep.xml	GHVNITR	GHVN[2319]ITR	EGLGTNYR.GHVNITR.SGIECQLW	R	S	7	3	1368.0219	3000.2195	3000.214	1001.0804	1001.0786	3000.2075	1001.0764	0.0066	0.000357478	19.287	0	1	0	2	0	118	124	8123340	4N(2204.7725)	NA	HexNAc(4)Hex(5)NeuAc(2) % 2204.7724	5.05	0	GHVnITR	G(0.00)H(0.00)V(0.00)N(16.52)I(0.00)T(0.00)R(0.00)	N4	1	G(0.00)H(0.00)V(0.00)N(10.54)I(0.00)T(0.00)R(0.00)	G(0)H(0)V(0)N(0)I(0)T(0)R(0)	16.51947	3	0	0	19.2877	5	10.543945	0	0	0	0	FALSE	FALSE	FALSE	sp|P00734|THRB_HUMAN	P00734	THRB_HUMAN	F2	Prothrombin		"tr|C9JV37|C9JV37_HUMAN, tr|E9PIT3|E9PIT3_HUMAN"	13071	1390.3251	13379	963.24005	1851.112	8.075001	448
240419_ES_R00006_MG_c00001_SA_NPB_3_i2.13476.13476.3	D:\SHARE\Tim\25-12-03_GD_Dataset\GD_dataset\NPB_3_i2\interact.pep.xml	GHVNITR	GHVN[2028]ITR	EGLGTNYR.GHVNITR.SGIECQLW	R	S	7	3	1399.2175	2709.1135	2709.109	904.0451	904.0436	2709.1121	904.0446	-0.0032	0.05308843	12.6	0	0.9712	0.000230947	2	0	118	124	0	4N(1913.6770)	NA	HexNAc(4)Hex(5)NeuAc(1) % 1913.6770	3.71	0	GHVnITR	G(0.00)H(0.00)V(0.00)N(12.60)I(0.00)T(0.00)R(0.00)	N4	1	G(0.00)H(0.00)V(0.00)N(8.49)I(0.00)T(0.00)R(0.00)	G(0)H(0)V(0)N(0)I(0)T(0)R(0)	12.600382	2	0	0	12.600382	2	8.486158	0	0	0	0	FALSE	FALSE	FALSE	sp|P00734|THRB_HUMAN	P00734	THRB_HUMAN	F2	Prothrombin		"tr|C9JV37|C9JV37_HUMAN, tr|E9PIT3|E9PIT3_HUMAN"	13437	0	0	0	0	0	0
240419_ES_R00006_MG_c00001_SA_NPB_3_i2.13830.13830.3	D:\SHARE\Tim\25-12-03_GD_Dataset\GD_dataset\NPB_3_i2\interact.pep.xml	GHVNITR	GHVN[2319]ITR	EGLGTNYR.GHVNITR.SGIECQLW	R	S	7	3	1430.5841	3000.2258	3000.2207	1001.0825	1001.0808	3000.2075	1001.0764	0.0132	0.001756912	17.521	0	1	0	2	0	118	124	8916215	4N(2204.7725)	NA	HexNAc(4)Hex(5)NeuAc(2) % 2204.7724	4.24	0	GHVnITR	G(0.00)H(0.00)V(0.00)N(16.10)I(0.00)T(0.00)R(0.00)	N4	1	G(0.00)H(0.00)V(0.00)N(10.57)I(0.00)T(0.00)R(0.00)	G(0)H(0)V(0)N(0)I(0)T(0)R(0)	16.095016	3	0	0	17.521963	4	10.573067	0	0	0	0	FALSE	FALSE	FALSE	sp|P00734|THRB_HUMAN	P00734	THRB_HUMAN	F2	Prothrombin		"tr|C9JV37|C9JV37_HUMAN, tr|E9PIT3|E9PIT3_HUMAN"	13801	1425.9751	13769	963.668	1851.112	8.075001	448
240419_ES_R00006_MG_c00001_SA_NPB_3_i2.13918.13918.3	D:\SHARE\Tim\25-12-03_GD_Dataset\GD_dataset\NPB_3_i2\interact.pep.xml	ETLSNASGTFAIR	ETLSN[2319]ASGTFAIR	M.ETLSNASGTFAIR.LLKILCQD	M	L	13	3	1437.3904	3570.4783	3570.4827	1191.1667	1191.1682	3570.4612	1191.161	0.0215	0.1261188	11.633	7.694	0.5525	0.000230947	2	0	2	14	986572030	5N(2204.7725)	NA	HexNAc(4)Hex(5)NeuAc(2) % 2204.7724	5.99	0	ETLSnASGTFAIR	E(0.00)T(0.00)L(0.00)S(0.00)N(11.49)A(0.00)S(0.00)G(0.00)T(0.00)F(0.00)A(0.00)I(0.00)R(0.00)	N5	1	E(0.00)T(0.00)L(0.00)S(0.00)N(8.05)A(0.00)S(0.00)G(0.00)T(0.00)F(0.00)A(0.00)I(0.00)R(0.00)	E(0)T(0)L(0)S(0)N(0)A(0)S(0)G(0)T(0)F(0)A(0)I(0)R(0)	11.489071	2	0	0	11.633171	3	8.045034	0	0	0	0	FALSE	FALSE	TRUE	sp|P50453|SPB9_HUMAN	P50453	SPB9_HUMAN	SERPINB9	Serpin B9			13895	1454.592	14113	1386.343	1633.629	24.749	116
240419_ES_R00006_MG_c00001_SA_NPB_3_i2.14132.14132.3	D:\SHARE\Tim\25-12-03_GD_Dataset\GD_dataset\NPB_3_i2\interact.pep.xml	GHVNITR	GHVN[2319]ITR	EGLGTNYR.GHVNITR.SGIECQLW	R	S	7	3	1456.74	3001.2202	3001.2153	1001.414	1001.4124	3000.2075	1001.0764	1.0078	0.001148153	18.26	0	1	0	2	0	118	124	6671300	4N(2204.7725)	NA	HexNAc(4)Hex(5)NeuAc(2) % 2204.7724	5.17	0	GHVnITR	G(0.00)H(0.00)V(0.00)N(18.26)I(0.00)T(0.00)R(0.00)	N4	1	G(0.00)H(0.00)V(0.00)N(12.38)I(0.00)T(0.00)R(0.00)	G(0)H(0)V(0)N(0)I(0)T(0)R(0)	18.26086	3	0	0	18.26086	3	12.383486	0	0	0	0	FALSE	FALSE	FALSE	sp|P00734|THRB_HUMAN	P00734	THRB_HUMAN	F2	Prothrombin		"tr|C9JV37|C9JV37_HUMAN, tr|E9PIT3|E9PIT3_HUMAN"	14113	1468.3701	14265	964.30304	1851.112	8.075001	448
240419_ES_R00006_MG_c00001_SA_NPB_3_i2.14624.14624.3	D:\SHARE\Tim\25-12-03_GD_Dataset\GD_dataset\NPB_3_i2\interact.pep.xml	ETLSNASGTFAIR	ETLSN[2319]ASGTFAIR	M.ETLSNASGTFAIR.LLKILCQD	M	L	13	3	1500.7839	3570.4797	3570.484	1191.1672	1191.1686	3570.4612	1191.161	0.0227	0.0282488	13.696	0	0.8603	0.000230947	2	0	2	14	26435306	5N(2204.7725)	NA	HexNAc(4)Hex(5)NeuAc(2) % 2204.7724	5.73	0	ETLSnASGTFAIR	E(0.00)T(0.00)L(0.00)S(0.00)N(12.12)A(0.00)S(0.00)G(0.00)T(0.00)F(0.00)A(0.00)I(0.00)R(0.00)	N5	1	E(0.00)T(0.00)L(0.00)S(0.00)N(9.89)A(0.00)S(0.00)G(0.00)T(0.00)F(0.00)A(0.00)I(0.00)R(0.00)	E(0)T(0)L(0)S(0)N(0)A(0)S(0)G(0)T(0)F(0)A(0)I(0)R(0)	12.118713	2	0	0	13.696794	3	9.894012	0	0	0	0	FALSE	FALSE	TRUE	sp|P50453|SPB9_HUMAN	P50453	SPB9_HUMAN	SERPINB9	Serpin B9			14593	1500.765	14623	1388.1481	1644.68	24.749	118
240419_ES_R00006_MG_c00001_SA_NPB_3_i2.14730.14730.3	D:\SHARE\Tim\25-12-03_GD_Dataset\GD_dataset\NPB_3_i2\interact.pep.xml	GHVNITR	GHVN[2319]ITR	EGLGTNYR.GHVNITR.SGIECQLW	R	S	7	3	1511.7555	3000.2156	3000.2114	1001.0791	1001.0777	3000.2075	1001.0764	0.0039	0.01123311	14.298	0	0.9938	0	2	0	118	124	5560339	4N(2204.7725)	NA	HexNAc(4)Hex(5)NeuAc(2) % 2204.7724	5.71	0	GHVnITR	G(0.00)H(0.00)V(0.00)N(13.25)I(0.00)T(0.00)R(0.00)	N4	1	G(0.00)H(0.00)V(0.00)N(10.58)I(0.00)T(0.00)R(0.00)	G(0)H(0)V(0)N(0)I(0)T(0)R(0)	13.252775	1	0	0	14.298535	2	10.57835	0	0	0	0	FALSE	FALSE	FALSE	sp|P00734|THRB_HUMAN	P00734	THRB_HUMAN	F2	Prothrombin		"tr|C9JV37|C9JV37_HUMAN, tr|E9PIT3|E9PIT3_HUMAN"	14696	1500.765	14623	963.668	1851.112	8.075001	448
240419_ES_R00006_MG_c00001_SA_NPB_3_i2.15336.15336.3	D:\SHARE\Tim\25-12-03_GD_Dataset\GD_dataset\NPB_3_i2\interact.pep.xml	GHVNITR	GHVN[2319]ITR	EGLGTNYR.GHVNITR.SGIECQLW	R	S	7	3	1575.9241	3000.2112	3000.2075	1001.0777	1001.0764	3000.2075	1001.0764	0	0.003175046	15.493	0	0.9996	0	2	0	118	124	5339194.5	4N(2204.7725)	NA	HexNAc(4)Hex(5)NeuAc(2) % 2204.7724	9.36	0	GHVnITR	G(0.00)H(0.00)V(0.00)N(15.49)I(0.00)T(0.00)R(0.00)	N4	1	G(0.00)H(0.00)V(0.00)N(11.87)I(0.00)T(0.00)R(0.00)	G(0)H(0)V(0)N(0)I(0)T(0)R(0)	15.493697	2	0	0	15.493697	2	11.866426	0	0	0	0	FALSE	FALSE	FALSE	sp|P00734|THRB_HUMAN	P00734	THRB_HUMAN	F2	Prothrombin		"tr|C9JV37|C9JV37_HUMAN, tr|E9PIT3|E9PIT3_HUMAN"	15308	1579.2601	15370	964.30304	1853.4601	8.075001	449
240419_ES_R00006_MG_c00001_SA_NPB_3_i2.15714.15714.3	D:\SHARE\Tim\25-12-03_GD_Dataset\GD_dataset\NPB_3_i2\interact.pep.xml	LQNNENNISCVER	LQNNENN[2028]ISCVER	IICNTGYR.LQNNENNISCVER.GWSTPPKC	R	G	13	3	1622.3862	3502.4082	3502.4172	1168.4767	1168.4797	3502.4033	1168.475	0.0139	0.001196741	19.188	7.329	1	0	2	0	120	132	10684867	"7N(1913.6770),10C(57.0215)"	NA	HexNAc(4)Hex(5)NeuAc(1) % 1913.6770	3.39	0	LQNNENnISCVER	L(0.00)Q(0.00)N(0.00)N(0.00)E(0.00)N(0.00)N(19.19)I(0.00)S(0.00)C(0.00)V(0.00)E(0.00)R(0.00)	N7	1	L(0.00)Q(0.00)N(0.00)N(0.00)E(0.00)N(0.00)N(9.80)I(0.00)S(0.00)C(0.00)V(0.00)E(0.00)R(0.00)	L(0)Q(0)N(0)N(0)E(0)N(0)N(0)I(0)S(0)C(0)V(0)E(0)R(0)	19.188278	5	0	0	19.188278	5	9.799093	0	0	0	0	FALSE	FALSE	FALSE	sp|Q03591|FHR1_HUMAN	Q03591	FHR1_HUMAN	CFHR1	Complement factor H-related protein 1	CFHR2	"sp|P36980|FHR2_HUMAN, tr|A0A3B3IQ51|A0A3B3IQ51_HUMAN, tr|A0A3B3IRW0|A0A3B3IRW0_HUMAN, tr|A0A3B3IS00|A0A3B3IS00_HUMAN, tr|B1AKG0|B1AKG0_HUMAN, tr|V9GYE7|V9GYE7_HUMAN"	15678	1630.343	15788	1612.285	1664.383	28.384	17
240419_ES_R00006_MG_c00001_SA_NPB_3_i2.15746.15746.4	D:\SHARE\Tim\25-12-03_GD_Dataset\GD_dataset\NPB_3_i2\interact.pep.xml	LQNNENNISCVER	LQNNENN[2028]ISCVER	IICNTGYR.LQNNENNISCVER.GWSTPPKC	R	G	13	4	1626.4229	3502.4128	3502.4106	876.6105	876.6099	3502.4033	876.6081	0.0073	0.0427809	13.975	0	0.9952	0	2	0	120	132	1087872.5	"7N(1913.6770),10C(57.0215)"	NA	HexNAc(4)Hex(5)NeuAc(1) % 1913.6770	3.75	0	LQNNENnISCVER	L(0.00)Q(0.00)N(0.00)N(0.00)E(0.00)N(0.00)N(13.98)I(0.00)S(0.00)C(0.00)V(0.00)E(0.00)R(0.00)	N7	1	L(0.00)Q(0.00)N(0.00)N(0.00)E(0.00)N(0.00)N(10.08)I(0.00)S(0.00)C(0.00)V(0.00)E(0.00)R(0.00)	L(0)Q(0)N(0)N(0)E(0)N(0)N(0)I(0)S(0)C(0)V(0)E(0)R(0)	13.97563	2	0	0	13.97563	2	10.076602	0	0	0	0	FALSE	FALSE	FALSE	sp|Q03591|FHR1_HUMAN	Q03591	FHR1_HUMAN	CFHR1	Complement factor H-related protein 1	CFHR2	"sp|P36980|FHR2_HUMAN, tr|A0A3B3IQ51|A0A3B3IQ51_HUMAN, tr|A0A3B3IRW0|A0A3B3IRW0_HUMAN, tr|A0A3B3IS00|A0A3B3IS00_HUMAN, tr|B1AKG0|B1AKG0_HUMAN, tr|V9GYE7|V9GYE7_HUMAN"	15710	1642.0431	15911	1612.285	1656.1951	31.698002	11
240419_ES_R00006_MG_c00001_SA_NPB_3_i2.15878.15878.3	D:\SHARE\Tim\25-12-03_GD_Dataset\GD_dataset\NPB_3_i2\interact.pep.xml	GHVNITR	GHVN[2319]ITR	EGLGTNYR.GHVNITR.SGIECQLW	R	S	7	3	1639.3733	3000.2075	3000.205	1001.0764	1001.0756	3000.2075	1001.0764	-0.0024	0.001882566	16.401	0	0.9999	0	2	0	118	124	3685934	4N(2204.7725)	NA	HexNAc(4)Hex(5)NeuAc(2) % 2204.7724	5.93	0	GHVnITR	G(0.00)H(0.00)V(0.00)N(16.40)I(0.00)T(0.00)R(0.00)	N4	1	G(0.00)H(0.00)V(0.00)N(12.32)I(0.00)T(0.00)R(0.00)	G(0)H(0)V(0)N(0)I(0)T(0)R(0)	16.401031	2	0	0	16.401031	2	12.316433	0	0	0	0	FALSE	FALSE	FALSE	sp|P00734|THRB_HUMAN	P00734	THRB_HUMAN	F2	Prothrombin		"tr|C9JV37|C9JV37_HUMAN, tr|E9PIT3|E9PIT3_HUMAN"	15842	1639.0231	15874	964.30304	1853.4601	8.075001	449
240419_ES_R00006_MG_c00001_SA_NPB_3_i2.16231.16231.3	D:\SHARE\Tim\25-12-03_GD_Dataset\GD_dataset\NPB_3_i2\interact.pep.xml	EEQFNSTFR	EEQFN[1559]STFR	HNAKTKPR.EEQFNSTFR.VVSVLTVV	R	V	9	3	1676.9342	2601.0566	2601.0479	868.0261	868.0232	2601.0486	868.0234	-9.00E-04	0.004285485	14.972	0	0.9643	0.000230947	2	0	172	180	6858864.5	5N(1444.5338)	NA	HexNAc(4)Hex(3)Fuc(1) % 1444.5339	4.88	0	EEQFnSTFR	E(0.00)E(0.00)Q(0.00)F(0.00)N(14.97)S(0.00)T(0.00)F(0.00)R(0.00)	N5	1	E(0.00)E(0.00)Q(0.00)F(0.00)N(10.88)S(0.00)T(0.00)F(0.00)R(0.00)	E(0)E(0)Q(0)F(0)N(0)S(0)T(0)F(0)R(0)	14.972582	2	0	0	14.972582	2	10.875039	0	0	0	0	FALSE	FALSE	TRUE	sp|P01859|IGHG2_HUMAN	P01859	IGHG2_HUMAN	IGHG2	Immunoglobulin heavy constant gamma 2			16202	1680.098	16261	1659.5181	1699.7941	22.542002	9
240419_ES_R00006_MG_c00001_SA_NPB_3_i2.16247.16247.2	D:\SHARE\Tim\25-12-03_GD_Dataset\GD_dataset\NPB_3_i2\interact.pep.xml	EEQFNSTFR	EEQFN[1559]STFR	HNAKTKPR.EEQFNSTFR.VVSVLTVV	R	V	9	2	1678.7942	2601.0566	2601.0576	1301.5356	1301.5361	2601.0486	1301.5316	0.009	0.0273842	13.75	0	0.5691	0.000230947	2	0	172	180	2655903.2	5N(1444.5338)	NA	HexNAc(4)Hex(3)Fuc(1) % 1444.5339	1.89	0	EEQFnSTFR	E(0.00)E(0.00)Q(0.00)F(0.00)N(13.75)S(0.00)T(0.00)F(0.00)R(0.00)	N5	1	E(0.00)E(0.00)Q(0.00)F(0.00)N(9.95)S(0.00)T(0.00)F(0.00)R(0.00)	E(0)E(0)Q(0)F(0)N(0)S(0)T(0)F(0)R(0)	13.750182	2	0	0	13.750182	2	9.945811	0	0	0	0	FALSE	FALSE	TRUE	sp|P01859|IGHG2_HUMAN	P01859	IGHG2_HUMAN	IGHG2	Immunoglobulin heavy constant gamma 2			16202	1680.098	16261	1667.456	1699.7941	19.473001	6
240419_ES_R00006_MG_c00001_SA_NPB_3_i2.16372.16372.3	D:\SHARE\Tim\25-12-03_GD_Dataset\GD_dataset\NPB_3_i2\interact.pep.xml	NHSCEPCQTLAVR	N[2319]HSCEPCQTLAVR	VVLGQERR.NHSCEPCQTLAVR.SYRLHEAF	R	S	13	3	1692.8846	3775.4834	3775.4802	1259.5017	1259.5007	3775.4705	1259.4974	0.0098	0.009451486	15.598	0	0.9952	0	2	0	433	445	6470463	"1N(2204.7725),4C(57.0215),7C(57.0215)"	NA	HexNAc(4)Hex(5)NeuAc(2) % 2204.7724	4.69	0	nHSCEPCQTLAVR	N(13.54)H(0.00)S(0.00)C(0.00)E(0.00)P(0.00)C(0.00)Q(0.00)T(0.00)L(0.00)A(0.00)V(0.00)R(0.00)	N1	1	N(9.57)H(0.00)S(0.00)C(0.00)E(0.00)P(0.00)C(0.00)Q(0.00)T(0.00)L(0.00)A(0.00)V(0.00)R(0.00)	N(0)H(0)S(0)C(0)E(0)P(0)C(0)Q(0)T(0)L(0)A(0)V(0)R(0)	13.535231	2	0	0	15.598924	3	9.568554	0	0	0	0	FALSE	FALSE	TRUE	sp|P00748|FA12_HUMAN	P00748	FA12_HUMAN	F12	Coagulation factor XII			16320	1693.035	16373	1683.175	1722.3931	23.096	9
240419_ES_R00006_MG_c00001_SA_NPB_3_i2.16379.16379.4	D:\SHARE\Tim\25-12-03_GD_Dataset\GD_dataset\NPB_3_i2\interact.pep.xml	NHSCEPCQTLAVR	N[2319]HSCEPCQTLAVR	VVLGQERR.NHSCEPCQTLAVR.SYRLHEAF	R	S	13	4	1693.5199	3775.4756	3775.475	944.8762	944.876	3775.4705	944.8749	0.0046	0.000197583	23.317	0	1	0	2	0	433	445	6821350	"1N(2204.7725),4C(57.0215),7C(57.0215)"	NA	HexNAc(4)Hex(5)NeuAc(2) % 2204.7724	5.42	0	nHSCEPCQTLAVR	N(20.78)H(0.00)S(0.00)C(0.00)E(0.00)P(0.00)C(0.00)Q(0.00)T(0.00)L(0.00)A(0.00)V(0.00)R(0.00)	N1	1	N(10.29)H(0.00)S(0.00)C(0.00)E(0.00)P(0.00)C(0.00)Q(0.00)T(0.00)L(0.00)A(0.00)V(0.00)R(0.00)	N(0)H(0)S(0)C(0)E(0)P(0)C(0)Q(0)T(0)L(0)A(0)V(0)R(0)	20.77933	5	0	0	23.317936	6	10.294298	0	0	0	0	FALSE	FALSE	TRUE	sp|P00748|FA12_HUMAN	P00748	FA12_HUMAN	F12	Coagulation factor XII			16346	1693.035	16373	1673.5621	1722.3931	23.096	9
240419_ES_R00006_MG_c00001_SA_NPB_3_i2.16811.16811.4	D:\SHARE\Tim\25-12-03_GD_Dataset\GD_dataset\NPB_3_i2\interact.pep.xml	NNATVHEQVGGPSLTSDLQAQSK	NN[2028]ATVHEQVGGPSLTSDLQAQSK	VYDDGEEK.NNATVHEQVGGPSLTSDLQAQSK.GNPEQTPV	K	G	23	4	1741.5779	4293.8486	4293.8506	1074.4694	1074.4699	4293.8389	1074.467	0.0117	0.000129942	23.045	0	1	0	2	0	85	107	25449296	2N(1913.6770)	NA	HexNAc(4)Hex(5)NeuAc(1) % 1913.6770	2.53	0	NnATVHEQVGGPSLTSDLQAQSK	N(0.00)N(20.47)A(0.00)T(0.00)V(0.00)H(0.00)E(0.00)Q(0.00)V(0.00)G(0.00)G(0.00)P(0.00)S(0.00)L(0.00)T(0.00)S(0.00)D(0.00)L(0.00)Q(0.00)A(0.00)Q(0.00)S(0.00)K(0.00)	N2	1	N(0.00)N(10.01)A(0.00)T(0.00)V(0.00)H(0.00)E(0.00)Q(0.00)V(0.00)G(0.00)G(0.00)P(0.00)S(0.00)L(0.00)T(0.00)S(0.00)D(0.00)L(0.00)Q(0.00)A(0.00)Q(0.00)S(0.00)K(0.00)	N(0)N(0)A(0)T(0)V(0)H(0)E(0)Q(0)V(0)G(0)G(0)P(0)S(0)L(0)T(0)S(0)D(0)L(0)Q(0)A(0)Q(0)S(0)K(0)	20.46722	5	0	0	23.045616	7	10.012022	0	0	0	0	FALSE	FALSE	FALSE	sp|P04004|VTNC_HUMAN	P04004	VTNC_HUMAN	VTN	Vitronectin		tr|F5GX75|F5GX75_HUMAN	16775	1755.3121	16948	1728.775	1809.9851	22.633001	28
240419_ES_R00006_MG_c00001_SA_NPB_3_i2.17311.17311.4	D:\SHARE\Tim\25-12-03_GD_Dataset\GD_dataset\NPB_3_i2\interact.pep.xml	NLFLNHSENATAK	NLFLNHSEN[3941]ATAK	QWLLTTAK.NLFLNHSENATAK.DIAPTLTL	K	D	13	4	1795.6747	5285.1025	5285.0957	1322.2829	1322.2812	5285.0801	1322.2773	0.0156	0.2141657	9.177	0	0.7886	0.000230947	2	0	203	215	32879830	9N(3827.3540)	NA	HexNAc(8)Hex(10)NeuAc(2) % 3827.3540	2.67	0	NLFLNHSEnATAK	N(0.00)L(0.00)F(0.00)L(0.00)N(6.43)H(0.00)S(0.00)E(0.00)N(9.18)A(0.00)T(0.00)A(0.00)K(0.00)	N9	1	N(0.00)L(0.00)F(0.00)L(0.00)N(3.73)H(0.00)S(0.00)E(0.00)N(5.04)A(0.00)T(0.00)A(0.00)K(0.00)	N(0)L(0)F(0)L(0)N(0)H(0)S(0)E(0)N(1)A(0)T(0)A(0)K(0)	9.177471	4	6.426472	2	7.863053	3	5.0407376	1	0	0	0	FALSE	FALSE	FALSE	sp|P00738|HPT_HUMAN	P00738	HPT_HUMAN	HP	Haptoglobin	HPR	"sp|P00739|HPTR_HUMAN, tr|A0A0C4DGL8|A0A0C4DGL8_HUMAN, tr|H0Y300|H0Y300_HUMAN, tr|H3BS21|H3BS21_HUMAN, tr|J3QLC9|J3QLC9_HUMAN, tr|J3QR68|J3QR68_HUMAN"	17284	1812.2811	17472	1783.436	1873.2231	26.753002	31
240419_ES_R00006_MG_c00001_SA_NPB_3_i2.17668.17668.3	D:\SHARE\Tim\25-12-03_GD_Dataset\GD_dataset\NPB_3_i2\interact.pep.xml	GHVNITR	GHVN[2319]ITR	EGLGTNYR.GHVNITR.SGIECQLW	R	S	7	3	1831.9635	3000.2114	3000.2102	1001.0777	1001.0773	3000.2075	1001.0764	0.0027	0.00206538	12.24	0	0.9999	0	2	0	118	124	3389726.5	4N(2204.7725)	NA	HexNAc(4)Hex(5)NeuAc(2) % 2204.7724	5.68	0	GHVnITR	G(0.00)H(0.00)V(0.00)N(12.24)I(0.00)T(0.00)R(0.00)	N4	1	G(0.00)H(0.00)V(0.00)N(8.50)I(0.00)T(0.00)R(0.00)	G(0)H(0)V(0)N(0)I(0)T(0)R(0)	12.240948	2	0	0	12.240948	2	8.499428	0	0	0	0	FALSE	FALSE	FALSE	sp|P00734|THRB_HUMAN	P00734	THRB_HUMAN	F2	Prothrombin		"tr|C9JV37|C9JV37_HUMAN, tr|E9PIT3|E9PIT3_HUMAN"	17632	1848.0441	17846	963.24005	1851.112	8.075001	448
240419_ES_R00006_MG_c00001_SA_NPB_3_i2.18226.18226.4	D:\SHARE\Tim\25-12-03_GD_Dataset\GD_dataset\NPB_3_i2\interact.pep.xml	NNATVHEQVGGPSLTSDLQAQSK	NN[2028]ATVHEQVGGPSLTSDLQAQSK	VYDDGEEK.NNATVHEQVGGPSLTSDLQAQSK.GNPEQTPV	K	G	23	4	1888.1969	4293.8325	4293.851	1074.4654	1074.47	4293.8389	1074.467	0.0122	0.09062544	15.671	0	0.9903	0.000139101	2	0	85	107	20312690	2N(1913.6770)	NA	HexNAc(4)Hex(5)NeuAc(1) % 1913.6770	2.39	0	NnATVHEQVGGPSLTSDLQAQSK	N(0.00)N(15.67)A(0.00)T(0.00)V(0.00)H(0.00)E(0.00)Q(0.00)V(0.00)G(0.00)G(0.00)P(0.00)S(0.00)L(0.00)T(0.00)S(0.00)D(0.00)L(0.00)Q(0.00)A(0.00)Q(0.00)S(0.00)K(0.00)	N2	1	N(0.00)N(9.73)A(0.00)T(0.00)V(0.00)H(0.00)E(0.00)Q(0.00)V(0.00)G(0.00)G(0.00)P(0.00)S(0.00)L(0.00)T(0.00)S(0.00)D(0.00)L(0.00)Q(0.00)A(0.00)Q(0.00)S(0.00)K(0.00)	N(0)N(0)A(0)T(0)V(0)H(0)E(0)Q(0)V(0)G(0)G(0)P(0)S(0)L(0)T(0)S(0)D(0)L(0)Q(0)A(0)Q(0)S(0)K(0)	15.67194	3	0	0	15.67194	3	9.734413	0	0	0	0	FALSE	FALSE	FALSE	sp|P04004|VTNC_HUMAN	P04004	VTNC_HUMAN	VTN	Vitronectin		tr|F5GX75|F5GX75_HUMAN	18201	1905.181	18438	1873.2231	1989.3582	46.246002	37
240419_ES_R00006_MG_c00001_SA_NPB_3_i2.18425.18425.3	D:\SHARE\Tim\25-12-03_GD_Dataset\GD_dataset\NPB_3_i2\interact.pep.xml	GHVNITR	GHVN[2319]ITR	EGLGTNYR.GHVNITR.SGIECQLW	R	S	7	3	1904.2063	3001.2234	3001.2212	1001.4151	1001.4143	3000.2075	1001.0764	1.0137	0.01551493	13.737	0	0.9651	0.000230947	2	0	118	124	3705498.5	4N(2204.7725)	NA	HexNAc(4)Hex(5)NeuAc(2) % 2204.7724	3.64	0	GHVnITR	G(0.00)H(0.00)V(0.00)N(13.74)I(0.00)T(0.00)R(0.00)	N4	1	G(0.00)H(0.00)V(0.00)N(9.76)I(0.00)T(0.00)R(0.00)	G(0)H(0)V(0)N(0)I(0)T(0)R(0)	13.737591	2	0	0	13.737591	2	9.755157	0	0	0	0	FALSE	FALSE	FALSE	sp|P00734|THRB_HUMAN	P00734	THRB_HUMAN	F2	Prothrombin		"tr|C9JV37|C9JV37_HUMAN, tr|E9PIT3|E9PIT3_HUMAN"	18395	1898.0181	18350	1851.112	2001.3951	38.399002	55
240419_ES_R00006_MG_c00001_SA_NPB_3_i2.18540.18540.3	D:\SHARE\Tim\25-12-03_GD_Dataset\GD_dataset\NPB_3_i2\interact.pep.xml	GHVNITR	GHVN[2319]ITR	EGLGTNYR.GHVNITR.SGIECQLW	R	S	7	3	1913.8398	3000.2354	3000.2083	1001.0857	1001.0767	3000.2075	1001.0764	7.00E-04	0.1008092	10.486	0	0.9481	0.000230947	2	0	118	124	0	4N(2204.7725)	NA	HexNAc(4)Hex(5)NeuAc(2) % 2204.7724	5.46	0	GHVnITR	G(0.00)H(0.00)V(0.00)N(10.49)I(0.00)T(0.00)R(0.00)	N4	1	G(0.00)H(0.00)V(0.00)N(6.72)I(0.00)T(0.00)R(0.00)	G(0)H(0)V(0)N(0)I(0)T(0)R(0)	10.486986	2	0	0	10.486986	2	6.7229114	0	0	0	0	FALSE	FALSE	FALSE	sp|P00734|THRB_HUMAN	P00734	THRB_HUMAN	F2	Prothrombin		"tr|C9JV37|C9JV37_HUMAN, tr|E9PIT3|E9PIT3_HUMAN"	18490	0	0	0	0	0	0
240419_ES_R00006_MG_c00001_SA_NPB_3_i2.18711.18711.4	D:\SHARE\Tim\25-12-03_GD_Dataset\GD_dataset\NPB_3_i2\interact.pep.xml	NNATVHEQVGGPSLTSDLQAQSK	NN[2684]ATVHEQVGGPSLTSDLQAQSK	VYDDGEEK.NNATVHEQVGGPSLTSDLQAQSK.GNPEQTPV	K	G	23	4	1932.9589	4950.0815	4950.084	1238.5277	1238.5283	4950.0664	1238.5239	0.0176	0.009643842	16.563	0	0.9975	0	2	0	85	107	6378953	2N(2569.9045)	NA	HexNAc(5)Hex(6)NeuAc(2) % 2569.9046	2.95	0	NnATVHEQVGGPSLTSDLQAQSK	N(0.00)N(16.56)A(0.00)T(0.00)V(0.00)H(0.00)E(0.00)Q(0.00)V(0.00)G(0.00)G(0.00)P(0.00)S(0.00)L(0.00)T(0.00)S(0.00)D(0.00)L(0.00)Q(0.00)A(0.00)Q(0.00)S(0.00)K(0.00)	N2	1	N(0.00)N(10.99)A(0.00)T(0.00)V(0.00)H(0.00)E(0.00)Q(0.00)V(0.00)G(0.00)G(0.00)P(0.00)S(0.00)L(0.00)T(0.00)S(0.00)D(0.00)L(0.00)Q(0.00)A(0.00)Q(0.00)S(0.00)K(0.00)	N(0)N(2)A(0)T(0)V(0)H(0)E(0)Q(0)V(0)G(0)G(0)P(0)S(0)L(0)T(0)S(0)D(0)L(0)Q(0)A(0)Q(0)S(0)K(0)	16.563145	5	0	0	13.555286	3	10.99054	2	0	0	0	FALSE	FALSE	FALSE	sp|P04004|VTNC_HUMAN	P04004	VTNC_HUMAN	VTN	Vitronectin		tr|F5GX75|F5GX75_HUMAN	18680	1938.5771	18766	1915.207	1960.081	30.955002	12
240419_ES_R00006_MG_c00001_SA_NPB_3_i2.18797.18797.3	D:\SHARE\Tim\25-12-03_GD_Dataset\GD_dataset\NPB_3_i2\interact.pep.xml	GHVNITR	GHVN[2028]ITR	EGLGTNYR.GHVNITR.SGIECQLW	R	S	7	3	1941.5085	2711.1223	2711.119	904.7147	904.7136	2709.1121	904.0446	2.0068	0.2524934	9.891	0	0.503	0.000230947	2	0	118	124	0	4N(1913.6770)	NA	HexNAc(4)Hex(5)NeuAc(1) % 1913.6770	2.21	0	GHVnITR	G(0.00)H(0.00)V(0.00)N(9.89)I(0.00)T(0.00)R(0.00)	N4	1	G(0.00)H(0.00)V(0.00)N(5.97)I(0.00)T(0.00)R(0.00)	G(0)H(0)V(0)N(0)I(0)T(0)R(0)	9.891645	2	0	0	9.891645	2	5.968713	0	0	0	0	FALSE	FALSE	FALSE	sp|P00734|THRB_HUMAN	P00734	THRB_HUMAN	F2	Prothrombin		"tr|C9JV37|C9JV37_HUMAN, tr|E9PIT3|E9PIT3_HUMAN"	18740	0	0	0	0	0	0
240419_ES_R00006_MG_c00001_SA_NPB_3_i2.18799.18799.4	D:\SHARE\Tim\25-12-03_GD_Dataset\GD_dataset\NPB_3_i2\interact.pep.xml	NNATVHEQVGGPSLTSDLQAQSK	NN[2319]ATVHEQVGGPSLTSDLQAQSK	VYDDGEEK.NNATVHEQVGGPSLTSDLQAQSK.GNPEQTPV	K	G	23	4	1941.6758	4584.947	4584.945	1147.244	1147.2435	4584.9346	1147.241	0.0105	4.19E-06	32.76	13.335	0.9997	0	2	0	85	107	79614032	2N(2204.7725)	NA	HexNAc(4)Hex(5)NeuAc(2) % 2204.7724	4.6	0	NnATVHEQVGGPSLTSDLQAQSK	N(0.00)N(32.76)A(0.00)T(0.00)V(0.00)H(0.00)E(0.00)Q(0.00)V(0.00)G(0.00)G(0.00)P(0.00)S(0.00)L(0.00)T(0.00)S(0.00)D(0.00)L(0.00)Q(0.00)A(0.00)Q(0.00)S(0.00)K(0.00)	N2	1	N(0.00)N(14.80)A(0.00)T(0.00)V(0.00)H(0.00)E(0.00)Q(0.00)V(0.00)G(0.00)G(0.00)P(0.00)S(0.00)L(0.00)T(0.00)S(0.00)D(0.00)L(0.00)Q(0.00)A(0.00)Q(0.00)S(0.00)K(0.00)	N(0)N(3)A(0)T(0)V(0)H(0)E(0)Q(0)V(0)G(0)G(0)P(0)S(0)L(0)T(0)S(0)D(0)L(0)Q(0)A(0)Q(0)S(0)K(0)	32.76009	11	0	0	31.004366	10	14.795586	3	0	0	0	FALSE	FALSE	FALSE	sp|P04004|VTNC_HUMAN	P04004	VTNC_HUMAN	VTN	Vitronectin		tr|F5GX75|F5GX75_HUMAN	18766	1953.6781	18914	1935.7601	1986.0092	18.789001	17
240419_ES_R00006_MG_c00001_SA_NPB_3_i2.18835.18835.4	D:\SHARE\Tim\25-12-03_GD_Dataset\GD_dataset\NPB_3_i2\interact.pep.xml	NNATVHEQVGGPSLTSDLQAQSK	NN[2465]ATVHEQVGGPSLTSDLQAQSK	VYDDGEEK.NNATVHEQVGGPSLTSDLQAQSK.GNPEQTPV	K	G	23	4	1944.7881	4731.0166	4731.009	1183.7614	1183.7595	4730.9922	1183.7554	0.0166	0.001447938	18.857	0	0.9999	0	2	0	85	107	13982499	2N(2350.8303)	NA	HexNAc(4)Hex(5)Fuc(1)NeuAc(2) % 2350.8303	3.07	0	NnATVHEQVGGPSLTSDLQAQSK	N(0.00)N(17.45)A(0.00)T(0.00)V(0.00)H(0.00)E(0.00)Q(0.00)V(0.00)G(0.00)G(0.00)P(0.00)S(0.00)L(0.00)T(0.00)S(0.00)D(0.00)L(0.00)Q(0.00)A(0.00)Q(0.00)S(0.00)K(0.00)	N2	1	N(0.00)N(7.43)A(0.00)T(0.00)V(0.00)H(0.00)E(0.00)Q(0.00)V(0.00)G(0.00)G(0.00)P(0.00)S(0.00)L(0.00)T(0.00)S(0.00)D(0.00)L(0.00)Q(0.00)A(0.00)Q(0.00)S(0.00)K(0.00)	N(0)N(0)A(0)T(0)V(0)H(0)E(0)Q(0)V(0)G(0)G(0)P(0)S(0)L(0)T(0)S(0)D(0)L(0)Q(0)A(0)Q(0)S(0)K(0)	17.451626	5	0	0	18.85748	6	7.42712	0	0	0	0	FALSE	FALSE	FALSE	sp|P04004|VTNC_HUMAN	P04004	VTNC_HUMAN	VTN	Vitronectin		tr|F5GX75|F5GX75_HUMAN	18798	1947.4801	18861	1929.92	1968.029	18.423	8
240419_ES_R00006_MG_c00001_SA_NPB_3_i2.18895.18895.5	D:\SHARE\Tim\25-12-03_GD_Dataset\GD_dataset\NPB_3_i2\interact.pep.xml	NNATVHEQVGGPSLTSDLQAQSK	NN[2319]ATVHEQVGGPSLTSDLQAQSK	VYDDGEEK.NNATVHEQVGGPSLTSDLQAQSK.GNPEQTPV	K	G	23	5	1950.8839	4584.946	4584.941	917.9965	917.9955	4584.9346	917.9943	0.0066	0.000928432	21.629	6.661	1	0	2	0	85	107	7134220.5	2N(2204.7725)	NA	HexNAc(4)Hex(5)NeuAc(2) % 2204.7724	4.86	0	NnATVHEQVGGPSLTSDLQAQSK	N(0.00)N(20.37)A(0.00)T(0.00)V(0.00)H(0.00)E(0.00)Q(0.00)V(0.00)G(0.00)G(0.00)P(0.00)S(0.00)L(0.00)T(0.00)S(0.00)D(0.00)L(0.00)Q(0.00)A(0.00)Q(0.00)S(0.00)K(0.00)	N2	1	N(0.00)N(10.51)A(0.00)T(0.00)V(0.00)H(0.00)E(0.00)Q(0.00)V(0.00)G(0.00)G(0.00)P(0.00)S(0.00)L(0.00)T(0.00)S(0.00)D(0.00)L(0.00)Q(0.00)A(0.00)Q(0.00)S(0.00)K(0.00)	N(0)N(2)A(0)T(0)V(0)H(0)E(0)Q(0)V(0)G(0)G(0)P(0)S(0)L(0)T(0)S(0)D(0)L(0)Q(0)A(0)Q(0)S(0)K(0)	20.371992	7	0	0	21.629768	8	10.512922	2	0	0	0	FALSE	FALSE	FALSE	sp|P04004|VTNC_HUMAN	P04004	VTNC_HUMAN	VTN	Vitronectin		tr|F5GX75|F5GX75_HUMAN	18861	1953.6781	18914	1932.6791	1974.6061	18.789001	11
240419_ES_R00006_MG_c00001_SA_NPB_3_i2.19456.19456.4	D:\SHARE\Tim\25-12-03_GD_Dataset\GD_dataset\NPB_3_i2\interact.pep.xml	NNATVHEQVGGPSLTSDLQAQSK	NN[2319]ATVHEQVGGPSLTSDLQAQSK	VYDDGEEK.NNATVHEQVGGPSLTSDLQAQSK.GNPEQTPV	K	G	23	4	2001.4108	4585.938	4585.945	1147.4918	1147.4935	4584.9346	1147.241	1.0105	0.002880712	20.662	0	0.9988	0	2	0	85	107	9813260	2N(2204.7725)	NA	HexNAc(4)Hex(5)NeuAc(2) % 2204.7724	5.49	0	NnATVHEQVGGPSLTSDLQAQSK	N(0.00)N(18.04)A(0.00)T(0.00)V(0.00)H(0.00)E(0.00)Q(0.00)V(0.00)G(0.00)G(0.00)P(0.00)S(0.00)L(0.00)T(0.00)S(0.00)D(0.00)L(0.00)Q(0.00)A(0.00)Q(0.00)S(0.00)K(0.00)	N2	1	N(0.00)N(9.92)A(0.00)T(0.00)V(0.00)H(0.00)E(0.00)Q(0.00)V(0.00)G(0.00)G(0.00)P(0.00)S(0.00)L(0.00)T(0.00)S(0.00)D(0.00)L(0.00)Q(0.00)A(0.00)Q(0.00)S(0.00)K(0.00)	N(0)N(0)A(0)T(0)V(0)H(0)E(0)Q(0)V(0)G(0)G(0)P(0)S(0)L(0)T(0)S(0)D(0)L(0)Q(0)A(0)Q(0)S(0)K(0)	18.042356	4	0	0	20.662231	6	9.916983	0	0	0	0	FALSE	FALSE	FALSE	sp|P04004|VTNC_HUMAN	P04004	VTNC_HUMAN	VTN	Vitronectin		tr|F5GX75|F5GX75_HUMAN	19426	2001.3951	19455	1989.3582	2036.7852	19.266	18
240419_ES_R00006_MG_c00001_SA_NPB_3_i2.19486.19486.4	D:\SHARE\Tim\25-12-03_GD_Dataset\GD_dataset\NPB_3_i2\interact.pep.xml	NNATVHEQVGGPSLTSDLQAQSK	NN[2319]ATVHEQVGGPSLTSDLQAQSK	VYDDGEEK.NNATVHEQVGGPSLTSDLQAQSK.GNPEQTPV	K	G	23	4	2004.1523	4584.896	4584.8955	1147.2313	1147.2312	4584.9346	1147.241	-0.0388	0.3415859	10.366	0	0.8811	0.000230947	2	0	85	107	9525922	2N(2204.7725)	NA	HexNAc(4)Hex(5)NeuAc(2) % 2204.7724	3.33	0	NnATVHEQVGGPSLTSDLQAQSK	N(0.00)N(8.32)A(0.00)T(0.00)V(0.00)H(0.00)E(0.00)Q(0.00)V(0.00)G(0.00)G(0.00)P(0.00)S(0.00)L(0.00)T(0.00)S(0.00)D(0.00)L(0.00)Q(0.00)A(0.00)Q(0.00)S(0.00)K(0.00)	N2	1	N(0.00)N(6.87)A(0.00)T(0.00)V(0.00)H(0.00)E(0.00)Q(0.00)V(0.00)G(0.00)G(0.00)P(0.00)S(0.00)L(0.00)T(0.00)S(0.00)D(0.00)L(0.00)Q(0.00)A(0.00)Q(0.00)S(0.00)K(0.00)	N(0)N(0)A(0)T(0)V(0)H(0)E(0)Q(0)V(0)G(0)G(0)P(0)S(0)L(0)T(0)S(0)D(0)L(0)Q(0)A(0)Q(0)S(0)K(0)	8.320267	1	0	0	10.36641	2	6.8663206	0	0	0	0	FALSE	FALSE	FALSE	sp|P04004|VTNC_HUMAN	P04004	VTNC_HUMAN	VTN	Vitronectin		tr|F5GX75|F5GX75_HUMAN	19455	2001.3951	19455	1986.0092	2039.805	22.615002	20
240419_ES_R00006_MG_c00001_SA_NPB_3_i2.20258.20258.5	D:\SHARE\Tim\25-12-03_GD_Dataset\GD_dataset\NPB_3_i2\interact.pep.xml	SRYPHKPEINSTTHPGADLQENFCR	SRYPHKPEIN[2028]STTHPGADLQENFCR	GIECQLWR.SRYPHKPEINSTTHPGADLQENFCR.NPDSSTTG	R	N	25	5	2069.665	4867.0747	4867.042	974.4222	974.4157	4867.0659	974.4205	-0.024	0.03503484	13.322	0	0.987	0.000230947	2	2	134	158	0	"10N(1913.6770),24C(57.0215)"	NA	HexNAc(4)Hex(5)NeuAc(1) % 1913.6770	0.8	0	SRYPHKPEInSTTHPGADLQENFCR	S(0.00)R(0.00)Y(0.00)P(0.00)H(0.00)K(0.00)P(0.00)E(0.00)I(0.00)N(13.32)S(0.00)T(0.00)T(0.00)H(0.00)P(0.00)G(0.00)A(0.00)D(0.00)L(0.00)Q(0.00)E(0.00)N(0.00)F(0.00)C(0.00)R(0.00)	N10	1	S(0.00)R(0.00)Y(0.00)P(0.00)H(0.00)K(0.00)P(0.00)E(0.00)I(0.00)N(5.50)S(0.00)T(0.00)T(0.00)H(0.00)P(0.00)G(0.00)A(0.00)D(0.00)L(0.00)Q(0.00)E(0.00)N(0.00)F(0.00)C(0.00)R(0.00)	S(0)R(0)Y(0)P(0)H(0)K(0)P(0)E(0)I(0)N(0)S(0)T(0)T(0)H(0)P(0)G(0)A(0)D(0)L(0)Q(0)E(0)N(0)F(0)C(0)R(0)	13.322437	4	0	0	13.322437	4	5.4966354	0	0	0	0	FALSE	FALSE	FALSE	sp|P00734|THRB_HUMAN	P00734	THRB_HUMAN	F2	Prothrombin		"tr|C9JV37|C9JV37_HUMAN, tr|E9PIT3|E9PIT3_HUMAN"	20217	0	0	0	0	0	0
240419_ES_R00006_MG_c00001_SA_NPB_3_i2.20386.20386.5	D:\SHARE\Tim\25-12-03_GD_Dataset\GD_dataset\NPB_3_i2\interact.pep.xml	SRYPHKPEINSTTHPGADLQENFCR	SRYPHKPEIN[2028]STTHPGADLQENFCR	GIECQLWR.SRYPHKPEINSTTHPGADLQENFCR.NPDSSTTG	R	N	25	5	2080.815	4867.099	4867.07	974.4271	974.4213	4867.0659	974.4205	0.0039	1.91E-10	28.164	8.629	1	0	2	2	134	158	3895154.5	"10N(1913.6770),24C(57.0215)"	NA	HexNAc(4)Hex(5)NeuAc(1) % 1913.6770	4.16	0	SRYPHKPEInSTTHPGADLQENFCR	S(0.00)R(0.00)Y(0.00)P(0.00)H(0.00)K(0.00)P(0.00)E(0.00)I(0.00)N(28.16)S(0.00)T(0.00)T(0.00)H(0.00)P(0.00)G(0.00)A(0.00)D(0.00)L(0.00)Q(0.00)E(0.00)N(0.00)F(0.00)C(0.00)R(0.00)	N10	1	S(0.00)R(0.00)Y(0.00)P(0.00)H(0.00)K(0.00)P(0.00)E(0.00)I(0.00)N(5.92)S(0.00)T(0.00)T(0.00)H(0.00)P(0.00)G(0.00)A(0.00)D(0.00)L(0.00)Q(0.00)E(0.00)N(0.00)F(0.00)C(0.00)R(0.00)	S(0)R(0)Y(0)P(0)H(0)K(0)P(0)E(0)I(0)N(0)S(0)T(0)T(0)H(0)P(0)G(0)A(0)D(0)L(0)Q(0)E(0)N(0)F(0)C(0)R(0)	28.164875	12	0	0	28.164875	12	5.9208436	0	0	0	0	FALSE	FALSE	FALSE	sp|P00734|THRB_HUMAN	P00734	THRB_HUMAN	F2	Prothrombin		"tr|C9JV37|C9JV37_HUMAN, tr|E9PIT3|E9PIT3_HUMAN"	20340	2085.601	20447	2050.478	2221.1172	46.394	72
240419_ES_R00006_MG_c00001_SA_NPB_3_i2.20610.20610.4	D:\SHARE\Tim\25-12-03_GD_Dataset\GD_dataset\NPB_3_i2\interact.pep.xml	NNATVHEQVGGPSLTSDLQAQSK	NN[2684]ATVHEQVGGPSLTSDLQAQSK	VYDDGEEK.NNATVHEQVGGPSLTSDLQAQSK.GNPEQTPV	K	G	23	4	2098.7307	4950.082	4950.0527	1238.5278	1238.5205	4950.0664	1238.5239	-0.0137	0.000135691	14.234	12.411	1	0	2	0	85	107	5713487.5	2N(2569.9045)	NA	HexNAc(5)Hex(6)NeuAc(2) % 2569.9046	0.26	0	NnATVHEQVGGPSLTSDLQAQSK	N(0.00)N(14.23)A(0.00)T(0.00)V(0.00)H(0.00)E(0.00)Q(0.00)V(0.00)G(0.00)G(0.00)P(0.00)S(0.00)L(0.00)T(0.00)S(0.00)D(0.00)L(0.00)Q(0.00)A(0.00)Q(0.00)S(0.00)K(0.00)	N2	1	N(0.00)N(6.51)A(0.00)T(0.00)V(0.00)H(0.00)E(0.00)Q(0.00)V(0.00)G(0.00)G(0.00)P(0.00)S(0.00)L(0.00)T(0.00)S(0.00)D(0.00)L(0.00)Q(0.00)A(0.00)Q(0.00)S(0.00)K(0.00)	N(0)N(0)A(0)T(0)V(0)H(0)E(0)Q(0)V(0)G(0)G(0)P(0)S(0)L(0)T(0)S(0)D(0)L(0)Q(0)A(0)Q(0)S(0)K(0)	14.234767	4	0	0	14.234767	4	6.5123634	0	0	0	0	FALSE	FALSE	FALSE	sp|P04004|VTNC_HUMAN	P04004	VTNC_HUMAN	VTN	Vitronectin		tr|F5GX75|F5GX75_HUMAN	20573	2095.9602	20573	2079.391	2109.678	16.695002	8
240419_ES_R00006_MG_c00001_SA_NPB_3_i2.20659.20659.4	D:\SHARE\Tim\25-12-03_GD_Dataset\GD_dataset\NPB_3_i2\interact.pep.xml	NNATVHEQVGGPSLTSDLQAQSK	NN[2319]ATVHEQVGGPSLTSDLQAQSK	VYDDGEEK.NNATVHEQVGGPSLTSDLQAQSK.GNPEQTPV	K	G	23	4	2102.5588	4584.965	4584.942	1147.2485	1147.2428	4584.9346	1147.241	0.0076	0.01208027	17.872	8.797	0.9962	0	2	0	85	107	45409868	2N(2204.7725)	NA	HexNAc(4)Hex(5)NeuAc(2) % 2204.7724	3.94	0	NnATVHEQVGGPSLTSDLQAQSK	N(0.00)N(17.87)A(0.00)T(0.00)V(0.00)H(0.00)E(0.00)Q(0.00)V(0.00)G(0.00)G(0.00)P(0.00)S(0.00)L(0.00)T(0.00)S(0.00)D(0.00)L(0.00)Q(0.00)A(0.00)Q(0.00)S(0.00)K(0.00)	N2	1	N(0.00)N(8.04)A(0.00)T(0.00)V(0.00)H(0.00)E(0.00)Q(0.00)V(0.00)G(0.00)G(0.00)P(0.00)S(0.00)L(0.00)T(0.00)S(0.00)D(0.00)L(0.00)Q(0.00)A(0.00)Q(0.00)S(0.00)K(0.00)	N(0)N(0)A(0)T(0)V(0)H(0)E(0)Q(0)V(0)G(0)G(0)P(0)S(0)L(0)T(0)S(0)D(0)L(0)Q(0)A(0)Q(0)S(0)K(0)	17.872353	5	0	0	17.872353	5	8.042476	0	0	0	0	FALSE	FALSE	FALSE	sp|P04004|VTNC_HUMAN	P04004	VTNC_HUMAN	VTN	Vitronectin		tr|F5GX75|F5GX75_HUMAN	20608	2124.52	20955	2071.2651	2140.5442	24.913002	26
240419_ES_R00006_MG_c00001_SA_NPB_3_i2.20685.20685.4	D:\SHARE\Tim\25-12-03_GD_Dataset\GD_dataset\NPB_3_i2\interact.pep.xml	NLFLNHSENATAK	NLFLNHSEN[4232]ATAK	QWLLTTAK.NLFLNHSENATAK.DIAPTLTL	K	D	13	4	2104.433	5576.192	5576.1865	1395.0553	1395.0539	5576.1753	1395.0511	0.0112	0.3351583	12.399	0	0.574	0.000230947	2	0	203	215	38474192	9N(4118.4492)	NA	HexNAc(8)Hex(10)NeuAc(3) % 4118.4494	4	0	NLFLNHSEnATAK	N(0.00)L(0.00)F(0.00)L(0.00)N(6.54)H(0.00)S(0.00)E(0.00)N(12.40)A(0.00)T(0.00)A(0.00)K(0.00)	N9	1	N(0.00)L(0.00)F(0.00)L(0.00)N(4.72)H(0.00)S(0.00)E(0.00)N(7.44)A(0.00)T(0.00)A(0.00)K(0.00)	N(0)L(0)F(0)L(0)N(1)H(0)S(0)E(0)N(3)A(0)T(0)A(0)K(0)	12.399243	6	6.5362296	2	8.109724	3	7.435052	3	0	0	0	FALSE	FALSE	FALSE	sp|P00738|HPT_HUMAN	P00738	HPT_HUMAN	HP	Haptoglobin	HPR	"sp|P00739|HPTR_HUMAN, tr|A0A0C4DGL8|A0A0C4DGL8_HUMAN, tr|H0Y300|H0Y300_HUMAN, tr|H3BS21|H3BS21_HUMAN, tr|J3QLC9|J3QLC9_HUMAN, tr|J3QR68|J3QR68_HUMAN"	20647	2111.986	20786	2088.476	2170.589	25.446001	33
240419_ES_R00006_MG_c00001_SA_NPB_3_i2.20693.20693.4	D:\SHARE\Tim\25-12-03_GD_Dataset\GD_dataset\NPB_3_i2\interact.pep.xml	IPCSQPPQIEHGTINSSR	IPCSQPPQIEHGTIN[2319]SSR	SIPLCVEK.IPCSQPPQIEHGTINSSR.SSQESYAH	K	S	18	4	2105.107	4224.757	4224.7583	1057.1965	1057.1969	4224.752	1057.1953	0.0063	0.00082319	19.838	0	1	0	2	0	868	885	21195562	"3C(57.0215),15N(2204.7725)"	NA	HexNAc(4)Hex(5)NeuAc(2) % 2204.7724	3.35	0	IPCSQPPQIEHGTInSSR	I(0.00)P(0.00)C(0.00)S(0.00)Q(0.00)P(0.00)P(0.00)Q(0.00)I(0.00)E(0.00)H(0.00)G(0.00)T(0.00)I(0.00)N(19.84)S(0.00)S(0.00)R(0.00)	N15	1	I(0.00)P(0.00)C(0.00)S(0.00)Q(0.00)P(0.00)P(0.00)Q(0.00)I(0.00)E(0.00)H(0.00)G(0.00)T(0.00)I(0.00)N(13.53)S(0.00)S(0.00)R(0.00)	I(0)P(0)C(0)S(0)Q(0)P(0)P(0)Q(0)I(0)E(0)H(0)G(0)T(0)I(0)N(2)S(0)S(0)R(0)	19.838776	5	0	0	15.497313	3	13.528208	2	0	0	0	FALSE	FALSE	TRUE	sp|P08603|CFAH_HUMAN	P08603	CFAH_HUMAN	CFH	Complement factor H			20647	2121.49	20914	2079.391	2196.8042	32.230003	43
240419_ES_R00006_MG_c00001_SA_NPB_3_i2.20726.20726.3	D:\SHARE\Tim\25-12-03_GD_Dataset\GD_dataset\NPB_3_i2\interact.pep.xml	NGSLFAFR	N[2028]GSLFAFR	FDAFTDLK.NGSLFAFR.GQYCYELD	K	G	8	3	2107.5317	2824.1401	2824.1445	942.3873	942.3888	2824.1431	942.3882	0.0013	0.000254536	20.877	0	1	0	2	0	169	176	6930238	1N(1913.6770)	NA	HexNAc(4)Hex(5)NeuAc(1) % 1913.6770	5.4	0	nGSLFAFR	N(20.88)G(0.00)S(0.00)L(0.00)F(0.00)A(0.00)F(0.00)R(0.00)	N1	1	N(12.29)G(0.00)S(0.00)L(0.00)F(0.00)A(0.00)F(0.00)R(0.00)	N(0)G(0)S(0)L(0)F(0)A(0)F(0)R(0)	20.87793	4	0	0	20.87793	4	12.285787	0	0	0	0	FALSE	FALSE	TRUE	sp|P04004|VTNC_HUMAN	P04004	VTNC_HUMAN	VTN	Vitronectin			20684	2124.52	20955	2095.9602	2145.6511	30.888002	16
240419_ES_R00006_MG_c00001_SA_NPB_3_i2.20798.20798.4	D:\SHARE\Tim\25-12-03_GD_Dataset\GD_dataset\NPB_3_i2\interact.pep.xml	SRYPHKPEINSTTHPGADLQENFCR	SRYPHKPEIN[2028]STTHPGADLQENFCR	GIECQLWR.SRYPHKPEINSTTHPGADLQENFCR.NPDSSTTG	R	N	25	4	2112.888	4867.0723	4867.077	1217.7754	1217.7765	4867.0659	1217.7738	0.0112	1.38E-07	21.319	7.873	1	0	2	2	134	158	4745124.5	"10N(1913.6770),24C(57.0215)"	NA	HexNAc(4)Hex(5)NeuAc(1) % 1913.6770	1.69	0	SRYPHKPEInSTTHPGADLQENFCR	S(0.00)R(0.00)Y(0.00)P(0.00)H(0.00)K(0.00)P(0.00)E(0.00)I(0.00)N(21.32)S(0.00)T(0.00)T(0.00)H(0.00)P(0.00)G(0.00)A(0.00)D(0.00)L(0.00)Q(0.00)E(0.00)N(0.00)F(0.00)C(0.00)R(0.00)	N10	1	S(0.00)R(0.00)Y(0.00)P(0.00)H(0.00)K(0.00)P(0.00)E(0.00)I(0.00)N(3.69)S(0.00)T(0.00)T(0.00)H(0.00)P(0.00)G(0.00)A(0.00)D(0.00)L(0.00)Q(0.00)E(0.00)N(0.00)F(0.00)C(0.00)R(0.00)	S(0)R(0)Y(0)P(0)H(0)K(0)P(0)E(0)I(0)N(1)S(0)T(0)T(0)H(0)P(0)G(0)A(0)D(0)L(0)Q(0)E(0)N(0)F(0)C(0)R(0)	21.319992	11	0	0	19.525719	10	3.6914785	1	0	0	0	FALSE	FALSE	FALSE	sp|P00734|THRB_HUMAN	P00734	THRB_HUMAN	F2	Prothrombin		"tr|C9JV37|C9JV37_HUMAN, tr|E9PIT3|E9PIT3_HUMAN"	20756	2111.986	20786	2104.417	2216.352	40.726	47
240419_ES_R00006_MG_c00001_SA_NPB_3_i2.20804.20804.3	D:\SHARE\Tim\25-12-03_GD_Dataset\GD_dataset\NPB_3_i2\interact.pep.xml	IPCSQPPQIEHGTINSSR	IPCSQPPQIEHGTIN[2319]SSR	SIPLCVEK.IPCSQPPQIEHGTINSSR.SSQESYAH	K	S	18	3	2113.2974	4224.7563	4224.76	1409.2594	1409.2606	4224.752	1409.2579	0.0078	0.005392001	16.573	0	0.9983	0	2	0	868	885	9746135	"3C(57.0215),15N(2204.7725)"	NA	HexNAc(4)Hex(5)NeuAc(2) % 2204.7724	2.87	0	IPCSQPPQIEHGTInSSR	I(0.00)P(0.00)C(0.00)S(0.00)Q(0.00)P(0.00)P(0.00)Q(0.00)I(0.00)E(0.00)H(0.00)G(0.00)T(0.00)I(0.00)N(16.57)S(0.00)S(0.00)R(0.00)	N15	1	I(0.00)P(0.00)C(0.00)S(0.00)Q(0.00)P(0.00)P(0.00)Q(0.00)I(0.00)E(0.00)H(0.00)G(0.00)T(0.00)I(0.00)N(11.25)S(0.00)S(0.00)R(0.00)	I(0)P(0)C(0)S(0)Q(0)P(0)P(0)Q(0)I(0)E(0)H(0)G(0)T(0)I(0)N(1)S(0)S(0)R(0)	16.573952	4	0	0	14.5957	3	11.253257	1	0	0	0	FALSE	FALSE	TRUE	sp|P08603|CFAH_HUMAN	P08603	CFAH_HUMAN	CFH	Complement factor H			20756	2127.068	20990	2107.321	2162.84	25.643002	23
240419_ES_R00006_MG_c00001_SA_NPB_3_i2.20893.20893.5	D:\SHARE\Tim\25-12-03_GD_Dataset\GD_dataset\NPB_3_i2\interact.pep.xml	YPHKPEINSTTHPGADLQENFCR	YPHKPEIN[2319]STTHPGADLQENFCR	ECQLWRSR.YPHKPEINSTTHPGADLQENFCR.NPDSSTTG	R	N	23	5	2119.9817	4917.0605	4917.054	984.4194	984.4181	4915.0283	984.013	2.0261	0.3747572	9.205	6.822	0.4832	0.000230947	2	1	136	158	4668001.5	"8N(2204.7725),22C(57.0215)"	NA	HexNAc(4)Hex(5)NeuAc(2) % 2204.7724	-2.86	0.00213961	YPHKPEInSTTHPGADLQENFCR	Y(0.00)P(0.00)H(0.00)K(0.00)P(0.00)E(0.00)I(0.00)N(9.21)S(0.00)T(0.00)T(0.00)H(0.00)P(0.00)G(0.00)A(0.00)D(0.00)L(0.00)Q(0.00)E(0.00)N(0.00)F(0.00)C(0.00)R(0.00)	N8	1	Y(0.00)P(0.00)H(0.00)K(0.00)P(0.00)E(0.00)I(0.00)N(0.00)S(0.00)T(0.00)T(0.00)H(0.00)P(0.00)G(0.00)A(0.00)D(0.00)L(0.00)Q(0.00)E(0.00)N(0.00)F(0.00)C(0.00)R(0.00)	Y(0)P(0)H(0)K(0)P(0)E(0)I(0)N(0)S(0)T(0)T(0)H(0)P(0)G(0)A(0)D(0)L(0)Q(0)E(0)N(0)F(0)C(0)R(0)	9.205259	5	0	0	9.205259	5	0	0	0	0	0	FALSE	FALSE	FALSE	sp|P00734|THRB_HUMAN	P00734	THRB_HUMAN	F2	Prothrombin		"tr|C9JV37|C9JV37_HUMAN, tr|E9PIT3|E9PIT3_HUMAN"	20861	2138.7961	21145	2047.7611	2161.579	18.583	43
240419_ES_R00006_MG_c00001_SA_NPB_3_i2.20894.20894.5	D:\SHARE\Tim\25-12-03_GD_Dataset\GD_dataset\NPB_3_i2\interact.pep.xml	SRYPHKPEINSTTHPGADLQENFCR	SRYPHKPEIN[2319]STTHPGADLQENFCR	GIECQLWR.SRYPHKPEINSTTHPGADLQENFCR.NPDSSTTG	R	N	25	5	2120.0498	5158.175	5158.155	1032.6423	1032.6383	5158.1611	1032.6395	-0.0066	0.09078204	10.668	0	0.9366	0.000230947	2	2	134	158	0	"10N(2204.7725),24C(57.0215)"	NA	HexNAc(4)Hex(5)NeuAc(2) % 2204.7724	3.15	0	SRYPHKPEInSTTHPGADLQENFCR	S(0.00)R(0.00)Y(0.00)P(0.00)H(0.00)K(0.00)P(0.00)E(0.00)I(0.00)N(10.67)S(0.00)T(0.00)T(0.00)H(0.00)P(0.00)G(0.00)A(0.00)D(0.00)L(0.00)Q(0.00)E(0.00)N(0.00)F(0.00)C(0.00)R(0.00)	N10	1	S(0.00)R(0.00)Y(0.00)P(0.00)H(0.00)K(0.00)P(0.00)E(0.00)I(0.00)N(2.78)S(0.00)T(0.00)T(0.00)H(0.00)P(0.00)G(0.00)A(0.00)D(0.00)L(0.00)Q(0.00)E(0.00)N(0.00)F(0.00)C(0.00)R(0.00)	S(0)R(0)Y(0)P(0)H(0)K(0)P(0)E(0)I(0)N(0)S(0)T(0)T(0)H(0)P(0)G(0)A(0)D(0)L(0)Q(0)E(0)N(0)F(0)C(0)R(0)	10.668416	5	0	0	10.668416	5	2.776456	0	0	0	0	FALSE	FALSE	FALSE	sp|P00734|THRB_HUMAN	P00734	THRB_HUMAN	F2	Prothrombin		"tr|C9JV37|C9JV37_HUMAN, tr|E9PIT3|E9PIT3_HUMAN"	20861	0	0	0	0	0	0
240419_ES_R00006_MG_c00001_SA_NPB_3_i2.21058.21058.5	D:\SHARE\Tim\25-12-03_GD_Dataset\GD_dataset\NPB_3_i2\interact.pep.xml	SRYPHKPEINSTTHPGADLQENFCR	SRYPHKPEIN[2028]STTHPGADLQENFCR	GIECQLWR.SRYPHKPEINSTTHPGADLQENFCR.NPDSSTTG	R	N	25	5	2132.2502	4867.0757	4867.0693	974.4224	974.4211	4867.0659	974.4205	0.0034	2.00E-14	45.217	9.481	1	0	2	2	134	158	1069520000	"10N(1913.6770),24C(57.0215)"	NA	HexNAc(4)Hex(5)NeuAc(1) % 1913.6770	4.33	0	SRYPHKPEInSTTHPGADLQENFCR	S(0.00)R(0.00)Y(0.00)P(0.00)H(0.00)K(0.00)P(0.00)E(0.00)I(0.00)N(45.22)S(0.00)T(0.00)T(0.00)H(0.00)P(0.00)G(0.00)A(0.00)D(0.00)L(0.00)Q(0.00)E(0.00)N(0.00)F(0.00)C(0.00)R(0.00)	N10	1	S(0.00)R(0.00)Y(0.00)P(0.00)H(0.00)K(0.00)P(0.00)E(0.00)I(0.00)N(7.83)S(0.00)T(0.00)T(0.00)H(0.00)P(0.00)G(0.00)A(0.00)D(0.00)L(0.00)Q(0.00)E(0.00)N(0.00)F(0.00)C(0.00)R(0.00)	S(0)R(0)Y(0)P(0)H(0)K(0)P(0)E(0)I(0)N(1)S(0)T(0)T(0)H(0)P(0)G(0)A(0)D(0)L(0)Q(0)E(0)N(0)F(0)C(0)R(0)	45.2179	18	0	0	43.346123	17	7.829392	1	0	0	0	FALSE	FALSE	FALSE	sp|P00734|THRB_HUMAN	P00734	THRB_HUMAN	F2	Prothrombin		"tr|C9JV37|C9JV37_HUMAN, tr|E9PIT3|E9PIT3_HUMAN"	21025	2140.5442	21168	2066.185	2221.1172	46.394	68
240419_ES_R00006_MG_c00001_SA_NPB_3_i2.21314.21314.3	D:\SHARE\Tim\25-12-03_GD_Dataset\GD_dataset\NPB_3_i2\interact.pep.xml	NNATVHEQVGGPSLTSDLQAQSK	NN[2028]ATVHEQVGGPSLTSDLQAQSK	VYDDGEEK.NNATVHEQVGGPSLTSDLQAQSK.GNPEQTPV	K	G	23	3	2152.4053	4293.8257	4293.8413	1432.2825	1432.2877	4293.8389	1432.287	0.0024	0.002378208	19.995	0	0.9998	0	2	0	85	107	7237126	2N(1913.6770)	NA	HexNAc(4)Hex(5)NeuAc(1) % 1913.6770	2.89	0	NnATVHEQVGGPSLTSDLQAQSK	N(0.00)N(17.97)A(0.00)T(0.00)V(0.00)H(0.00)E(0.00)Q(0.00)V(0.00)G(0.00)G(0.00)P(0.00)S(0.00)L(0.00)T(0.00)S(0.00)D(0.00)L(0.00)Q(0.00)A(0.00)Q(0.00)S(0.00)K(0.00)	N2	1	N(0.00)N(7.95)A(0.00)T(0.00)V(0.00)H(0.00)E(0.00)Q(0.00)V(0.00)G(0.00)G(0.00)P(0.00)S(0.00)L(0.00)T(0.00)S(0.00)D(0.00)L(0.00)Q(0.00)A(0.00)Q(0.00)S(0.00)K(0.00)	N(0)N(0)A(0)T(0)V(0)H(0)E(0)Q(0)V(0)G(0)G(0)P(0)S(0)L(0)T(0)S(0)D(0)L(0)Q(0)A(0)Q(0)S(0)K(0)	17.967258	5	0	0	19.99567	6	7.9542403	0	0	0	0	FALSE	FALSE	FALSE	sp|P04004|VTNC_HUMAN	P04004	VTNC_HUMAN	VTN	Vitronectin		tr|F5GX75|F5GX75_HUMAN	21290	2157.531	21383	2142.9531	2162.84	9.404	8
240419_ES_R00006_MG_c00001_SA_NPB_3_i2.21405.21405.4	D:\SHARE\Tim\25-12-03_GD_Dataset\GD_dataset\NPB_3_i2\interact.pep.xml	IPCSQPPQIEHGTINSSR	IPCSQPPQIEHGTIN[2319]SSR	SIPLCVEK.IPCSQPPQIEHGTINSSR.SSQESYAH	K	S	18	4	2159.7551	4224.761	4224.7573	1057.1975	1057.1966	4224.752	1057.1953	0.0054	0.01261827	17.096	7.227	0.9961	0	2	0	868	885	9533809	"3C(57.0215),15N(2204.7725)"	NA	HexNAc(4)Hex(5)NeuAc(2) % 2204.7724	4	0	IPCSQPPQIEHGTInSSR	I(0.00)P(0.00)C(0.00)S(0.00)Q(0.00)P(0.00)P(0.00)Q(0.00)I(0.00)E(0.00)H(0.00)G(0.00)T(0.00)I(0.00)N(17.10)S(0.00)S(0.00)R(0.00)	N15	1	I(0.00)P(0.00)C(0.00)S(0.00)Q(0.00)P(0.00)P(0.00)Q(0.00)I(0.00)E(0.00)H(0.00)G(0.00)T(0.00)I(0.00)N(13.47)S(0.00)S(0.00)R(0.00)	I(0)P(0)C(0)S(0)Q(0)P(0)P(0)Q(0)I(0)E(0)H(0)G(0)T(0)I(0)N(2)S(0)S(0)R(0)	17.096561	4	0	0	13.001034	2	13.468474	2	0	0	0	FALSE	FALSE	TRUE	sp|P08603|CFAH_HUMAN	P08603	CFAH_HUMAN	CFH	Complement factor H			21383	2159.5452	21403	2093.1511	2194.998	32.230003	41
240419_ES_R00006_MG_c00001_SA_NPB_3_i2.21406.21406.4	D:\SHARE\Tim\25-12-03_GD_Dataset\GD_dataset\NPB_3_i2\interact.pep.xml	NNATVHEQVGGPSLTSDLQAQSK	NN[2028]ATVHEQVGGPSLTSDLQAQSK	VYDDGEEK.NNATVHEQVGGPSLTSDLQAQSK.GNPEQTPV	K	G	23	4	2159.8232	4293.8447	4293.8477	1074.4685	1074.4692	4293.8389	1074.467	0.0087	2.05E-06	38.834	13.24	1	0	2	0	85	107	11858825	2N(1913.6770)	NA	HexNAc(4)Hex(5)NeuAc(1) % 1913.6770	3.26	0	NnATVHEQVGGPSLTSDLQAQSK	N(0.00)N(36.47)A(0.00)T(0.00)V(0.00)H(0.00)E(0.00)Q(0.00)V(0.00)G(0.00)G(0.00)P(0.00)S(0.00)L(0.00)T(0.00)S(0.00)D(0.00)L(0.00)Q(0.00)A(0.00)Q(0.00)S(0.00)K(0.00)	N2	1	N(0.00)N(10.39)A(0.00)T(0.00)V(0.00)H(0.00)E(0.00)Q(0.00)V(0.00)G(0.00)G(0.00)P(0.00)S(0.00)L(0.00)T(0.00)S(0.00)D(0.00)L(0.00)Q(0.00)A(0.00)Q(0.00)S(0.00)K(0.00)	N(0)N(0)A(0)T(0)V(0)H(0)E(0)Q(0)V(0)G(0)G(0)P(0)S(0)L(0)T(0)S(0)D(0)L(0)Q(0)A(0)Q(0)S(0)K(0)	36.468987	11	0	0	38.834736	13	10.386913	0	0	0	0	FALSE	FALSE	FALSE	sp|P04004|VTNC_HUMAN	P04004	VTNC_HUMAN	VTN	Vitronectin		tr|F5GX75|F5GX75_HUMAN	21383	2177.7031	21633	2159.5452	2617.739	29.693	245
240419_ES_R00006_MG_c00001_SA_NPB_3_i2.21473.21473.4	D:\SHARE\Tim\25-12-03_GD_Dataset\GD_dataset\NPB_3_i2\interact.pep.xml	NNATVHEQVGGPSLTSDLQAQSK	NN[2319]ATVHEQVGGPSLTSDLQAQSK	VYDDGEEK.NNATVHEQVGGPSLTSDLQAQSK.GNPEQTPV	K	G	23	4	2165.2134	4584.9497	4584.94	1147.2447	1147.2423	4584.9346	1147.241	0.0056	2.99E-06	30.597	13.347	0.9999	0	2	0	85	107	35225944	2N(2204.7725)	NA	HexNAc(4)Hex(5)NeuAc(2) % 2204.7724	5.26	0	NnATVHEQVGGPSLTSDLQAQSK	N(0.00)N(27.29)A(0.00)T(0.00)V(0.00)H(0.00)E(0.00)Q(0.00)V(0.00)G(0.00)G(0.00)P(0.00)S(0.00)L(0.00)T(0.00)S(0.00)D(0.00)L(0.00)Q(0.00)A(0.00)Q(0.00)S(0.00)K(0.00)	N2	1	N(0.00)N(14.46)A(0.00)T(0.00)V(0.00)H(0.00)E(0.00)Q(0.00)V(0.00)G(0.00)G(0.00)P(0.00)S(0.00)L(0.00)T(0.00)S(0.00)D(0.00)L(0.00)Q(0.00)A(0.00)Q(0.00)S(0.00)K(0.00)	N(0)N(3)A(0)T(0)V(0)H(0)E(0)Q(0)V(0)G(0)G(0)P(0)S(0)L(0)T(0)S(0)D(0)L(0)Q(0)A(0)Q(0)S(0)K(0)	27.291758	9	0	0	30.59753	11	14.4590845	3	0	0	0	FALSE	FALSE	FALSE	sp|P04004|VTNC_HUMAN	P04004	VTNC_HUMAN	VTN	Vitronectin		tr|F5GX75|F5GX75_HUMAN	21440	2159.5452	21403	2140.5442	2243.4111	34.872	46
240419_ES_R00006_MG_c00001_SA_NPB_3_i2.21512.21512.4	D:\SHARE\Tim\25-12-03_GD_Dataset\GD_dataset\NPB_3_i2\interact.pep.xml	CGPCPAGFTGNGSHCTDVNECNAHPCFPR	CGPCPAGFTGN[1883]GSHCTDVNECNAHPCFPR	IQTESGAR.CGPCPAGFTGNGSHCTDVNECNAHPCFPR.VRCINTSP	R	V	29	4	2168.5142	5043.921	5043.931	1261.9875	1261.99	5043.9243	1261.9884	0.0067	4.57E-10	42.86	11.661	1	0	2	0	111	139	461495968	"1C(57.0215),4C(57.0215),11N(1768.6395),15C(57.0215),21C(57.0215),26C(57.0215)"	NA	HexNAc(4)Hex(5)Fuc(1) % 1768.6395	1.6	0	CGPCPAGFTGnGSHCTDVNECNAHPCFPR	C(0.00)G(0.00)P(0.00)C(0.00)P(0.00)A(0.00)G(0.00)F(0.00)T(0.00)G(0.00)N(42.86)G(0.00)S(0.00)H(0.00)C(0.00)T(0.00)D(0.00)V(0.00)N(0.00)E(0.00)C(0.00)N(0.00)A(0.00)H(0.00)P(0.00)C(0.00)F(0.00)P(0.00)R(0.00)	N11	1	C(0.00)G(0.00)P(0.00)C(0.00)P(0.00)A(0.00)G(0.00)F(0.00)T(0.00)G(0.00)N(9.45)G(0.00)S(0.00)H(0.00)C(0.00)T(0.00)D(0.00)V(0.00)N(0.00)E(0.00)C(0.00)N(0.00)A(0.00)H(0.00)P(0.00)C(0.00)F(0.00)P(0.00)R(0.00)	C(0)G(0)P(0)C(0)P(0)A(0)G(0)F(0)T(0)G(0)N(0)G(0)S(0)H(0)C(0)T(0)D(0)V(0)N(0)E(0)C(0)N(0)A(0)H(0)P(0)C(0)F(0)P(0)R(0)	42.86057	15	0	0	42.86057	15	9.452703	0	0	0	0	FALSE	FALSE	FALSE	sp|P49747|COMP_HUMAN	P49747	COMP_HUMAN	COMP	Cartilage oligomeric matrix protein		tr|G3XAP6|G3XAP6_HUMAN	21472	2184.177	21713	2154.958	2251.7112	19.582	37
240419_ES_R00006_MG_c00001_SA_NPB_3_i2.21522.21522.4	D:\SHARE\Tim\25-12-03_GD_Dataset\GD_dataset\NPB_3_i2\interact.pep.xml	NNATVHEQVGGPSLTSDLQAQSK	NN[2975]ATVHEQVGGPSLTSDLQAQSK	VYDDGEEK.NNATVHEQVGGPSLTSDLQAQSK.GNPEQTPV	K	G	23	4	2169.197	5241.1777	5241.1753	1311.3017	1311.3011	5241.1621	1311.2979	0.0134	0.01472312	14.828	0	0.9936	0	2	0	85	107	0	2N(2861.0000)	NA	HexNAc(5)Hex(6)NeuAc(3) % 2861.0000	3.41	0	NnATVHEQVGGPSLTSDLQAQSK	N(0.00)N(13.39)A(0.00)T(0.00)V(0.00)H(0.00)E(0.00)Q(0.00)V(0.00)G(0.00)G(0.00)P(0.00)S(0.00)L(0.00)T(0.00)S(0.00)D(0.00)L(0.00)Q(0.00)A(0.00)Q(0.00)S(0.00)K(0.00)	N2	1	N(0.00)N(9.49)A(0.00)T(0.00)V(0.00)H(0.00)E(0.00)Q(0.00)V(0.00)G(0.00)G(0.00)P(0.00)S(0.00)L(0.00)T(0.00)S(0.00)D(0.00)L(0.00)Q(0.00)A(0.00)Q(0.00)S(0.00)K(0.00)	N(0)N(0)A(0)T(0)V(0)H(0)E(0)Q(0)V(0)G(0)G(0)P(0)S(0)L(0)T(0)S(0)D(0)L(0)Q(0)A(0)Q(0)S(0)K(0)	13.391966	2	0	0	14.828953	3	9.487663	0	0	0	0	FALSE	FALSE	FALSE	sp|P04004|VTNC_HUMAN	P04004	VTNC_HUMAN	VTN	Vitronectin		tr|F5GX75|F5GX75_HUMAN	21472	0	0	0	0	0	0
240419_ES_R00006_MG_c00001_SA_NPB_3_i2.21531.21531.5	D:\SHARE\Tim\25-12-03_GD_Dataset\GD_dataset\NPB_3_i2\interact.pep.xml	YPHKPEINSTTHPGADLQENFCR	YPHKPEIN[2028]STTHPGADLQENFCR	ECQLWRSR.YPHKPEINSTTHPGADLQENFCR.NPDSSTTG	R	N	23	5	2169.811	4623.928	4623.9263	925.7929	925.7925	4623.9326	925.7938	-0.0063	3.27E-08	21.131	0	1	0	2	1	136	158	4459279	"8N(1913.6770),22C(57.0215)"	NA	HexNAc(4)Hex(5)NeuAc(1) % 1913.6770	3.95	0	YPHKPEInSTTHPGADLQENFCR	Y(0.00)P(0.00)H(0.00)K(0.00)P(0.00)E(0.00)I(0.00)N(21.13)S(0.00)T(0.00)T(0.00)H(0.00)P(0.00)G(0.00)A(0.00)D(0.00)L(0.00)Q(0.00)E(0.00)N(0.00)F(0.00)C(0.00)R(0.00)	N8	1	Y(0.00)P(0.00)H(0.00)K(0.00)P(0.00)E(0.00)I(0.00)N(7.64)S(0.00)T(0.00)T(0.00)H(0.00)P(0.00)G(0.00)A(0.00)D(0.00)L(0.00)Q(0.00)E(0.00)N(0.00)F(0.00)C(0.00)R(0.00)	Y(0)P(0)H(0)K(0)P(0)E(0)I(0)N(0)S(0)T(0)T(0)H(0)P(0)G(0)A(0)D(0)L(0)Q(0)E(0)N(0)F(0)C(0)R(0)	21.131596	7	0	0	21.131596	7	7.636289	0	0	0	0	FALSE	FALSE	FALSE	sp|P00734|THRB_HUMAN	P00734	THRB_HUMAN	F2	Prothrombin		"tr|C9JV37|C9JV37_HUMAN, tr|E9PIT3|E9PIT3_HUMAN"	21472	2182.809	21696	2151.6091	2201.1892	31.265001	18
240419_ES_R00006_MG_c00001_SA_NPB_3_i2.21536.21536.4	D:\SHARE\Tim\25-12-03_GD_Dataset\GD_dataset\NPB_3_i2\interact.pep.xml	YPHKPEINSTTHPGADLQENFCR	YPHKPEIN[2028]STTHPGADLQENFCR	ECQLWRSR.YPHKPEINSTTHPGADLQENFCR.NPDSSTTG	R	N	23	4	2170.1738	4623.9277	4623.9243	1156.9892	1156.9884	4623.9326	1156.9905	-0.0083	0.1366155	10.958	0	0.9261	0.000230947	2	1	136	158	6193313	"8N(1913.6770),22C(57.0215)"	NA	HexNAc(4)Hex(5)NeuAc(1) % 1913.6770	2.25	0	YPHKPEInSTTHPGADLQENFCR	Y(0.00)P(0.00)H(0.00)K(0.00)P(0.00)E(0.00)I(0.00)N(10.96)S(0.00)T(0.00)T(0.00)H(0.00)P(0.00)G(0.00)A(0.00)D(0.00)L(0.00)Q(0.00)E(0.00)N(0.00)F(0.00)C(0.00)R(0.00)	N8	1	Y(0.00)P(0.00)H(0.00)K(0.00)P(0.00)E(0.00)I(0.00)N(4.02)S(0.00)T(0.00)T(0.00)H(0.00)P(0.00)G(0.00)A(0.00)D(0.00)L(0.00)Q(0.00)E(0.00)N(0.00)F(0.00)C(0.00)R(0.00)	Y(0)P(0)H(0)K(0)P(0)E(0)I(0)N(0)S(0)T(0)T(0)H(0)P(0)G(0)A(0)D(0)L(0)Q(0)E(0)N(0)F(0)C(0)R(0)	10.958799	4	0	0	10.958799	4	4.0237074	0	0	0	0	FALSE	FALSE	FALSE	sp|P00734|THRB_HUMAN	P00734	THRB_HUMAN	F2	Prothrombin		"tr|C9JV37|C9JV37_HUMAN, tr|E9PIT3|E9PIT3_HUMAN"	21472	2180.7322	21668	2170.589	2188.227	10.715	6
240419_ES_R00006_MG_c00001_SA_NPB_3_i2.21543.21543.5	D:\SHARE\Tim\25-12-03_GD_Dataset\GD_dataset\NPB_3_i2\interact.pep.xml	CGPCPAGFTGNGSHCTDVNECNAHPCFPR	CGPCPAGFTGN[1883]GSHCTDVNECNAHPCFPR	IQTESGAR.CGPCPAGFTGNGSHCTDVNECNAHPCFPR.VRCINTSP	R	V	29	5	2170.8	5043.9365	5043.923	1009.7946	1009.7919	5043.9243	1009.7922	-0.0016	7.21E-09	42.069	7.333	1	0	2	0	111	139	84398416	"1C(57.0215),4C(57.0215),11N(1768.6395),15C(57.0215),21C(57.0215),26C(57.0215)"	NA	HexNAc(4)Hex(5)Fuc(1) % 1768.6395	1.95	0	CGPCPAGFTGnGSHCTDVNECNAHPCFPR	C(0.00)G(0.00)P(0.00)C(0.00)P(0.00)A(0.00)G(0.00)F(0.00)T(0.00)G(0.00)N(42.07)G(0.00)S(0.00)H(0.00)C(0.00)T(0.00)D(0.00)V(0.00)N(0.00)E(0.00)C(0.00)N(0.00)A(0.00)H(0.00)P(0.00)C(0.00)F(0.00)P(0.00)R(0.00)	N11	1	C(0.00)G(0.00)P(0.00)C(0.00)P(0.00)A(0.00)G(0.00)F(0.00)T(0.00)G(0.00)N(10.50)G(0.00)S(0.00)H(0.00)C(0.00)T(0.00)D(0.00)V(0.00)N(0.00)E(0.00)C(0.00)N(0.00)A(0.00)H(0.00)P(0.00)C(0.00)F(0.00)P(0.00)R(0.00)	C(0)G(0)P(0)C(0)P(0)A(0)G(0)F(0)T(0)G(0)N(0)G(0)S(0)H(0)C(0)T(0)D(0)V(0)N(0)E(0)C(0)N(0)A(0)H(0)P(0)C(0)F(0)P(0)R(0)	42.06961	14	0	0	42.06961	14	10.495028	0	0	0	0	FALSE	FALSE	FALSE	sp|P49747|COMP_HUMAN	P49747	COMP_HUMAN	COMP	Cartilage oligomeric matrix protein		tr|G3XAP6|G3XAP6_HUMAN	21509	2186.405	21743	2157.531	2214.061	21.536001	21
240419_ES_R00006_MG_c00001_SA_NPB_3_i2.21603.21603.4	D:\SHARE\Tim\25-12-03_GD_Dataset\GD_dataset\NPB_3_i2\interact.pep.xml	SRYPHKPEINSTTHPGADLQENFCR	SRYPHKPEIN[2028]STTHPGADLQENFCR	GIECQLWR.SRYPHKPEINSTTHPGADLQENFCR.NPDSSTTG	R	N	25	4	2175.432	4867.0747	4867.074	1217.776	1217.7758	4867.0659	1217.7738	0.0083	3.25E-09	31.42	16.212	1	0	2	2	134	158	86659872	"10N(1913.6770),24C(57.0215)"	NA	HexNAc(4)Hex(5)NeuAc(1) % 1913.6770	2.75	0	SRYPHKPEInSTTHPGADLQENFCR	S(0.00)R(0.00)Y(0.00)P(0.00)H(0.00)K(0.00)P(0.00)E(0.00)I(0.00)N(31.42)S(0.00)T(0.00)T(0.00)H(0.00)P(0.00)G(0.00)A(0.00)D(0.00)L(0.00)Q(0.00)E(0.00)N(0.00)F(0.00)C(0.00)R(0.00)	N10	1	S(0.00)R(0.00)Y(0.00)P(0.00)H(0.00)K(0.00)P(0.00)E(0.00)I(0.00)N(9.94)S(0.00)T(0.00)T(0.00)H(0.00)P(0.00)G(0.00)A(0.00)D(0.00)L(0.00)Q(0.00)E(0.00)N(0.00)F(0.00)C(0.00)R(0.00)	S(0)R(0)Y(0)P(0)H(0)K(0)P(0)E(0)I(0)N(0)S(0)T(0)T(0)H(0)P(0)G(0)A(0)D(0)L(0)Q(0)E(0)N(0)F(0)C(0)R(0)	31.420263	11	0	0	31.420263	11	9.941223	0	0	0	0	FALSE	FALSE	FALSE	sp|P00734|THRB_HUMAN	P00734	THRB_HUMAN	F2	Prothrombin		"tr|C9JV37|C9JV37_HUMAN, tr|E9PIT3|E9PIT3_HUMAN"	21576	2154.958	21348	2107.321	2216.352	40.726	47
240419_ES_R00006_MG_c00001_SA_NPB_3_i2.21639.21639.4	D:\SHARE\Tim\25-12-03_GD_Dataset\GD_dataset\NPB_3_i2\interact.pep.xml	NNATVHEQVGGPSLTSDLQAQSK	NN[2975]ATVHEQVGGPSLTSDLQAQSK	VYDDGEEK.NNATVHEQVGGPSLTSDLQAQSK.GNPEQTPV	K	G	23	4	2178.2305	5242.173	5242.174	1311.5505	1311.5508	5241.1621	1311.2979	1.012	0.001896705	19.388	0	0.9999	0	2	0	85	107	0	2N(2861.0000)	NA	HexNAc(5)Hex(6)NeuAc(3) % 2861.0000	4.18	0	NnATVHEQVGGPSLTSDLQAQSK	N(0.00)N(19.39)A(0.00)T(0.00)V(0.00)H(0.00)E(0.00)Q(0.00)V(0.00)G(0.00)G(0.00)P(0.00)S(0.00)L(0.00)T(0.00)S(0.00)D(0.00)L(0.00)Q(0.00)A(0.00)Q(0.00)S(0.00)K(0.00)	N2	1	N(0.00)N(9.47)A(0.00)T(0.00)V(0.00)H(0.00)E(0.00)Q(0.00)V(0.00)G(0.00)G(0.00)P(0.00)S(0.00)L(0.00)T(0.00)S(0.00)D(0.00)L(0.00)Q(0.00)A(0.00)Q(0.00)S(0.00)K(0.00)	N(0)N(1)A(0)T(0)V(0)H(0)E(0)Q(0)V(0)G(0)G(0)P(0)S(0)L(0)T(0)S(0)D(0)L(0)Q(0)A(0)Q(0)S(0)K(0)	19.388294	6	0	0	17.847992	5	9.469408	1	0	0	0	FALSE	FALSE	FALSE	sp|P04004|VTNC_HUMAN	P04004	VTNC_HUMAN	VTN	Vitronectin		tr|F5GX75|F5GX75_HUMAN	21602	0	0	0	0	0	0
240419_ES_R00006_MG_c00001_SA_NPB_3_i2.21724.21724.5	D:\SHARE\Tim\25-12-03_GD_Dataset\GD_dataset\NPB_3_i2\interact.pep.xml	YPHKPEINSTTHPGADLQENFCR	YPHKPEIN[2028]STTHPGADLQENFCR	ECQLWRSR.YPHKPEINSTTHPGADLQENFCR.NPDSSTTG	R	N	23	5	2185.0012	4623.9375	4623.9253	925.7948	925.7923	4623.9326	925.7938	-0.0074	0.0106863	12.556	8.487	0.9954	0	2	1	136	158	5384622	"8N(1913.6770),22C(57.0215)"	NA	HexNAc(4)Hex(5)NeuAc(1) % 1913.6770	2.81	0	YPHKPEInSTTHPGADLQENFCR	Y(0.00)P(0.00)H(0.00)K(0.00)P(0.00)E(0.00)I(0.00)N(12.56)S(0.00)T(0.00)T(0.00)H(0.00)P(0.00)G(0.00)A(0.00)D(0.00)L(0.00)Q(0.00)E(0.00)N(0.00)F(0.00)C(0.00)R(0.00)	N8	1	Y(0.00)P(0.00)H(0.00)K(0.00)P(0.00)E(0.00)I(0.00)N(6.02)S(0.00)T(0.00)T(0.00)H(0.00)P(0.00)G(0.00)A(0.00)D(0.00)L(0.00)Q(0.00)E(0.00)N(0.00)F(0.00)C(0.00)R(0.00)	Y(0)P(0)H(0)K(0)P(0)E(0)I(0)N(0)S(0)T(0)T(0)H(0)P(0)G(0)A(0)D(0)L(0)Q(0)E(0)N(0)F(0)C(0)R(0)	12.556577	4	0	0	12.556577	4	6.016957	0	0	0	0	FALSE	FALSE	FALSE	sp|P00734|THRB_HUMAN	P00734	THRB_HUMAN	F2	Prothrombin		"tr|C9JV37|C9JV37_HUMAN, tr|E9PIT3|E9PIT3_HUMAN"	21696	2180.7322	21668	2153.436	2201.1892	31.265001	18
240419_ES_R00006_MG_c00001_SA_NPB_3_i2.21840.21840.5	D:\SHARE\Tim\25-12-03_GD_Dataset\GD_dataset\NPB_3_i2\interact.pep.xml	YPHKPEINSTTHPGADLQENFCR	YPHKPEIN[2028]STTHPGADLQENFCR	ECQLWRSR.YPHKPEINSTTHPGADLQENFCR.NPDSSTTG	R	N	23	5	2193.6687	4624.9253	4624.9326	925.9923	925.9938	4623.9326	925.7938	1	0.02467879	13.39	8.591	0.9955	0	2	1	136	158	5384622	"8N(1913.6770),22C(57.0215)"	NA	HexNAc(4)Hex(5)NeuAc(1) % 1913.6770	3.94	0	YPHKPEInSTTHPGADLQENFCR	Y(0.00)P(0.00)H(0.00)K(0.00)P(0.00)E(0.00)I(0.00)N(13.39)S(0.00)T(0.00)T(0.00)H(0.00)P(0.00)G(0.00)A(0.00)D(0.00)L(0.00)Q(0.00)E(0.00)N(0.00)F(0.00)C(0.00)R(0.00)	N8	1	Y(0.00)P(0.00)H(0.00)K(0.00)P(0.00)E(0.00)I(0.00)N(7.50)S(0.00)T(0.00)T(0.00)H(0.00)P(0.00)G(0.00)A(0.00)D(0.00)L(0.00)Q(0.00)E(0.00)N(0.00)F(0.00)C(0.00)R(0.00)	Y(0)P(0)H(0)K(0)P(0)E(0)I(0)N(0)S(0)T(0)T(0)H(0)P(0)G(0)A(0)D(0)L(0)Q(0)E(0)N(0)F(0)C(0)R(0)	13.390146	3	0	0	13.390146	3	7.502041	0	0	0	0	FALSE	FALSE	FALSE	sp|P00734|THRB_HUMAN	P00734	THRB_HUMAN	F2	Prothrombin		"tr|C9JV37|C9JV37_HUMAN, tr|E9PIT3|E9PIT3_HUMAN"	21804	2180.7322	21668	2153.436	2198.396	31.265001	17
240419_ES_R00006_MG_c00001_SA_NPB_3_i2.21859.21859.5	D:\SHARE\Tim\25-12-03_GD_Dataset\GD_dataset\NPB_3_i2\interact.pep.xml	SRYPHKPEINSTTHPGADLQENFCR	SRYPHKPEIN[2028]STTHPGADLQENFCR	GIECQLWR.SRYPHKPEINSTTHPGADLQENFCR.NPDSSTTG	R	N	25	5	2195.0144	4867.0747	4867.07	974.4222	974.4213	4867.0659	974.4205	0.0039	4.38E-11	38.296	9.752	1	0	2	2	134	158	89000072	"10N(1913.6770),24C(57.0215)"	NA	HexNAc(4)Hex(5)NeuAc(1) % 1913.6770	3.97	0	SRYPHKPEInSTTHPGADLQENFCR	S(0.00)R(0.00)Y(0.00)P(0.00)H(0.00)K(0.00)P(0.00)E(0.00)I(0.00)N(38.30)S(0.00)T(0.00)T(0.00)H(0.00)P(0.00)G(0.00)A(0.00)D(0.00)L(0.00)Q(0.00)E(0.00)N(0.00)F(0.00)C(0.00)R(0.00)	N10	1	S(0.00)R(0.00)Y(0.00)P(0.00)H(0.00)K(0.00)P(0.00)E(0.00)I(0.00)N(11.21)S(0.00)T(0.00)T(0.00)H(0.00)P(0.00)G(0.00)A(0.00)D(0.00)L(0.00)Q(0.00)E(0.00)N(0.00)F(0.00)C(0.00)R(0.00)	S(0)R(0)Y(0)P(0)H(0)K(0)P(0)E(0)I(0)N(0)S(0)T(0)T(0)H(0)P(0)G(0)A(0)D(0)L(0)Q(0)E(0)N(0)F(0)C(0)R(0)	38.296883	13	0	0	38.296883	13	11.209738	0	0	0	0	FALSE	FALSE	FALSE	sp|P00734|THRB_HUMAN	P00734	THRB_HUMAN	F2	Prothrombin		"tr|C9JV37|C9JV37_HUMAN, tr|E9PIT3|E9PIT3_HUMAN"	21829	2194.998	21858	2050.478	2368.9302	46.394	148
240419_ES_R00006_MG_c00001_SA_NPB_3_i2.21861.21861.3	D:\SHARE\Tim\25-12-03_GD_Dataset\GD_dataset\NPB_3_i2\interact.pep.xml	NNATVHEQVGGPSLTSDLQAQSK	NN[2028]ATVHEQVGGPSLTSDLQAQSK	VYDDGEEK.NNATVHEQVGGPSLTSDLQAQSK.GNPEQTPV	K	G	23	3	2195.278	4293.8716	4293.8438	1432.2978	1432.2885	4293.8389	1432.287	0.0048	0.07861401	13.918	0	0.957	0.000230947	2	0	85	107	6013699.5	2N(1913.6770)	NA	HexNAc(4)Hex(5)NeuAc(1) % 1913.6770	3.2	0	NnATVHEQVGGPSLTSDLQAQSK	N(0.00)N(13.92)A(0.00)T(0.00)V(0.00)H(0.00)E(0.00)Q(0.00)V(0.00)G(0.00)G(0.00)P(0.00)S(0.00)L(0.00)T(0.00)S(0.00)D(0.00)L(0.00)Q(0.00)A(0.00)Q(0.00)S(0.00)K(0.00)	N2	1	N(0.00)N(8.40)A(0.00)T(0.00)V(0.00)H(0.00)E(0.00)Q(0.00)V(0.00)G(0.00)G(0.00)P(0.00)S(0.00)L(0.00)T(0.00)S(0.00)D(0.00)L(0.00)Q(0.00)A(0.00)Q(0.00)S(0.00)K(0.00)	N(0)N(0)A(0)T(0)V(0)H(0)E(0)Q(0)V(0)G(0)G(0)P(0)S(0)L(0)T(0)S(0)D(0)L(0)Q(0)A(0)Q(0)S(0)K(0)	13.918107	3	0	0	13.918107	3	8.396034	0	0	0	0	FALSE	FALSE	FALSE	sp|P04004|VTNC_HUMAN	P04004	VTNC_HUMAN	VTN	Vitronectin		tr|F5GX75|F5GX75_HUMAN	21829	2188.227	21767	2140.5442	2526.9102	33.782	192
240419_ES_R00006_MG_c00001_SA_NPB_3_i2.21889.21889.3	D:\SHARE\Tim\25-12-03_GD_Dataset\GD_dataset\NPB_3_i2\interact.pep.xml	NNATVHEQVGGPSLTSDLQAQSK	NN[2028]ATVHEQVGGPSLTSDLQAQSK	VYDDGEEK.NNATVHEQVGGPSLTSDLQAQSK.GNPEQTPV	K	G	23	3	2197.3567	4293.8486	4293.8438	1432.2901	1432.2885	4293.8389	1432.287	0.0048	0.01453784	15.85	0	0.9901	0.000139101	2	0	85	107	7001619.5	2N(1913.6770)	NA	HexNAc(4)Hex(5)NeuAc(1) % 1913.6770	3.6	0	NnATVHEQVGGPSLTSDLQAQSK	N(0.00)N(15.85)A(0.00)T(0.00)V(0.00)H(0.00)E(0.00)Q(0.00)V(0.00)G(0.00)G(0.00)P(0.00)S(0.00)L(0.00)T(0.00)S(0.00)D(0.00)L(0.00)Q(0.00)A(0.00)Q(0.00)S(0.00)K(0.00)	N2	1	N(0.00)N(8.26)A(0.00)T(0.00)V(0.00)H(0.00)E(0.00)Q(0.00)V(0.00)G(0.00)G(0.00)P(0.00)S(0.00)L(0.00)T(0.00)S(0.00)D(0.00)L(0.00)Q(0.00)A(0.00)Q(0.00)S(0.00)K(0.00)	N(0)N(0)A(0)T(0)V(0)H(0)E(0)Q(0)V(0)G(0)G(0)P(0)S(0)L(0)T(0)S(0)D(0)L(0)Q(0)A(0)Q(0)S(0)K(0)	15.850473	4	0	0	15.850473	4	8.259439	0	0	0	0	FALSE	FALSE	FALSE	sp|P04004|VTNC_HUMAN	P04004	VTNC_HUMAN	VTN	Vitronectin		tr|F5GX75|F5GX75_HUMAN	21858	2186.405	21743	2140.5442	2525.5652	33.782	195
240419_ES_R00006_MG_c00001_SA_NPB_3_i2.22016.22016.5	D:\SHARE\Tim\25-12-03_GD_Dataset\GD_dataset\NPB_3_i2\interact.pep.xml	SRYPHKPEINSTTHPGADLQENFCR	SRYPHKPEIN[2319]STTHPGADLQENFCR	GIECQLWR.SRYPHKPEINSTTHPGADLQENFCR.NPDSSTTG	R	N	25	5	2207.8528	5158.1646	5158.165	1032.6402	1032.6403	5158.1611	1032.6395	0.0037	0.00151871	17.679	0	0.9999	0	2	2	134	158	7308729	"10N(2204.7725),24C(57.0215)"	NA	HexNAc(4)Hex(5)NeuAc(2) % 2204.7724	4.75	0	SRYPHKPEInSTTHPGADLQENFCR	S(0.00)R(0.00)Y(0.00)P(0.00)H(0.00)K(0.00)P(0.00)E(0.00)I(0.00)N(17.68)S(0.00)T(0.00)T(0.00)H(0.00)P(0.00)G(0.00)A(0.00)D(0.00)L(0.00)Q(0.00)E(0.00)N(0.00)F(0.00)C(0.00)R(0.00)	N10	1	S(0.00)R(0.00)Y(0.00)P(0.00)H(0.00)K(0.00)P(0.00)E(0.00)I(0.00)N(7.17)S(0.00)T(0.00)T(0.00)H(0.00)P(0.00)G(0.00)A(0.00)D(0.00)L(0.00)Q(0.00)E(0.00)N(0.00)F(0.00)C(0.00)R(0.00)	S(0)R(0)Y(0)P(0)H(0)K(0)P(0)E(0)I(0)N(0)S(0)T(0)T(0)H(0)P(0)G(0)A(0)D(0)L(0)Q(0)E(0)N(0)F(0)C(0)R(0)	17.679142	6	0	0	17.679142	6	7.171048	0	0	0	0	FALSE	FALSE	FALSE	sp|P00734|THRB_HUMAN	P00734	THRB_HUMAN	F2	Prothrombin		"tr|C9JV37|C9JV37_HUMAN, tr|E9PIT3|E9PIT3_HUMAN"	21985	2223.5352	22218	2180.7322	2500.124	33.672	165
240419_ES_R00006_MG_c00001_SA_NPB_3_i2.22083.22083.4	D:\SHARE\Tim\25-12-03_GD_Dataset\GD_dataset\NPB_3_i2\interact.pep.xml	NNATVHEQVGGPSLTSDLQAQSK	NN[2319]ATVHEQVGGPSLTSDLQAQSK	VYDDGEEK.NNATVHEQVGGPSLTSDLQAQSK.GNPEQTPV	K	G	23	4	2212.8965	4584.9575	4584.9365	1147.2467	1147.2414	4584.9346	1147.241	0.0022	0.000895365	20.692	0	1	0	2	0	85	107	0	2N(2204.7725)	NA	HexNAc(4)Hex(5)NeuAc(2) % 2204.7724	5.01	0	NnATVHEQVGGPSLTSDLQAQSK	N(0.00)N(20.69)A(0.00)T(0.00)V(0.00)H(0.00)E(0.00)Q(0.00)V(0.00)G(0.00)G(0.00)P(0.00)S(0.00)L(0.00)T(0.00)S(0.00)D(0.00)L(0.00)Q(0.00)A(0.00)Q(0.00)S(0.00)K(0.00)	N2	1	N(0.00)N(10.17)A(0.00)T(0.00)V(0.00)H(0.00)E(0.00)Q(0.00)V(0.00)G(0.00)G(0.00)P(0.00)S(0.00)L(0.00)T(0.00)S(0.00)D(0.00)L(0.00)Q(0.00)A(0.00)Q(0.00)S(0.00)K(0.00)	N(0)N(0)A(0)T(0)V(0)H(0)E(0)Q(0)V(0)G(0)G(0)P(0)S(0)L(0)T(0)S(0)D(0)L(0)Q(0)A(0)Q(0)S(0)K(0)	20.692724	5	0	0	20.692724	5	10.172189	0	0	0	0	FALSE	FALSE	FALSE	sp|P04004|VTNC_HUMAN	P04004	VTNC_HUMAN	VTN	Vitronectin		tr|F5GX75|F5GX75_HUMAN	22048	0	0	0	0	0	0
240419_ES_R00006_MG_c00001_SA_NPB_3_i2.22106.22106.5	D:\SHARE\Tim\25-12-03_GD_Dataset\GD_dataset\NPB_3_i2\interact.pep.xml	YPHKPEINSTTHPGADLQENFCR	YPHKPEIN[2319]STTHPGADLQENFCR	ECQLWRSR.YPHKPEINSTTHPGADLQENFCR.NPDSSTTG	R	N	23	5	2214.6133	4916.068	4916.04	984.2209	984.2153	4915.0283	984.013	1.012	0.000281352	21.703	6.704	1	0	2	1	136	158	7818704	"8N(2204.7725),22C(57.0215)"	NA	HexNAc(4)Hex(5)NeuAc(2) % 2204.7724	4.47	0	YPHKPEInSTTHPGADLQENFCR	Y(0.00)P(0.00)H(0.00)K(0.00)P(0.00)E(0.00)I(0.00)N(21.70)S(0.00)T(0.00)T(0.00)H(0.00)P(0.00)G(0.00)A(0.00)D(0.00)L(0.00)Q(0.00)E(0.00)N(0.00)F(0.00)C(0.00)R(0.00)	N8	1	Y(0.00)P(0.00)H(0.00)K(0.00)P(0.00)E(0.00)I(0.00)N(8.69)S(0.00)T(0.00)T(0.00)H(0.00)P(0.00)G(0.00)A(0.00)D(0.00)L(0.00)Q(0.00)E(0.00)N(0.00)F(0.00)C(0.00)R(0.00)	Y(0)P(0)H(0)K(0)P(0)E(0)I(0)N(0)S(0)T(0)T(0)H(0)P(0)G(0)A(0)D(0)L(0)Q(0)E(0)N(0)F(0)C(0)R(0)	21.703781	6	0	0	21.703781	6	8.687361	0	0	0	0	FALSE	FALSE	FALSE	sp|P00734|THRB_HUMAN	P00734	THRB_HUMAN	F2	Prothrombin		"tr|C9JV37|C9JV37_HUMAN, tr|E9PIT3|E9PIT3_HUMAN"	22076	2238.9941	22411	2170.589	2245.975	32.420002	30
240419_ES_R00006_MG_c00001_SA_NPB_3_i2.22132.22132.5	D:\SHARE\Tim\25-12-03_GD_Dataset\GD_dataset\NPB_3_i2\interact.pep.xml	YPHKPEINSTTHPGADLQENFCR	YPHKPEIN[2319]STTHPGADLQENFCR	ECQLWRSR.YPHKPEINSTTHPGADLQENFCR.NPDSSTTG	R	N	23	5	2216.5627	4915.032	4915.036	984.0137	984.0145	4915.0283	984.013	0.0081	0.000402528	19.084	7.518	1	0	2	1	136	158	3694488.2	"8N(2204.7725),22C(57.0215)"	NA	HexNAc(4)Hex(5)NeuAc(2) % 2204.7724	3.6	0	YPHKPEInSTTHPGADLQENFCR	Y(0.00)P(0.00)H(0.00)K(0.00)P(0.00)E(0.00)I(0.00)N(19.08)S(0.00)T(0.00)T(0.00)H(0.00)P(0.00)G(0.00)A(0.00)D(0.00)L(0.00)Q(0.00)E(0.00)N(0.00)F(0.00)C(0.00)R(0.00)	N8	1	Y(0.00)P(0.00)H(0.00)K(0.00)P(0.00)E(0.00)I(0.00)N(6.75)S(0.00)T(0.00)T(0.00)H(0.00)P(0.00)G(0.00)A(0.00)D(0.00)L(0.00)Q(0.00)E(0.00)N(0.00)F(0.00)C(0.00)R(0.00)	Y(0)P(0)H(0)K(0)P(0)E(0)I(0)N(0)S(0)T(0)T(0)H(0)P(0)G(0)A(0)D(0)L(0)Q(0)E(0)N(0)F(0)C(0)R(0)	19.08429	6	0	0	19.08429	6	6.7531767	0	0	0	0	FALSE	FALSE	FALSE	sp|P00734|THRB_HUMAN	P00734	THRB_HUMAN	F2	Prothrombin		"tr|C9JV37|C9JV37_HUMAN, tr|E9PIT3|E9PIT3_HUMAN"	22099	2243.4111	22465	2219.448	2245.975	14.526001	10
240419_ES_R00006_MG_c00001_SA_NPB_3_i2.22139.22139.3	D:\SHARE\Tim\25-12-03_GD_Dataset\GD_dataset\NPB_3_i2\interact.pep.xml	NNATVHEQVGGPSLTSDLQAQSK	NN[2174]ATVHEQVGGPSLTSDLQAQSK	VYDDGEEK.NNATVHEQVGGPSLTSDLQAQSK.GNPEQTPV	K	G	23	3	2217.0408	4439.902	4439.9014	1480.9746	1480.9744	4439.8965	1480.9728	0.0046	0.002707073	20.77	0	0.9997	0	2	0	85	107	10637997	2N(2059.7349)	NA	HexNAc(4)Hex(5)Fuc(1)NeuAc(1) % 2059.7349	2.43	0	NnATVHEQVGGPSLTSDLQAQSK	N(0.00)N(20.77)A(0.00)T(0.00)V(0.00)H(0.00)E(0.00)Q(0.00)V(0.00)G(0.00)G(0.00)P(0.00)S(0.00)L(0.00)T(0.00)S(0.00)D(0.00)L(0.00)Q(0.00)A(0.00)Q(0.00)S(0.00)K(0.00)	N2	1	N(0.00)N(12.10)A(0.00)T(0.00)V(0.00)H(0.00)E(0.00)Q(0.00)V(0.00)G(0.00)G(0.00)P(0.00)S(0.00)L(0.00)T(0.00)S(0.00)D(0.00)L(0.00)Q(0.00)A(0.00)Q(0.00)S(0.00)K(0.00)	N(0)N(0)A(0)T(0)V(0)H(0)E(0)Q(0)V(0)G(0)G(0)P(0)S(0)L(0)T(0)S(0)D(0)L(0)Q(0)A(0)Q(0)S(0)K(0)	20.770267	4	0	0	20.770267	4	12.096391	0	0	0	0	FALSE	FALSE	FALSE	sp|P04004|VTNC_HUMAN	P04004	VTNC_HUMAN	VTN	Vitronectin		tr|F5GX75|F5GX75_HUMAN	22099	2221.1172	22190	2203.417	2428.7012	28.948002	110
240419_ES_R00006_MG_c00001_SA_NPB_3_i2.22173.22173.4	D:\SHARE\Tim\25-12-03_GD_Dataset\GD_dataset\NPB_3_i2\interact.pep.xml	CGPCPAGFTGNGSHCTDVNECNAHPCFPR	CGPCPAGFTGN[1883]GSHCTDVNECNAHPCFPR	IQTESGAR.CGPCPAGFTGNGSHCTDVNECNAHPCFPR.VRCINTSP	R	V	29	4	2219.863	5044.927	5044.93	1262.239	1262.2398	5043.9243	1261.9884	1.0056	0.002510442	16.901	0	0.9986	0	2	0	111	139	0	"1C(57.0215),4C(57.0215),11N(1768.6395),15C(57.0215),21C(57.0215),26C(57.0215)"	NA	HexNAc(4)Hex(5)Fuc(1) % 1768.6395	-0.75	0	CGPCPAGFTGnGSHCTDVNECNAHPCFPR	C(0.00)G(0.00)P(0.00)C(0.00)P(0.00)A(0.00)G(0.00)F(0.00)T(0.00)G(0.00)N(16.90)G(0.00)S(0.00)H(0.00)C(0.00)T(0.00)D(0.00)V(0.00)N(0.00)E(0.00)C(0.00)N(0.00)A(0.00)H(0.00)P(0.00)C(0.00)F(0.00)P(0.00)R(0.00)	N11	1	C(0.00)G(0.00)P(0.00)C(0.00)P(0.00)A(0.00)G(0.00)F(0.00)T(0.00)G(0.00)N(3.18)G(0.00)S(0.00)H(0.00)C(0.00)T(0.00)D(0.00)V(0.00)N(0.00)E(0.00)C(0.00)N(0.00)A(0.00)H(0.00)P(0.00)C(0.00)F(0.00)P(0.00)R(0.00)	C(0)G(0)P(0)C(0)P(0)A(0)G(0)F(0)T(0)G(0)N(0)G(0)S(0)H(0)C(0)T(0)D(0)V(0)N(0)E(0)C(0)N(0)A(0)H(0)P(0)C(0)F(0)P(0)R(0)	16.901703	8	0	0	16.901703	8	3.1806338	0	0	0	0	FALSE	FALSE	FALSE	sp|P49747|COMP_HUMAN	P49747	COMP_HUMAN	COMP	Cartilage oligomeric matrix protein		tr|G3XAP6|G3XAP6_HUMAN	22130	0	0	0	0	0	0
240419_ES_R00006_MG_c00001_SA_NPB_3_i2.22191.22191.4	D:\SHARE\Tim\25-12-03_GD_Dataset\GD_dataset\NPB_3_i2\interact.pep.xml	NNATVHEQVGGPSLTSDLQAQSK	NN[2028]ATVHEQVGGPSLTSDLQAQSK	VYDDGEEK.NNATVHEQVGGPSLTSDLQAQSK.GNPEQTPV	K	G	23	4	2221.1328	4293.855	4293.8423	1074.471	1074.4679	4293.8389	1074.467	0.0034	7.50E-13	49.275	15.75	1	0	2	0	85	107	82022080	2N(1913.6770)	NA	HexNAc(4)Hex(5)NeuAc(1) % 1913.6770	3.68	0	NnATVHEQVGGPSLTSDLQAQSK	N(0.00)N(48.09)A(0.00)T(0.00)V(0.00)H(0.00)E(0.00)Q(0.00)V(0.00)G(0.00)G(0.00)P(0.00)S(0.00)L(0.00)T(0.00)S(0.00)D(0.00)L(0.00)Q(0.00)A(0.00)Q(0.00)S(0.00)K(0.00)	N2	1	N(0.00)N(15.11)A(0.00)T(0.00)V(0.00)H(0.00)E(0.00)Q(0.00)V(0.00)G(0.00)G(0.00)P(0.00)S(0.00)L(0.00)T(0.00)S(0.00)D(0.00)L(0.00)Q(0.00)A(0.00)Q(0.00)S(0.00)K(0.00)	N(0)N(2)A(0)T(0)V(0)H(0)E(0)Q(0)V(0)G(0)G(0)P(0)S(0)L(0)T(0)S(0)D(0)L(0)Q(0)A(0)Q(0)S(0)K(0)	48.0866	15	0	0	49.275555	16	15.107672	2	0	0	0	FALSE	FALSE	FALSE	sp|P04004|VTNC_HUMAN	P04004	VTNC_HUMAN	VTN	Vitronectin		tr|F5GX75|F5GX75_HUMAN	22168	2226.249	22250	2104.417	2617.739	29.693	268
240419_ES_R00006_MG_c00001_SA_NPB_3_i2.22196.22196.5	D:\SHARE\Tim\25-12-03_GD_Dataset\GD_dataset\NPB_3_i2\interact.pep.xml	SRYPHKPEINSTTHPGADLQENFCR	SRYPHKPEIN[2319]STTHPGADLQENFCR	GIECQLWR.SRYPHKPEINSTTHPGADLQENFCR.NPDSSTTG	R	N	25	5	2221.606	5158.1616	5158.165	1032.6396	1032.6403	5158.1611	1032.6395	0.0037	4.60E-05	24.92	9.094	1	0	2	2	134	158	38113568	"10N(2204.7725),24C(57.0215)"	NA	HexNAc(4)Hex(5)NeuAc(2) % 2204.7724	4.36	0	SRYPHKPEInSTTHPGADLQENFCR	S(0.00)R(0.00)Y(0.00)P(0.00)H(0.00)K(0.00)P(0.00)E(0.00)I(0.00)N(24.92)S(0.00)T(0.00)T(0.00)H(0.00)P(0.00)G(0.00)A(0.00)D(0.00)L(0.00)Q(0.00)E(0.00)N(0.00)F(0.00)C(0.00)R(0.00)	N10	1	S(0.00)R(0.00)Y(0.00)P(0.00)H(0.00)K(0.00)P(0.00)E(0.00)I(0.00)N(7.28)S(0.00)T(0.00)T(0.00)H(0.00)P(0.00)G(0.00)A(0.00)D(0.00)L(0.00)Q(0.00)E(0.00)N(0.00)F(0.00)C(0.00)R(0.00)	S(0)R(0)Y(0)P(0)H(0)K(0)P(0)E(0)I(0)N(0)S(0)T(0)T(0)H(0)P(0)G(0)A(0)D(0)L(0)Q(0)E(0)N(0)F(0)C(0)R(0)	24.920208	9	0	0	24.920208	9	7.279523	0	0	0	0	FALSE	FALSE	FALSE	sp|P00734|THRB_HUMAN	P00734	THRB_HUMAN	F2	Prothrombin		"tr|C9JV37|C9JV37_HUMAN, tr|E9PIT3|E9PIT3_HUMAN"	22168	2238.9941	22411	2180.7322	2500.124	33.672	165
240419_ES_R00006_MG_c00001_SA_NPB_3_i2.22251.22251.3	D:\SHARE\Tim\25-12-03_GD_Dataset\GD_dataset\NPB_3_i2\interact.pep.xml	NNATVHEQVGGPSLTSDLQAQSK	NN[2174]ATVHEQVGGPSLTSDLQAQSK	VYDDGEEK.NNATVHEQVGGPSLTSDLQAQSK.GNPEQTPV	K	G	23	3	2226.2644	4439.91	4439.9014	1480.9773	1480.9744	4439.8965	1480.9728	0.0046	5.65E-11	49.508	15.678	1	0	2	0	85	107	433899936	2N(2059.7349)	NA	HexNAc(4)Hex(5)Fuc(1)NeuAc(1) % 2059.7349	4.42	0	NnATVHEQVGGPSLTSDLQAQSK	N(0.00)N(45.14)A(0.00)T(0.00)V(0.00)H(0.00)E(0.00)Q(0.00)V(0.00)G(0.00)G(0.00)P(0.00)S(0.00)L(0.00)T(0.00)S(0.00)D(0.00)L(0.00)Q(0.00)A(0.00)Q(0.00)S(0.00)K(0.00)	N2	1	N(0.00)N(12.04)A(0.00)T(0.00)V(0.00)H(0.00)E(0.00)Q(0.00)V(0.00)G(0.00)G(0.00)P(0.00)S(0.00)L(0.00)T(0.00)S(0.00)D(0.00)L(0.00)Q(0.00)A(0.00)Q(0.00)S(0.00)K(0.00)	N(0)N(0)A(0)T(0)V(0)H(0)E(0)Q(0)V(0)G(0)G(0)P(0)S(0)L(0)T(0)S(0)D(0)L(0)Q(0)A(0)Q(0)S(0)K(0)	45.136833	13	0	0	49.508354	16	12.038023	0	0	0	0	FALSE	FALSE	FALSE	sp|P04004|VTNC_HUMAN	P04004	VTNC_HUMAN	VTN	Vitronectin		tr|F5GX75|F5GX75_HUMAN	22218	2251.7112	22574	2203.417	2428.7012	28.948002	110
240419_ES_R00006_MG_c00001_SA_NPB_3_i2.22255.22255.5	D:\SHARE\Tim\25-12-03_GD_Dataset\GD_dataset\NPB_3_i2\interact.pep.xml	SRYPHKPEINSTTHPGADLQENFCR	SRYPHKPEIN[2319]STTHPGADLQENFCR	GIECQLWR.SRYPHKPEINSTTHPGADLQENFCR.NPDSSTTG	R	N	25	5	2226.6633	5158.1685	5158.1665	1032.641	1032.6406	5158.1611	1032.6395	0.0051	1.10E-08	20.717	7.455	1	0	2	2	134	158	38113568	"10N(2204.7725),24C(57.0215)"	NA	HexNAc(4)Hex(5)NeuAc(2) % 2204.7724	4.19	0	SRYPHKPEInSTTHPGADLQENFCR	S(0.00)R(0.00)Y(0.00)P(0.00)H(0.00)K(0.00)P(0.00)E(0.00)I(0.00)N(20.72)S(0.00)T(0.00)T(0.00)H(0.00)P(0.00)G(0.00)A(0.00)D(0.00)L(0.00)Q(0.00)E(0.00)N(0.00)F(0.00)C(0.00)R(0.00)	N10	1	S(0.00)R(0.00)Y(0.00)P(0.00)H(0.00)K(0.00)P(0.00)E(0.00)I(0.00)N(9.34)S(0.00)T(0.00)T(0.00)H(0.00)P(0.00)G(0.00)A(0.00)D(0.00)L(0.00)Q(0.00)E(0.00)N(0.00)F(0.00)C(0.00)R(0.00)	S(0)R(0)Y(0)P(0)H(0)K(0)P(0)E(0)I(0)N(1)S(0)T(0)T(0)H(0)P(0)G(0)A(0)D(0)L(0)Q(0)E(0)N(0)F(0)C(0)R(0)	20.71773	7	0	0	19.413372	6	9.339365	1	0	0	0	FALSE	FALSE	FALSE	sp|P00734|THRB_HUMAN	P00734	THRB_HUMAN	F2	Prothrombin		"tr|C9JV37|C9JV37_HUMAN, tr|E9PIT3|E9PIT3_HUMAN"	22218	2238.9941	22411	2180.7322	2500.124	33.672	165
240419_ES_R00006_MG_c00001_SA_NPB_3_i2.22288.22288.4	D:\SHARE\Tim\25-12-03_GD_Dataset\GD_dataset\NPB_3_i2\interact.pep.xml	NNATVHEQVGGPSLTSDLQAQSK	NN[2319]ATVHEQVGGPSLTSDLQAQSK	VYDDGEEK.NNATVHEQVGGPSLTSDLQAQSK.GNPEQTPV	K	G	23	4	2229.089	4584.953	4584.936	1147.2455	1147.2413	4584.9346	1147.241	0.0017	3.83E-08	38.165	9.466	1	0	2	0	85	107	0	2N(2204.7725)	NA	HexNAc(4)Hex(5)NeuAc(2) % 2204.7724	5.17	0	NnATVHEQVGGPSLTSDLQAQSK	N(0.00)N(38.17)A(0.00)T(0.00)V(0.00)H(0.00)E(0.00)Q(0.00)V(0.00)G(0.00)G(0.00)P(0.00)S(0.00)L(0.00)T(0.00)S(0.00)D(0.00)L(0.00)Q(0.00)A(0.00)Q(0.00)S(0.00)K(0.00)	N2	1	N(0.00)N(13.81)A(0.00)T(0.00)V(0.00)H(0.00)E(0.00)Q(0.00)V(0.00)G(0.00)G(0.00)P(0.00)S(0.00)L(0.00)T(0.00)S(0.00)D(0.00)L(0.00)Q(0.00)A(0.00)Q(0.00)S(0.00)K(0.00)	N(0)N(1)A(0)T(0)V(0)H(0)E(0)Q(0)V(0)G(0)G(0)P(0)S(0)L(0)T(0)S(0)D(0)L(0)Q(0)A(0)Q(0)S(0)K(0)	38.165073	11	0	0	37.757767	11	13.809793	1	0	0	0	FALSE	FALSE	FALSE	sp|P04004|VTNC_HUMAN	P04004	VTNC_HUMAN	VTN	Vitronectin		tr|F5GX75|F5GX75_HUMAN	22250	0	0	0	0	0	0
240419_ES_R00006_MG_c00001_SA_NPB_3_i2.22320.22320.4	D:\SHARE\Tim\25-12-03_GD_Dataset\GD_dataset\NPB_3_i2\interact.pep.xml	CGPCPAGFTGNGSHCTDVNECNAHPCFPR	CGPCPAGFTGN[1883]GSHCTDVNECNAHPCFPR	IQTESGAR.CGPCPAGFTGNGSHCTDVNECNAHPCFPR.VRCINTSP	R	V	29	4	2232.2979	5043.911	5043.9062	1261.985	1261.9838	5043.9243	1261.9884	-0.0182	0.4408086	6.923	0	0.7639	0.000230947	2	0	111	139	0	"1C(57.0215),4C(57.0215),11N(1768.6395),15C(57.0215),21C(57.0215),26C(57.0215)"	NA	HexNAc(4)Hex(5)Fuc(1) % 1768.6395	-2.81	0.00213961	CGPCPAGFTGnGSHCTDVNECNAHPCFPR	C(0.00)G(0.00)P(0.00)C(0.00)P(0.00)A(0.00)G(0.00)F(0.00)T(0.00)G(0.00)N(6.92)G(0.00)S(0.00)H(0.00)C(0.00)T(0.00)D(0.00)V(0.00)N(0.00)E(0.00)C(0.00)N(0.00)A(0.00)H(0.00)P(0.00)C(0.00)F(0.00)P(0.00)R(0.00)	N11	1	C(0.00)G(0.00)P(0.00)C(0.00)P(0.00)A(0.00)G(0.00)F(0.00)T(0.00)G(0.00)N(0.00)G(0.00)S(0.00)H(0.00)C(0.00)T(0.00)D(0.00)V(0.00)N(0.00)E(0.00)C(0.00)N(0.00)A(0.00)H(0.00)P(0.00)C(0.00)F(0.00)P(0.00)R(0.00)	C(0)G(0)P(0)C(0)P(0)A(0)G(0)F(0)T(0)G(0)N(0)G(0)S(0)H(0)C(0)T(0)D(0)V(0)N(0)E(0)C(0)N(0)A(0)H(0)P(0)C(0)F(0)P(0)R(0)	6.923668	4	0	0	6.923668	4	0	0	0	0	0	FALSE	FALSE	FALSE	sp|P49747|COMP_HUMAN	P49747	COMP_HUMAN	COMP	Cartilage oligomeric matrix protein		tr|G3XAP6|G3XAP6_HUMAN	22284	0	0	0	0	0	0
240419_ES_R00006_MG_c00001_SA_NPB_3_i2.22341.22341.4	D:\SHARE\Tim\25-12-03_GD_Dataset\GD_dataset\NPB_3_i2\interact.pep.xml	NNATVHEQVGGPSLTSDLQAQSK	NN[2174]ATVHEQVGGPSLTSDLQAQSK	VYDDGEEK.NNATVHEQVGGPSLTSDLQAQSK.GNPEQTPV	K	G	23	4	2233.7559	4439.9097	4439.8994	1110.9847	1110.9821	4439.8965	1110.9814	0.0027	0	58.529	15.275	1	0	2	0	85	107	1025190530	2N(2059.7349)	NA	HexNAc(4)Hex(5)Fuc(1)NeuAc(1) % 2059.7349	3.2	0	NnATVHEQVGGPSLTSDLQAQSK	N(0.00)N(58.53)A(0.00)T(0.00)V(0.00)H(0.00)E(0.00)Q(0.00)V(0.00)G(0.00)G(0.00)P(0.00)S(0.00)L(0.00)T(0.00)S(0.00)D(0.00)L(0.00)Q(0.00)A(0.00)Q(0.00)S(0.00)K(0.00)	N2	1	N(0.00)N(19.40)A(0.00)T(0.00)V(0.00)H(0.00)E(0.00)Q(0.00)V(0.00)G(0.00)G(0.00)P(0.00)S(0.00)L(0.00)T(0.00)S(0.00)D(0.00)L(0.00)Q(0.00)A(0.00)Q(0.00)S(0.00)K(0.00)	N(0)N(5)A(0)T(0)V(0)H(0)E(0)Q(0)V(0)G(0)G(0)P(0)S(0)L(0)T(0)S(0)D(0)L(0)Q(0)A(0)Q(0)S(0)K(0)	58.52903	20	0	0	58.40648	20	19.39988	5	0	0	0	FALSE	FALSE	FALSE	sp|P04004|VTNC_HUMAN	P04004	VTNC_HUMAN	VTN	Vitronectin		tr|F5GX75|F5GX75_HUMAN	22309	2251.7112	22574	2201.1892	2431.745	26.371002	117
240419_ES_R00006_MG_c00001_SA_NPB_3_i2.22342.22342.5	D:\SHARE\Tim\25-12-03_GD_Dataset\GD_dataset\NPB_3_i2\interact.pep.xml	YPHKPEINSTTHPGADLQENFCR	YPHKPEIN[2028]STTHPGADLQENFCR	ECQLWRSR.YPHKPEINSTTHPGADLQENFCR.NPDSSTTG	R	N	23	5	2233.9504	4623.9443	4623.933	925.7961	925.7939	4623.9326	925.7938	4.00E-04	6.00E-14	44.741	12.761	1	0	2	1	136	158	475172736	"8N(1913.6770),22C(57.0215)"	NA	HexNAc(4)Hex(5)NeuAc(1) % 1913.6770	7.46	0	YPHKPEInSTTHPGADLQENFCR	Y(0.00)P(0.00)H(0.00)K(0.00)P(0.00)E(0.00)I(0.00)N(43.14)S(0.00)T(0.00)T(0.00)H(0.00)P(0.00)G(0.00)A(0.00)D(0.00)L(0.00)Q(0.00)E(0.00)N(0.00)F(0.00)C(0.00)R(0.00)	N8	1	Y(0.00)P(0.00)H(0.00)K(0.00)P(0.00)E(0.00)I(0.00)N(8.50)S(0.00)T(0.00)T(0.00)H(0.00)P(0.00)G(0.00)A(0.00)D(0.00)L(0.00)Q(0.00)E(0.00)N(0.00)F(0.00)C(0.00)R(0.00)	Y(0)P(0)H(0)K(0)P(0)E(0)I(0)N(1)S(0)T(0)T(0)H(0)P(0)G(0)A(0)D(0)L(0)Q(0)E(0)N(0)F(0)C(0)R(0)	43.138397	16	0	0	44.74172	16	8.495503	1	0	0	0	FALSE	FALSE	FALSE	sp|P00734|THRB_HUMAN	P00734	THRB_HUMAN	F2	Prothrombin		"tr|C9JV37|C9JV37_HUMAN, tr|E9PIT3|E9PIT3_HUMAN"	22309	2238.9941	22411	2201.1892	2435.3982	25.172	116
240419_ES_R00006_MG_c00001_SA_NPB_3_i2.22343.22343.4	D:\SHARE\Tim\25-12-03_GD_Dataset\GD_dataset\NPB_3_i2\interact.pep.xml	YPHKPEINSTTHPGADLQENFCR	YPHKPEIN[2028]STTHPGADLQENFCR	ECQLWRSR.YPHKPEINSTTHPGADLQENFCR.NPDSSTTG	R	N	23	4	2234.0642	4623.944	4623.9346	1156.9933	1156.9909	4623.9326	1156.9905	0.002	0	51.465	10.186	1	0	2	1	136	158	212783568	"8N(1913.6770),22C(57.0215)"	NA	HexNAc(4)Hex(5)NeuAc(1) % 1913.6770	4.69	0	YPHKPEInSTTHPGADLQENFCR	Y(0.00)P(0.00)H(0.00)K(0.00)P(0.00)E(0.00)I(0.00)N(51.47)S(0.00)T(0.00)T(0.00)H(0.00)P(0.00)G(0.00)A(0.00)D(0.00)L(0.00)Q(0.00)E(0.00)N(0.00)F(0.00)C(0.00)R(0.00)	N8	1	Y(0.00)P(0.00)H(0.00)K(0.00)P(0.00)E(0.00)I(0.00)N(10.71)S(0.00)T(0.00)T(0.00)H(0.00)P(0.00)G(0.00)A(0.00)D(0.00)L(0.00)Q(0.00)E(0.00)N(0.00)F(0.00)C(0.00)R(0.00)	Y(0)P(0)H(0)K(0)P(0)E(0)I(0)N(0)S(0)T(0)T(0)H(0)P(0)G(0)A(0)D(0)L(0)Q(0)E(0)N(0)F(0)C(0)R(0)	51.465797	17	0	0	51.465797	17	10.711117	0	0	0	0	FALSE	FALSE	FALSE	sp|P00734|THRB_HUMAN	P00734	THRB_HUMAN	F2	Prothrombin		"tr|C9JV37|C9JV37_HUMAN, tr|E9PIT3|E9PIT3_HUMAN"	22309	2238.9941	22411	2210.256	2450.479	25.172	130
240419_ES_R00006_MG_c00001_SA_NPB_3_i2.22412.22412.5	D:\SHARE\Tim\25-12-03_GD_Dataset\GD_dataset\NPB_3_i2\interact.pep.xml	SRYPHKPEINSTTHPGADLQENFCR	SRYPHKPEIN[2028]STTHPGADLQENFCR	GIECQLWR.SRYPHKPEINSTTHPGADLQENFCR.NPDSSTTG	R	N	25	5	2239.0093	4867.0566	4867.0615	974.4186	974.4196	4867.0659	974.4205	-0.0044	5.87E-05	16.703	0	1	0	2	2	134	158	86292040	"10N(1913.6770),24C(57.0215)"	NA	HexNAc(4)Hex(5)NeuAc(1) % 1913.6770	3.3	0	SRYPHKPEInSTTHPGADLQENFCR	S(0.00)R(0.00)Y(0.00)P(0.00)H(0.00)K(0.00)P(0.00)E(0.00)I(0.00)N(16.70)S(0.00)T(0.00)T(0.00)H(0.00)P(0.00)G(0.00)A(0.00)D(0.00)L(0.00)Q(0.00)E(0.00)N(0.00)F(0.00)C(0.00)R(0.00)	N10	1	S(0.00)R(0.00)Y(0.00)P(0.00)H(0.00)K(0.00)P(0.00)E(0.00)I(0.00)N(4.39)S(0.00)T(0.00)T(0.00)H(0.00)P(0.00)G(0.00)A(0.00)D(0.00)L(0.00)Q(0.00)E(0.00)N(0.00)F(0.00)C(0.00)R(0.00)	S(0)R(0)Y(0)P(0)H(0)K(0)P(0)E(0)I(0)N(0)S(0)T(0)T(0)H(0)P(0)G(0)A(0)D(0)L(0)Q(0)E(0)N(0)F(0)C(0)R(0)	16.703064	7	0	0	16.703064	7	4.394301	0	0	0	0	FALSE	FALSE	FALSE	sp|P00734|THRB_HUMAN	P00734	THRB_HUMAN	F2	Prothrombin		"tr|C9JV37|C9JV37_HUMAN, tr|E9PIT3|E9PIT3_HUMAN"	22376	2263.7742	22728	2063.266	2348.4011	46.394	136
240419_ES_R00006_MG_c00001_SA_NPB_3_i2.22436.22436.5	D:\SHARE\Tim\25-12-03_GD_Dataset\GD_dataset\NPB_3_i2\interact.pep.xml	NNATVHEQVGGPSLTSDLQAQSK	NN[2319]ATVHEQVGGPSLTSDLQAQSK	VYDDGEEK.NNATVHEQVGGPSLTSDLQAQSK.GNPEQTPV	K	G	23	5	2241.0334	4584.954	4584.902	917.9981	917.9877	4584.9346	917.9943	-0.0325	6.59E-05	17.263	12.446	1	0	2	0	85	107	0	2N(2204.7725)	NA	HexNAc(4)Hex(5)NeuAc(2) % 2204.7724	-1.82	0.001120448	NnATVHEQVGGPSLTSDLQAQSK	N(0.00)N(17.26)A(0.00)T(0.00)V(0.00)H(0.00)E(0.00)Q(0.00)V(0.00)G(0.00)G(0.00)P(0.00)S(0.00)L(0.00)T(0.00)S(0.00)D(0.00)L(0.00)Q(0.00)A(0.00)Q(0.00)S(0.00)K(0.00)	N2	1	N(0.00)N(3.08)A(0.00)T(0.00)V(0.00)H(0.00)E(0.00)Q(0.00)V(0.00)G(0.00)G(0.00)P(0.00)S(0.00)L(0.00)T(0.00)S(0.00)D(0.00)L(0.00)Q(0.00)A(0.00)Q(0.00)S(0.00)K(0.00)	N(0)N(0)A(0)T(0)V(0)H(0)E(0)Q(0)V(0)G(0)G(0)P(0)S(0)L(0)T(0)S(0)D(0)L(0)Q(0)A(0)Q(0)S(0)K(0)	17.2639	8	0	0	17.2639	8	3.0756981	0	0	0	0	FALSE	FALSE	FALSE	sp|P04004|VTNC_HUMAN	P04004	VTNC_HUMAN	VTN	Vitronectin		tr|F5GX75|F5GX75_HUMAN	22376	0	0	0	0	0	0
240419_ES_R00006_MG_c00001_SA_NPB_3_i2.22463.22463.5	D:\SHARE\Tim\25-12-03_GD_Dataset\GD_dataset\NPB_3_i2\interact.pep.xml	NNATVHEQVGGPSLTSDLQAQSK	NN[2028]ATVHEQVGGPSLTSDLQAQSK	VYDDGEEK.NNATVHEQVGGPSLTSDLQAQSK.GNPEQTPV	K	G	23	5	2243.2002	4293.8467	4293.841	859.7766	859.7755	4293.8389	859.7751	0.002	1.28E-07	34.645	12.974	1	0	2	0	85	107	23088676	2N(1913.6770)	NA	HexNAc(4)Hex(5)NeuAc(1) % 1913.6770	4.14	0	NnATVHEQVGGPSLTSDLQAQSK	N(0.00)N(34.65)A(0.00)T(0.00)V(0.00)H(0.00)E(0.00)Q(0.00)V(0.00)G(0.00)G(0.00)P(0.00)S(0.00)L(0.00)T(0.00)S(0.00)D(0.00)L(0.00)Q(0.00)A(0.00)Q(0.00)S(0.00)K(0.00)	N2	1	N(0.00)N(11.16)A(0.00)T(0.00)V(0.00)H(0.00)E(0.00)Q(0.00)V(0.00)G(0.00)G(0.00)P(0.00)S(0.00)L(0.00)T(0.00)S(0.00)D(0.00)L(0.00)Q(0.00)A(0.00)Q(0.00)S(0.00)K(0.00)	N(0)N(1)A(0)T(0)V(0)H(0)E(0)Q(0)V(0)G(0)G(0)P(0)S(0)L(0)T(0)S(0)D(0)L(0)Q(0)A(0)Q(0)S(0)K(0)	34.645645	11	0	0	33.20439	10	11.155951	1	0	0	0	FALSE	FALSE	FALSE	sp|P04004|VTNC_HUMAN	P04004	VTNC_HUMAN	VTN	Vitronectin		tr|F5GX75|F5GX75_HUMAN	22411	2257.7231	22655	2226.249	2271.1472	17.799002	16
240419_ES_R00006_MG_c00001_SA_NPB_3_i2.22487.22487.5	D:\SHARE\Tim\25-12-03_GD_Dataset\GD_dataset\NPB_3_i2\interact.pep.xml	NNATVHEQVGGPSLTSDLQAQSK	NN[2174]ATVHEQVGGPSLTSDLQAQSK	VYDDGEEK.NNATVHEQVGGPSLTSDLQAQSK.GNPEQTPV	K	G	23	5	2244.989	4439.9062	4439.8994	888.9885	888.9872	4439.8965	888.9866	0.0027	1.20E-05	29.178	0	1	0	2	0	85	107	0	2N(2059.7349)	NA	HexNAc(4)Hex(5)Fuc(1)NeuAc(1) % 2059.7349	0.92	0	NnATVHEQVGGPSLTSDLQAQSK	N(0.00)N(29.18)A(0.00)T(0.00)V(0.00)H(0.00)E(0.00)Q(0.00)V(0.00)G(0.00)G(0.00)P(0.00)S(0.00)L(0.00)T(0.00)S(0.00)D(0.00)L(0.00)Q(0.00)A(0.00)Q(0.00)S(0.00)K(0.00)	N2	1	N(0.00)N(10.91)A(0.00)T(0.00)V(0.00)H(0.00)E(0.00)Q(0.00)V(0.00)G(0.00)G(0.00)P(0.00)S(0.00)L(0.00)T(0.00)S(0.00)D(0.00)L(0.00)Q(0.00)A(0.00)Q(0.00)S(0.00)K(0.00)	N(0)N(1)A(0)T(0)V(0)H(0)E(0)Q(0)V(0)G(0)G(0)P(0)S(0)L(0)T(0)S(0)D(0)L(0)Q(0)A(0)Q(0)S(0)K(0)	29.178625	9	0	0	27.853941	8	10.914499	1	0	0	0	FALSE	FALSE	FALSE	sp|P04004|VTNC_HUMAN	P04004	VTNC_HUMAN	VTN	Vitronectin		tr|F5GX75|F5GX75_HUMAN	22439	0	0	0	0	0	0
240419_ES_R00006_MG_c00001_SA_NPB_3_i2.22494.22494.3	D:\SHARE\Tim\25-12-03_GD_Dataset\GD_dataset\NPB_3_i2\interact.pep.xml	YPHKPEINSTTHPGADLQENFCR	YPHKPEIN[2028]STTHPGADLQENFCR	ECQLWRSR.YPHKPEINSTTHPGADLQENFCR.NPDSSTTG	R	N	23	3	2245.4666	4624.966	4624.9443	1542.6626	1542.6554	4623.9326	1542.3182	1.0117	1.06E-05	23.23	6.198	1	0	2	1	136	158	0	"8N(1913.6770),22C(57.0215)"	NA	HexNAc(4)Hex(5)NeuAc(1) % 1913.6770	2.2	0	YPHKPEInSTTHPGADLQENFCR	Y(0.00)P(0.00)H(0.00)K(0.00)P(0.00)E(0.00)I(0.00)N(23.23)S(0.00)T(0.00)T(0.00)H(0.00)P(0.00)G(0.00)A(0.00)D(0.00)L(0.00)Q(0.00)E(0.00)N(0.00)F(0.00)C(0.00)R(0.00)	N8	1	Y(0.00)P(0.00)H(0.00)K(0.00)P(0.00)E(0.00)I(0.00)N(7.98)S(0.00)T(0.00)T(0.00)H(0.00)P(0.00)G(0.00)A(0.00)D(0.00)L(0.00)Q(0.00)E(0.00)N(0.00)F(0.00)C(0.00)R(0.00)	Y(0)P(0)H(0)K(0)P(0)E(0)I(0)N(0)S(0)T(0)T(0)H(0)P(0)G(0)A(0)D(0)L(0)Q(0)E(0)N(0)F(0)C(0)R(0)	23.230127	8	0	0	23.230127	8	7.9789143	0	0	0	0	FALSE	FALSE	FALSE	sp|P00734|THRB_HUMAN	P00734	THRB_HUMAN	F2	Prothrombin		"tr|C9JV37|C9JV37_HUMAN, tr|E9PIT3|E9PIT3_HUMAN"	22439	0	0	0	0	0	0
240419_ES_R00006_MG_c00001_SA_NPB_3_i2.22542.22542.3	D:\SHARE\Tim\25-12-03_GD_Dataset\GD_dataset\NPB_3_i2\interact.pep.xml	YPHKPEINSTTHPGADLQENFCR	YPHKPEIN[2028]STTHPGADLQENFCR	ECQLWRSR.YPHKPEINSTTHPGADLQENFCR.NPDSSTTG	R	N	23	3	2249.133	4623.94	4623.9385	1542.3206	1542.3201	4623.9326	1542.3182	0.0057	0.000419257	20.287	5.839	1	0	2	1	136	158	0	"8N(1913.6770),22C(57.0215)"	NA	HexNAc(4)Hex(5)NeuAc(1) % 1913.6770	3.12	0	YPHKPEInSTTHPGADLQENFCR	Y(0.00)P(0.00)H(0.00)K(0.00)P(0.00)E(0.00)I(0.00)N(20.29)S(0.00)T(0.00)T(0.00)H(0.00)P(0.00)G(0.00)A(0.00)D(0.00)L(0.00)Q(0.00)E(0.00)N(0.00)F(0.00)C(0.00)R(0.00)	N8	1	Y(0.00)P(0.00)H(0.00)K(0.00)P(0.00)E(0.00)I(0.00)N(7.74)S(0.00)T(0.00)T(0.00)H(0.00)P(0.00)G(0.00)A(0.00)D(0.00)L(0.00)Q(0.00)E(0.00)N(0.00)F(0.00)C(0.00)R(0.00)	Y(0)P(0)H(0)K(0)P(0)E(0)I(0)N(0)S(0)T(0)T(0)H(0)P(0)G(0)A(0)D(0)L(0)Q(0)E(0)N(0)F(0)C(0)R(0)	20.287245	7	0	0	20.287245	7	7.735818	0	0	0	0	FALSE	FALSE	FALSE	sp|P00734|THRB_HUMAN	P00734	THRB_HUMAN	F2	Prothrombin		"tr|C9JV37|C9JV37_HUMAN, tr|E9PIT3|E9PIT3_HUMAN"	22500	0	0	0	0	0	0
240419_ES_R00006_MG_c00001_SA_NPB_3_i2.22615.22615.4	D:\SHARE\Tim\25-12-03_GD_Dataset\GD_dataset\NPB_3_i2\interact.pep.xml	SRYPHKPEINSTTHPGADLQENFCR	SRYPHKPEIN[2319]STTHPGADLQENFCR	GIECQLWR.SRYPHKPEINSTTHPGADLQENFCR.NPDSSTTG	R	N	25	4	2254.7537	5158.169	5158.1655	1290.5495	1290.5487	5158.1611	1290.5476	0.0042	7.35E-07	33.78	7.938	1	0	2	2	134	158	426953600	"10N(2204.7725),24C(57.0215)"	NA	HexNAc(4)Hex(5)NeuAc(2) % 2204.7724	3.45	0	SRYPHKPEInSTTHPGADLQENFCR	S(0.00)R(0.00)Y(0.00)P(0.00)H(0.00)K(0.00)P(0.00)E(0.00)I(0.00)N(33.78)S(0.00)T(0.00)T(0.00)H(0.00)P(0.00)G(0.00)A(0.00)D(0.00)L(0.00)Q(0.00)E(0.00)N(0.00)F(0.00)C(0.00)R(0.00)	N10	1	S(0.00)R(0.00)Y(0.00)P(0.00)H(0.00)K(0.00)P(0.00)E(0.00)I(0.00)N(6.11)S(0.00)T(0.00)T(0.00)H(0.00)P(0.00)G(0.00)A(0.00)D(0.00)L(0.00)Q(0.00)E(0.00)N(0.00)F(0.00)C(0.00)R(0.00)	S(0)R(0)Y(0)P(0)H(0)K(0)P(0)E(0)I(0)N(0)S(0)T(0)T(0)H(0)P(0)G(0)A(0)D(0)L(0)Q(0)E(0)N(0)F(0)C(0)R(0)	33.780987	14	0	0	33.780987	14	6.114832	0	0	0	0	FALSE	FALSE	FALSE	sp|P00734|THRB_HUMAN	P00734	THRB_HUMAN	F2	Prothrombin		"tr|C9JV37|C9JV37_HUMAN, tr|E9PIT3|E9PIT3_HUMAN"	22574	2275.236	22875	2241.454	2431.745	33.672	94
240419_ES_R00006_MG_c00001_SA_NPB_3_i2.22626.22626.4	D:\SHARE\Tim\25-12-03_GD_Dataset\GD_dataset\NPB_3_i2\interact.pep.xml	NNATVHEQVGGPSLTSDLQAQSK	NN[2319]ATVHEQVGGPSLTSDLQAQSK	VYDDGEEK.NNATVHEQVGGPSLTSDLQAQSK.GNPEQTPV	K	G	23	4	2255.5042	4586.9614	4586.9453	1147.7476	1147.7436	4584.9346	1147.241	2.011	6.64E-07	26.541	7.742	1	0	2	0	85	107	11115567	2N(2204.7725)	NA	HexNAc(4)Hex(5)NeuAc(2) % 2204.7724	2.12	0	NnATVHEQVGGPSLTSDLQAQSK	N(0.00)N(26.54)A(0.00)T(0.00)V(0.00)H(0.00)E(0.00)Q(0.00)V(0.00)G(0.00)G(0.00)P(0.00)S(0.00)L(0.00)T(0.00)S(0.00)D(0.00)L(0.00)Q(0.00)A(0.00)Q(0.00)S(0.00)K(0.00)	N2	1	N(0.00)N(12.28)A(0.00)T(0.00)V(0.00)H(0.00)E(0.00)Q(0.00)V(0.00)G(0.00)G(0.00)P(0.00)S(0.00)L(0.00)T(0.00)S(0.00)D(0.00)L(0.00)Q(0.00)A(0.00)Q(0.00)S(0.00)K(0.00)	N(0)N(0)A(0)T(0)V(0)H(0)E(0)Q(0)V(0)G(0)G(0)P(0)S(0)L(0)T(0)S(0)D(0)L(0)Q(0)A(0)Q(0)S(0)K(0)	26.541426	6	0	0	26.541426	6	12.282634	0	0	0	0	FALSE	FALSE	FALSE	sp|P04004|VTNC_HUMAN	P04004	VTNC_HUMAN	VTN	Vitronectin		tr|F5GX75|F5GX75_HUMAN	22574	2251.7112	22574	2243.4111	2261.8271	15.852001	5
240419_ES_R00006_MG_c00001_SA_NPB_3_i2.22645.22645.3	D:\SHARE\Tim\25-12-03_GD_Dataset\GD_dataset\NPB_3_i2\interact.pep.xml	NNATVHEQVGGPSLTSDLQAQSK	NN[2975]ATVHEQVGGPSLTSDLQAQSK	VYDDGEEK.NNATVHEQVGGPSLTSDLQAQSK.GNPEQTPV	K	G	23	3	2256.9648	5243.2354	5243.2354	1748.7524	1748.7524	5241.1621	1748.0614	2.0735	0.000524204	25.622	10.681	1	0	2	0	85	107	0	2N(2861.0000)	NA	HexNAc(5)Hex(6)NeuAc(3) % 2861.0000	-2.06	0.001120448	NnATVHEQVGGPSLTSDLQAQSK	N(0.00)N(25.62)A(0.00)T(0.00)V(0.00)H(0.00)E(0.00)Q(0.00)V(0.00)G(0.00)G(0.00)P(0.00)S(0.00)L(0.00)T(0.00)S(0.00)D(0.00)L(0.00)Q(0.00)A(0.00)Q(0.00)S(0.00)K(0.00)	N2	1	N(0.00)N(10.01)A(0.00)T(0.00)V(0.00)H(0.00)E(0.00)Q(0.00)V(0.00)G(0.00)G(0.00)P(0.00)S(0.00)L(0.00)T(0.00)S(0.00)D(0.00)L(0.00)Q(0.00)A(0.00)Q(0.00)S(0.00)K(0.00)	N(0)N(0)A(0)T(0)V(0)H(0)E(0)Q(0)V(0)G(0)G(0)P(0)S(0)L(0)T(0)S(0)D(0)L(0)Q(0)A(0)Q(0)S(0)K(0)	25.622858	7	0	0	25.622858	7	10.011958	0	0	0	0	FALSE	FALSE	FALSE	sp|P04004|VTNC_HUMAN	P04004	VTNC_HUMAN	VTN	Vitronectin		tr|F5GX75|F5GX75_HUMAN	22605	0	0	0	0	0	0
240419_ES_R00006_MG_c00001_SA_NPB_3_i2.22678.22678.3	D:\SHARE\Tim\25-12-03_GD_Dataset\GD_dataset\NPB_3_i2\interact.pep.xml	NNATVHEQVGGPSLTSDLQAQSK	NN[2028]ATVHEQVGGPSLTSDLQAQSK	VYDDGEEK.NNATVHEQVGGPSLTSDLQAQSK.GNPEQTPV	K	G	23	3	2259.4648	4293.846	4293.842	1432.2893	1432.2879	4293.8389	1432.287	0.0029	9.81E-10	54.183	13.132	1	0	2	0	85	107	2784271360	2N(1913.6770)	NA	HexNAc(4)Hex(5)NeuAc(1) % 1913.6770	4.02	0	NnATVHEQVGGPSLTSDLQAQSK	N(0.00)N(50.47)A(0.00)T(0.00)V(0.00)H(0.00)E(0.00)Q(0.00)V(0.00)G(0.00)G(0.00)P(0.00)S(0.00)L(0.00)T(0.00)S(0.00)D(0.00)L(0.00)Q(0.00)A(0.00)Q(0.00)S(0.00)K(0.00)	N2	1	N(0.00)N(15.58)A(0.00)T(0.00)V(0.00)H(0.00)E(0.00)Q(0.00)V(0.00)G(0.00)G(0.00)P(0.00)S(0.00)L(0.00)T(0.00)S(0.00)D(0.00)L(0.00)Q(0.00)A(0.00)Q(0.00)S(0.00)K(0.00)	N(0)N(4)A(0)T(0)V(0)H(0)E(0)Q(0)V(0)G(0)G(0)P(0)S(0)L(0)T(0)S(0)D(0)L(0)Q(0)A(0)Q(0)S(0)K(0)	50.472794	18	0	0	54.18358	20	15.579044	4	0	0	0	FALSE	FALSE	FALSE	sp|P04004|VTNC_HUMAN	P04004	VTNC_HUMAN	VTN	Vitronectin		tr|F5GX75|F5GX75_HUMAN	22655	2251.7112	22574	2140.5442	2615.5151	33.782	251
240419_ES_R00006_MG_c00001_SA_NPB_3_i2.22729.22729.5	D:\SHARE\Tim\25-12-03_GD_Dataset\GD_dataset\NPB_3_i2\interact.pep.xml	SRYPHKPEINSTTHPGADLQENFCR	SRYPHKPEIN[2028]STTHPGADLQENFCR	GIECQLWR.SRYPHKPEINSTTHPGADLQENFCR.NPDSSTTG	R	N	25	5	2263.7888	4867.061	4867.0674	974.4195	974.4208	4867.0659	974.4205	0.0013	1.38E-05	22.183	5.809	1	0	2	2	134	158	91361008	"10N(1913.6770),24C(57.0215)"	NA	HexNAc(4)Hex(5)NeuAc(1) % 1913.6770	4.31	0	SRYPHKPEInSTTHPGADLQENFCR	S(0.00)R(0.00)Y(0.00)P(0.00)H(0.00)K(0.00)P(0.00)E(0.00)I(0.00)N(22.18)S(0.00)T(0.00)T(0.00)H(0.00)P(0.00)G(0.00)A(0.00)D(0.00)L(0.00)Q(0.00)E(0.00)N(0.00)F(0.00)C(0.00)R(0.00)	N10	1	S(0.00)R(0.00)Y(0.00)P(0.00)H(0.00)K(0.00)P(0.00)E(0.00)I(0.00)N(3.09)S(0.00)T(0.00)T(0.00)H(0.00)P(0.00)G(0.00)A(0.00)D(0.00)L(0.00)Q(0.00)E(0.00)N(0.00)F(0.00)C(0.00)R(0.00)	S(0)R(0)Y(0)P(0)H(0)K(0)P(0)E(0)I(0)N(0)S(0)T(0)T(0)H(0)P(0)G(0)A(0)D(0)L(0)Q(0)E(0)N(0)F(0)C(0)R(0)	22.18377	11	0	0	22.18377	11	3.0877645	0	0	0	0	FALSE	FALSE	FALSE	sp|P00734|THRB_HUMAN	P00734	THRB_HUMAN	F2	Prothrombin		"tr|C9JV37|C9JV37_HUMAN, tr|E9PIT3|E9PIT3_HUMAN"	22702	2261.8271	22702	2221.1172	2368.9302	48.185	78
240419_ES_R00006_MG_c00001_SA_NPB_3_i2.22827.22827.5	D:\SHARE\Tim\25-12-03_GD_Dataset\GD_dataset\NPB_3_i2\interact.pep.xml	SRYPHKPEINSTTHPGADLQENFCR	SRYPHKPEIN[2319]STTHPGADLQENFCR	GIECQLWR.SRYPHKPEINSTTHPGADLQENFCR.NPDSSTTG	R	N	25	5	2271.1626	5158.17	5158.1665	1032.6413	1032.6406	5158.1611	1032.6395	0.0051	1.96E-10	43.565	10.716	1	0	2	2	134	158	4083452420	"10N(2204.7725),24C(57.0215)"	NA	HexNAc(4)Hex(5)NeuAc(2) % 2204.7724	4.39	0	SRYPHKPEInSTTHPGADLQENFCR	S(0.00)R(0.00)Y(0.00)P(0.00)H(0.00)K(0.00)P(0.00)E(0.00)I(0.00)N(43.57)S(0.00)T(0.00)T(0.00)H(0.00)P(0.00)G(0.00)A(0.00)D(0.00)L(0.00)Q(0.00)E(0.00)N(0.00)F(0.00)C(0.00)R(0.00)	N10	1	S(0.00)R(0.00)Y(0.00)P(0.00)H(0.00)K(0.00)P(0.00)E(0.00)I(0.00)N(10.92)S(0.00)T(0.00)T(0.00)H(0.00)P(0.00)G(0.00)A(0.00)D(0.00)L(0.00)Q(0.00)E(0.00)N(0.00)F(0.00)C(0.00)R(0.00)	S(0)R(0)Y(0)P(0)H(0)K(0)P(0)E(0)I(0)N(1)S(0)T(0)T(0)H(0)P(0)G(0)A(0)D(0)L(0)Q(0)E(0)N(0)F(0)C(0)R(0)	43.56504	16	0	0	41.66333	15	10.915405	1	0	0	0	FALSE	FALSE	FALSE	sp|P00734|THRB_HUMAN	P00734	THRB_HUMAN	F2	Prothrombin		"tr|C9JV37|C9JV37_HUMAN, tr|E9PIT3|E9PIT3_HUMAN"	22799	2279.1802	22926	2180.7322	2512.854	33.672	166
240419_ES_R00006_MG_c00001_SA_NPB_3_i2.22831.22831.4	D:\SHARE\Tim\25-12-03_GD_Dataset\GD_dataset\NPB_3_i2\interact.pep.xml	SRYPHKPEINSTTHPGADLQENFCR	SRYPHKPEIN[2028]STTHPGADLQENFCR	GIECQLWR.SRYPHKPEINSTTHPGADLQENFCR.NPDSSTTG	R	N	25	4	2271.5615	4868.0615	4868.072	1218.0227	1218.0253	4867.0659	1217.7738	1.0057	0.000174591	27.797	11.372	1	0	2	2	134	158	0	"10N(1913.6770),24C(57.0215)"	NA	HexNAc(4)Hex(5)NeuAc(1) % 1913.6770	3.6	0	SRYPHKPEInSTTHPGADLQENFCR	S(0.00)R(0.00)Y(0.00)P(0.00)H(0.00)K(0.00)P(0.00)E(0.00)I(0.00)N(27.80)S(0.00)T(0.00)T(0.00)H(0.00)P(0.00)G(0.00)A(0.00)D(0.00)L(0.00)Q(0.00)E(0.00)N(0.00)F(0.00)C(0.00)R(0.00)	N10	1	S(0.00)R(0.00)Y(0.00)P(0.00)H(0.00)K(0.00)P(0.00)E(0.00)I(0.00)N(6.06)S(0.00)T(0.00)T(0.00)H(0.00)P(0.00)G(0.00)A(0.00)D(0.00)L(0.00)Q(0.00)E(0.00)N(0.00)F(0.00)C(0.00)R(0.00)	S(0)R(0)Y(0)P(0)H(0)K(0)P(0)E(0)I(0)N(1)S(0)T(0)T(0)H(0)P(0)G(0)A(0)D(0)L(0)Q(0)E(0)N(0)F(0)C(0)R(0)	27.797579	12	0	0	25.903633	11	6.0643835	1	0	0	0	FALSE	FALSE	FALSE	sp|P00734|THRB_HUMAN	P00734	THRB_HUMAN	F2	Prothrombin		"tr|C9JV37|C9JV37_HUMAN, tr|E9PIT3|E9PIT3_HUMAN"	22799	0	0	0	0	0	0
240419_ES_R00006_MG_c00001_SA_NPB_3_i2.22878.22878.3	D:\SHARE\Tim\25-12-03_GD_Dataset\GD_dataset\NPB_3_i2\interact.pep.xml	YPHKPEINSTTHPGADLQENFCR	YPHKPEIN[2028]STTHPGADLQENFCR	ECQLWRSR.YPHKPEINSTTHPGADLQENFCR.NPDSSTTG	R	N	23	3	2275.514	4624.929	4624.9414	1542.6503	1542.6544	4623.9326	1542.3182	1.0087	7.73E-05	17.658	8.178	1	0	2	1	136	158	35804572	"8N(1913.6770),22C(57.0215)"	NA	HexNAc(4)Hex(5)NeuAc(1) % 1913.6770	2.22	0	YPHKPEInSTTHPGADLQENFCR	Y(0.00)P(0.00)H(0.00)K(0.00)P(0.00)E(0.00)I(0.00)N(17.66)S(0.00)T(0.00)T(0.00)H(0.00)P(0.00)G(0.00)A(0.00)D(0.00)L(0.00)Q(0.00)E(0.00)N(0.00)F(0.00)C(0.00)R(0.00)	N8	1	Y(0.00)P(0.00)H(0.00)K(0.00)P(0.00)E(0.00)I(0.00)N(6.38)S(0.00)T(0.00)T(0.00)H(0.00)P(0.00)G(0.00)A(0.00)D(0.00)L(0.00)Q(0.00)E(0.00)N(0.00)F(0.00)C(0.00)R(0.00)	Y(0)P(0)H(0)K(0)P(0)E(0)I(0)N(0)S(0)T(0)T(0)H(0)P(0)G(0)A(0)D(0)L(0)Q(0)E(0)N(0)F(0)C(0)R(0)	17.658115	6	0	0	17.658115	6	6.383966	0	0	0	0	FALSE	FALSE	FALSE	sp|P00734|THRB_HUMAN	P00734	THRB_HUMAN	F2	Prothrombin		"tr|C9JV37|C9JV37_HUMAN, tr|E9PIT3|E9PIT3_HUMAN"	22847	2265.365	22749	2238.9941	2285.121	23.169	17
240419_ES_R00006_MG_c00001_SA_NPB_3_i2.22913.22913.4	D:\SHARE\Tim\25-12-03_GD_Dataset\GD_dataset\NPB_3_i2\interact.pep.xml	SRYPHKPEINSTTHPGADLQENFCR	SRYPHKPEIN[2028]STTHPGADLQENFCR	GIECQLWR.SRYPHKPEINSTTHPGADLQENFCR.NPDSSTTG	R	N	25	4	2278.2188	4867.0537	4867.0474	1217.7707	1217.7691	4867.0659	1217.7738	-0.0186	1.54E-05	28.755	6.919	0.9972	0	2	2	134	158	0	"10N(1913.6770),24C(57.0215)"	NA	HexNAc(4)Hex(5)NeuAc(1) % 1913.6770	1.94	0	SRYPHKPEInSTTHPGADLQENFCR	S(0.00)R(0.00)Y(0.00)P(0.00)H(0.00)K(0.00)P(0.00)E(0.00)I(0.00)N(28.76)S(0.00)T(0.00)T(0.00)H(0.00)P(0.00)G(0.00)A(0.00)D(0.00)L(0.00)Q(0.00)E(0.00)N(0.00)F(0.00)C(0.00)R(0.00)	N10	1	S(0.00)R(0.00)Y(0.00)P(0.00)H(0.00)K(0.00)P(0.00)E(0.00)I(0.00)N(6.43)S(0.00)T(0.00)T(0.00)H(0.00)P(0.00)G(0.00)A(0.00)D(0.00)L(0.00)Q(0.00)E(0.00)N(0.00)F(0.00)C(0.00)R(0.00)	S(0)R(0)Y(0)P(0)H(0)K(0)P(0)E(0)I(0)N(0)S(0)T(0)T(0)H(0)P(0)G(0)A(0)D(0)L(0)Q(0)E(0)N(0)F(0)C(0)R(0)	28.755486	12	0	0	28.755486	12	6.428855	0	0	0	0	FALSE	FALSE	FALSE	sp|P00734|THRB_HUMAN	P00734	THRB_HUMAN	F2	Prothrombin		"tr|C9JV37|C9JV37_HUMAN, tr|E9PIT3|E9PIT3_HUMAN"	22894	0	0	0	0	0	0
240419_ES_R00006_MG_c00001_SA_NPB_3_i2.22949.22949.3	D:\SHARE\Tim\25-12-03_GD_Dataset\GD_dataset\NPB_3_i2\interact.pep.xml	SRYPHKPEINSTTHPGADLQENFCR	SRYPHKPEIN[2319]STTHPGADLQENFCR	GIECQLWR.SRYPHKPEINSTTHPGADLQENFCR.NPDSSTTG	R	N	25	3	2281.001	5160.1787	5160.1807	1721.0668	1721.0675	5158.1611	1720.3944	2.0193	0.000817032	14.545	11.749	1	0	2	2	134	158	0	"10N(2204.7725),24C(57.0215)"	NA	HexNAc(4)Hex(5)NeuAc(2) % 2204.7724	-1.5	0.001120448	SRYPHKPEInSTTHPGADLQENFCR	S(0.00)R(0.00)Y(0.00)P(0.00)H(0.00)K(0.00)P(0.00)E(0.00)I(0.00)N(14.55)S(0.00)T(0.00)T(0.00)H(0.00)P(0.00)G(0.00)A(0.00)D(0.00)L(0.00)Q(0.00)E(0.00)N(0.00)F(0.00)C(0.00)R(0.00)	N10	1	S(0.00)R(0.00)Y(0.00)P(0.00)H(0.00)K(0.00)P(0.00)E(0.00)I(0.00)N(1.87)S(0.00)T(0.00)T(0.00)H(0.00)P(0.00)G(0.00)A(0.00)D(0.00)L(0.00)Q(0.00)E(0.00)N(0.00)F(0.00)C(0.00)R(0.00)	S(0)R(0)Y(0)P(0)H(0)K(0)P(0)E(0)I(0)N(0)S(0)T(0)T(0)H(0)P(0)G(0)A(0)D(0)L(0)Q(0)E(0)N(0)F(0)C(0)R(0)	14.545013	8	0	0	14.545013	8	1.8722636	0	0	0	0	FALSE	FALSE	FALSE	sp|P00734|THRB_HUMAN	P00734	THRB_HUMAN	F2	Prothrombin		"tr|C9JV37|C9JV37_HUMAN, tr|E9PIT3|E9PIT3_HUMAN"	22926	0	0	0	0	0	0
240419_ES_R00006_MG_c00001_SA_NPB_3_i2.22974.22974.4	D:\SHARE\Tim\25-12-03_GD_Dataset\GD_dataset\NPB_3_i2\interact.pep.xml	NNATVHEQVGGPSLTSDLQAQSK	NN[2028]ATVHEQVGGPSLTSDLQAQSK	VYDDGEEK.NNATVHEQVGGPSLTSDLQAQSK.GNPEQTPV	K	G	23	4	2282.9136	4293.844	4293.8423	1074.4683	1074.4679	4293.8389	1074.467	0.0034	9.00E-14	62.629	12.204	1	0	2	0	85	107	1198752260	2N(1913.6770)	NA	HexNAc(4)Hex(5)NeuAc(1) % 1913.6770	4.03	0	NnATVHEQVGGPSLTSDLQAQSK	N(0.00)N(53.81)A(0.00)T(0.00)V(0.00)H(0.00)E(0.00)Q(0.00)V(0.00)G(0.00)G(0.00)P(0.00)S(0.00)L(0.00)T(0.00)S(0.00)D(0.00)L(0.00)Q(0.00)A(0.00)Q(0.00)S(0.00)K(0.00)	N2	1	N(0.00)N(14.78)A(0.00)T(0.00)V(0.00)H(0.00)E(0.00)Q(0.00)V(0.00)G(0.00)G(0.00)P(0.00)S(0.00)L(0.00)T(0.00)S(0.00)D(0.00)L(0.00)Q(0.00)A(0.00)Q(0.00)S(0.00)K(0.00)	N(0)N(2)A(0)T(0)V(0)H(0)E(0)Q(0)V(0)G(0)G(0)P(0)S(0)L(0)T(0)S(0)D(0)L(0)Q(0)A(0)Q(0)S(0)K(0)	53.81279	17	0	0	62.62983	22	14.777968	2	0	0	0	FALSE	FALSE	FALSE	sp|P04004|VTNC_HUMAN	P04004	VTNC_HUMAN	VTN	Vitronectin		tr|F5GX75|F5GX75_HUMAN	22961	2281.925	22961	2198.396	2617.739	29.693	227
240419_ES_R00006_MG_c00001_SA_NPB_3_i2.23039.23039.3	D:\SHARE\Tim\25-12-03_GD_Dataset\GD_dataset\NPB_3_i2\interact.pep.xml	NNATVHEQVGGPSLTSDLQAQSK	NN[2174]ATVHEQVGGPSLTSDLQAQSK	VYDDGEEK.NNATVHEQVGGPSLTSDLQAQSK.GNPEQTPV	K	G	23	3	2288.4744	4439.9004	4439.9	1480.9741	1480.9739	4439.8965	1480.9728	0.0032	2.08E-08	41.594	11.174	1	0	2	0	85	107	38349788	2N(2059.7349)	NA	HexNAc(4)Hex(5)Fuc(1)NeuAc(1) % 2059.7349	3.35	0	NnATVHEQVGGPSLTSDLQAQSK	N(0.00)N(40.39)A(0.00)T(0.00)V(0.00)H(0.00)E(0.00)Q(0.00)V(0.00)G(0.00)G(0.00)P(0.00)S(0.00)L(0.00)T(0.00)S(0.00)D(0.00)L(0.00)Q(0.00)A(0.00)Q(0.00)S(0.00)K(0.00)	N2	1	N(0.00)N(13.07)A(0.00)T(0.00)V(0.00)H(0.00)E(0.00)Q(0.00)V(0.00)G(0.00)G(0.00)P(0.00)S(0.00)L(0.00)T(0.00)S(0.00)D(0.00)L(0.00)Q(0.00)A(0.00)Q(0.00)S(0.00)K(0.00)	N(0)N(1)A(0)T(0)V(0)H(0)E(0)Q(0)V(0)G(0)G(0)P(0)S(0)L(0)T(0)S(0)D(0)L(0)Q(0)A(0)Q(0)S(0)K(0)	40.38952	12	0	0	41.59472	13	13.0713005	1	0	0	0	FALSE	FALSE	FALSE	sp|P04004|VTNC_HUMAN	P04004	VTNC_HUMAN	VTN	Vitronectin		tr|F5GX75|F5GX75_HUMAN	23024	2292.1711	23085	2210.256	2428.7012	28.948002	109
240419_ES_R00006_MG_c00001_SA_NPB_3_i2.23122.23122.5	D:\SHARE\Tim\25-12-03_GD_Dataset\GD_dataset\NPB_3_i2\interact.pep.xml	YPHKPEINSTTHPGADLQENFCR	YPHKPEIN[2028]STTHPGADLQENFCR	ECQLWRSR.YPHKPEINSTTHPGADLQENFCR.NPDSSTTG	R	N	23	5	2294.9592	4623.938	4623.9336	925.7949	925.794	4623.9326	925.7938	9.00E-04	8.99E-11	36.551	10.169	1	0	2	1	136	158	86265536	"8N(1913.6770),22C(57.0215)"	NA	HexNAc(4)Hex(5)NeuAc(1) % 1913.6770	6.07	0	YPHKPEInSTTHPGADLQENFCR	Y(0.00)P(0.00)H(0.00)K(0.00)P(0.00)E(0.00)I(0.00)N(36.55)S(0.00)T(0.00)T(0.00)H(0.00)P(0.00)G(0.00)A(0.00)D(0.00)L(0.00)Q(0.00)E(0.00)N(0.00)F(0.00)C(0.00)R(0.00)	N8	1	Y(0.00)P(0.00)H(0.00)K(0.00)P(0.00)E(0.00)I(0.00)N(7.82)S(0.00)T(0.00)T(0.00)H(0.00)P(0.00)G(0.00)A(0.00)D(0.00)L(0.00)Q(0.00)E(0.00)N(0.00)F(0.00)C(0.00)R(0.00)	Y(0)P(0)H(0)K(0)P(0)E(0)I(0)N(0)S(0)T(0)T(0)H(0)P(0)G(0)A(0)D(0)L(0)Q(0)E(0)N(0)F(0)C(0)R(0)	36.551453	14	0	0	36.551453	14	7.8169394	0	0	0	0	FALSE	FALSE	FALSE	sp|P00734|THRB_HUMAN	P00734	THRB_HUMAN	F2	Prothrombin		"tr|C9JV37|C9JV37_HUMAN, tr|E9PIT3|E9PIT3_HUMAN"	23103	2294.944	23121	2198.396	2436.373	25.172	116
240419_ES_R00006_MG_c00001_SA_NPB_3_i2.23123.23123.4	D:\SHARE\Tim\25-12-03_GD_Dataset\GD_dataset\NPB_3_i2\interact.pep.xml	NNATVHEQVGGPSLTSDLQAQSK	NN[2174]ATVHEQVGGPSLTSDLQAQSK	VYDDGEEK.NNATVHEQVGGPSLTSDLQAQSK.GNPEQTPV	K	G	23	4	2295.1538	4439.911	4439.898	1110.985	1110.9818	4439.8965	1110.9814	0.0012	9.51E-11	50.587	9	1	0	2	0	85	107	165627376	2N(2059.7349)	NA	HexNAc(4)Hex(5)Fuc(1)NeuAc(1) % 2059.7349	3.66	0	NnATVHEQVGGPSLTSDLQAQSK	N(0.00)N(49.45)A(0.00)T(0.00)V(0.00)H(0.00)E(0.00)Q(0.00)V(0.00)G(0.00)G(0.00)P(0.00)S(0.00)L(0.00)T(0.00)S(0.00)D(0.00)L(0.00)Q(0.00)A(0.00)Q(0.00)S(0.00)K(0.00)	N2	1	N(0.00)N(15.38)A(0.00)T(0.00)V(0.00)H(0.00)E(0.00)Q(0.00)V(0.00)G(0.00)G(0.00)P(0.00)S(0.00)L(0.00)T(0.00)S(0.00)D(0.00)L(0.00)Q(0.00)A(0.00)Q(0.00)S(0.00)K(0.00)	N(0)N(1)A(0)T(0)V(0)H(0)E(0)Q(0)V(0)G(0)G(0)P(0)S(0)L(0)T(0)S(0)D(0)L(0)Q(0)A(0)Q(0)S(0)K(0)	49.454407	14	0	0	50.587154	15	15.377831	1	0	0	0	FALSE	FALSE	FALSE	sp|P04004|VTNC_HUMAN	P04004	VTNC_HUMAN	VTN	Vitronectin		tr|F5GX75|F5GX75_HUMAN	23103	2280.3142	22940	2203.417	2444.402	26.371002	123
240419_ES_R00006_MG_c00001_SA_NPB_3_i2.23143.23143.4	D:\SHARE\Tim\25-12-03_GD_Dataset\GD_dataset\NPB_3_i2\interact.pep.xml	YPHKPEINSTTHPGADLQENFCR	YPHKPEIN[2028]STTHPGADLQENFCR	ECQLWRSR.YPHKPEINSTTHPGADLQENFCR.NPDSSTTG	R	N	23	4	2296.684	4623.9385	4623.933	1156.9919	1156.9905	4623.9326	1156.9905	4.00E-04	0	39.764	8.753	1	0	2	1	136	158	36269736	"8N(1913.6770),22C(57.0215)"	NA	HexNAc(4)Hex(5)NeuAc(1) % 1913.6770	6.29	0	YPHKPEInSTTHPGADLQENFCR	Y(0.00)P(0.00)H(0.00)K(0.00)P(0.00)E(0.00)I(0.00)N(39.76)S(0.00)T(0.00)T(0.00)H(0.00)P(0.00)G(0.00)A(0.00)D(0.00)L(0.00)Q(0.00)E(0.00)N(0.00)F(0.00)C(0.00)R(0.00)	N8	1	Y(0.00)P(0.00)H(0.00)K(0.00)P(0.00)E(0.00)I(0.00)N(8.99)S(0.00)T(0.00)T(0.00)H(0.00)P(0.00)G(0.00)A(0.00)D(0.00)L(0.00)Q(0.00)E(0.00)N(0.00)F(0.00)C(0.00)R(0.00)	Y(0)P(0)H(0)K(0)P(0)E(0)I(0)N(0)S(0)T(0)T(0)H(0)P(0)G(0)A(0)D(0)L(0)Q(0)E(0)N(0)F(0)C(0)R(0)	39.764015	14	0	0	39.764015	14	8.988596	0	0	0	0	FALSE	FALSE	FALSE	sp|P00734|THRB_HUMAN	P00734	THRB_HUMAN	F2	Prothrombin		"tr|C9JV37|C9JV37_HUMAN, tr|E9PIT3|E9PIT3_HUMAN"	23121	2296.406	23140	2210.256	2478.936	25.172	143
240419_ES_R00006_MG_c00001_SA_NPB_3_i2.23163.23163.4	D:\SHARE\Tim\25-12-03_GD_Dataset\GD_dataset\NPB_3_i2\interact.pep.xml	NNATVHEQVGGPSLTSDLQAQSK	NN[2684]ATVHEQVGGPSLTSDLQAQSK	VYDDGEEK.NNATVHEQVGGPSLTSDLQAQSK.GNPEQTPV	K	G	23	4	2298.2034	4950.082	4950.0674	1238.5278	1238.5241	4950.0664	1238.5239	0.001	9.33E-06	31.62	0	0.9993	0	2	0	85	107	13540205	2N(2569.9045)	NA	HexNAc(5)Hex(6)NeuAc(2) % 2569.9046	8.01	0	NnATVHEQVGGPSLTSDLQAQSK	N(0.00)N(31.62)A(0.00)T(0.00)V(0.00)H(0.00)E(0.00)Q(0.00)V(0.00)G(0.00)G(0.00)P(0.00)S(0.00)L(0.00)T(0.00)S(0.00)D(0.00)L(0.00)Q(0.00)A(0.00)Q(0.00)S(0.00)K(0.00)	N2	1	N(0.00)N(10.91)A(0.00)T(0.00)V(0.00)H(0.00)E(0.00)Q(0.00)V(0.00)G(0.00)G(0.00)P(0.00)S(0.00)L(0.00)T(0.00)S(0.00)D(0.00)L(0.00)Q(0.00)A(0.00)Q(0.00)S(0.00)K(0.00)	N(0)N(1)A(0)T(0)V(0)H(0)E(0)Q(0)V(0)G(0)G(0)P(0)S(0)L(0)T(0)S(0)D(0)L(0)Q(0)A(0)Q(0)S(0)K(0)	31.620165	10	0	0	31.373669	10	10.906427	1	0	0	0	FALSE	FALSE	FALSE	sp|P04004|VTNC_HUMAN	P04004	VTNC_HUMAN	VTN	Vitronectin		tr|F5GX75|F5GX75_HUMAN	23140	2304.2432	23235	2287.3562	2317.676	12.896001	17
240419_ES_R00006_MG_c00001_SA_NPB_3_i2.23193.23193.5	D:\SHARE\Tim\25-12-03_GD_Dataset\GD_dataset\NPB_3_i2\interact.pep.xml	CGPCPAGFTGNGSHCTDVNECNAHPCFPR	CGPCPAGFTGN[1883]GSHCTDVNECNAHPCFPR	IQTESGAR.CGPCPAGFTGNGSHCTDVNECNAHPCFPR.VRCINTSP	R	V	29	5	2300.5786	5044.917	5044.9087	1009.9907	1009.989	5043.9243	1009.7922	0.9841	0.000844793	18.793	0	1	0	2	0	111	139	0	"1C(57.0215),4C(57.0215),11N(1768.6395),15C(57.0215),21C(57.0215),26C(57.0215)"	NA	HexNAc(4)Hex(5)Fuc(1) % 1768.6395	-4.37	0.012006003	CGPCPAGFTGnGSHCTDVNECNAHPCFPR	C(0.00)G(0.00)P(0.00)C(0.00)P(0.00)A(0.00)G(0.00)F(0.00)T(0.00)G(0.00)N(18.79)G(0.00)S(0.00)H(0.00)C(0.00)T(0.00)D(0.00)V(0.00)N(0.00)E(0.00)C(0.00)N(0.00)A(0.00)H(0.00)P(0.00)C(0.00)F(0.00)P(0.00)R(0.00)	N11	1	C(0.00)G(0.00)P(0.00)C(0.00)P(0.00)A(0.00)G(0.00)F(0.00)T(0.00)G(0.00)N(1.15)G(0.00)S(0.00)H(0.00)C(0.00)T(0.00)D(0.00)V(0.00)N(0.00)E(0.00)C(0.00)N(0.00)A(0.00)H(0.00)P(0.00)C(0.00)F(0.00)P(0.00)R(0.00)	C(0)G(0)P(0)C(0)P(0)A(0)G(0)F(0)T(0)G(0)N(0)G(0)S(0)H(0)C(0)T(0)D(0)V(0)N(0)E(0)C(0)N(0)A(0)H(0)P(0)C(0)F(0)P(0)R(0)	18.793856	9	0	0	18.793856	9	1.153416	0	0	0	0	FALSE	FALSE	FALSE	sp|P49747|COMP_HUMAN	P49747	COMP_HUMAN	COMP	Cartilage oligomeric matrix protein		tr|G3XAP6|G3XAP6_HUMAN	23174	0	0	0	0	0	0
240419_ES_R00006_MG_c00001_SA_NPB_3_i2.23220.23220.5	D:\SHARE\Tim\25-12-03_GD_Dataset\GD_dataset\NPB_3_i2\interact.pep.xml	SRYPHKPEINSTTHPGADLQENFCR	SRYPHKPEIN[2028]STTHPGADLQENFCR	GIECQLWR.SRYPHKPEINSTTHPGADLQENFCR.NPDSSTTG	R	N	25	5	2302.9773	4868.0586	4868.0654	974.619	974.6204	4867.0659	974.4205	0.9995	2.79E-08	42.231	19.209	1	0	2	2	134	158	55704124	"10N(1913.6770),24C(57.0215)"	NA	HexNAc(4)Hex(5)NeuAc(1) % 1913.6770	4.21	0	SRYPHKPEInSTTHPGADLQENFCR	S(0.00)R(0.00)Y(0.00)P(0.00)H(0.00)K(0.00)P(0.00)E(0.00)I(0.00)N(42.23)S(0.00)T(0.00)T(0.00)H(0.00)P(0.00)G(0.00)A(0.00)D(0.00)L(0.00)Q(0.00)E(0.00)N(0.00)F(0.00)C(0.00)R(0.00)	N10	1	S(0.00)R(0.00)Y(0.00)P(0.00)H(0.00)K(0.00)P(0.00)E(0.00)I(0.00)N(9.55)S(0.00)T(0.00)T(0.00)H(0.00)P(0.00)G(0.00)A(0.00)D(0.00)L(0.00)Q(0.00)E(0.00)N(0.00)F(0.00)C(0.00)R(0.00)	S(0)R(0)Y(0)P(0)H(0)K(0)P(0)E(0)I(0)N(1)S(0)T(0)T(0)H(0)P(0)G(0)A(0)D(0)L(0)Q(0)E(0)N(0)F(0)C(0)R(0)	42.23142	16	0	0	40.318573	15	9.551662	1	0	0	0	FALSE	FALSE	FALSE	sp|P00734|THRB_HUMAN	P00734	THRB_HUMAN	F2	Prothrombin		"tr|C9JV37|C9JV37_HUMAN, tr|E9PIT3|E9PIT3_HUMAN"	23205	2289.5762	23052	2219.448	2348.4011	48.185	70
240419_ES_R00006_MG_c00001_SA_NPB_3_i2.23413.23413.4	D:\SHARE\Tim\25-12-03_GD_Dataset\GD_dataset\NPB_3_i2\interact.pep.xml	SRYPHKPEINSTTHPGADLQENFCR	SRYPHKPEIN[2319]STTHPGADLQENFCR	GIECQLWR.SRYPHKPEINSTTHPGADLQENFCR.NPDSSTTG	R	N	25	4	2317.8862	5158.1733	5158.163	1290.5506	1290.548	5158.1611	1290.5476	0.0017	6.26E-05	24.315	12.137	0.9998	0	2	2	134	158	180941920	"10N(2204.7725),24C(57.0215)"	NA	HexNAc(4)Hex(5)NeuAc(2) % 2204.7724	4.47	0	SRYPHKPEInSTTHPGADLQENFCR	S(0.00)R(0.00)Y(0.00)P(0.00)H(0.00)K(0.00)P(0.00)E(0.00)I(0.00)N(24.32)S(0.00)T(0.00)T(0.00)H(0.00)P(0.00)G(0.00)A(0.00)D(0.00)L(0.00)Q(0.00)E(0.00)N(0.00)F(0.00)C(0.00)R(0.00)	N10	1	S(0.00)R(0.00)Y(0.00)P(0.00)H(0.00)K(0.00)P(0.00)E(0.00)I(0.00)N(6.10)S(0.00)T(0.00)T(0.00)H(0.00)P(0.00)G(0.00)A(0.00)D(0.00)L(0.00)Q(0.00)E(0.00)N(0.00)F(0.00)C(0.00)R(0.00)	S(0)R(0)Y(0)P(0)H(0)K(0)P(0)E(0)I(0)N(0)S(0)T(0)T(0)H(0)P(0)G(0)A(0)D(0)L(0)Q(0)E(0)N(0)F(0)C(0)R(0)	24.31562	10	0	0	24.31562	10	6.1025047	0	0	0	0	FALSE	FALSE	FALSE	sp|P00734|THRB_HUMAN	P00734	THRB_HUMAN	F2	Prothrombin		"tr|C9JV37|C9JV37_HUMAN, tr|E9PIT3|E9PIT3_HUMAN"	23374	2305.36	23249	2241.454	2431.745	33.672	94
240419_ES_R00006_MG_c00001_SA_NPB_3_i2.23464.23464.3	D:\SHARE\Tim\25-12-03_GD_Dataset\GD_dataset\NPB_3_i2\interact.pep.xml	NNATVHEQVGGPSLTSDLQAQSK	NN[2028]ATVHEQVGGPSLTSDLQAQSK	VYDDGEEK.NNATVHEQVGGPSLTSDLQAQSK.GNPEQTPV	K	G	23	3	2321.6384	4293.8467	4293.84	1432.2895	1432.2873	4293.8389	1432.287	9.00E-04	1.24E-11	59.125	15.013	1	0	2	0	85	107	206951856	2N(1913.6770)	NA	HexNAc(4)Hex(5)NeuAc(1) % 1913.6770	5.63	0	NnATVHEQVGGPSLTSDLQAQSK	N(0.00)N(50.33)A(0.00)T(0.00)V(0.00)H(0.00)E(0.00)Q(0.00)V(0.00)G(0.00)G(0.00)P(0.00)S(0.00)L(0.00)T(0.00)S(0.00)D(0.00)L(0.00)Q(0.00)A(0.00)Q(0.00)S(0.00)K(0.00)	N2	1	N(0.00)N(14.27)A(0.00)T(0.00)V(0.00)H(0.00)E(0.00)Q(0.00)V(0.00)G(0.00)G(0.00)P(0.00)S(0.00)L(0.00)T(0.00)S(0.00)D(0.00)L(0.00)Q(0.00)A(0.00)Q(0.00)S(0.00)K(0.00)	N(0)N(2)A(0)T(0)V(0)H(0)E(0)Q(0)V(0)G(0)G(0)P(0)S(0)L(0)T(0)S(0)D(0)L(0)Q(0)A(0)Q(0)S(0)K(0)	50.332817	16	0	0	59.125557	21	14.2744465	2	0	0	0	FALSE	FALSE	FALSE	sp|P04004|VTNC_HUMAN	P04004	VTNC_HUMAN	VTN	Vitronectin		tr|F5GX75|F5GX75_HUMAN	23435	2311.1062	23326	2140.5442	2525.5652	33.782	195
240419_ES_R00006_MG_c00001_SA_NPB_3_i2.23468.23468.4	D:\SHARE\Tim\25-12-03_GD_Dataset\GD_dataset\NPB_3_i2\interact.pep.xml	YPHKPEINSTTHPGADLQENFCR	YPHKPEIN[2028]STTHPGADLQENFCR	ECQLWRSR.YPHKPEINSTTHPGADLQENFCR.NPDSSTTG	R	N	23	4	2322.0579	4623.935	4623.9326	1156.991	1156.9904	4623.9326	1156.9905	0	7.16E-05	19.675	8.322	0.9999	0	2	1	136	158	12553356	"8N(1913.6770),22C(57.0215)"	NA	HexNAc(4)Hex(5)NeuAc(1) % 1913.6770	9.54	0	YPHKPEInSTTHPGADLQENFCR	Y(0.00)P(0.00)H(0.00)K(0.00)P(0.00)E(0.00)I(0.00)N(19.68)S(0.00)T(0.00)T(0.00)H(0.00)P(0.00)G(0.00)A(0.00)D(0.00)L(0.00)Q(0.00)E(0.00)N(0.00)F(0.00)C(0.00)R(0.00)	N8	1	Y(0.00)P(0.00)H(0.00)K(0.00)P(0.00)E(0.00)I(0.00)N(8.90)S(0.00)T(0.00)T(0.00)H(0.00)P(0.00)G(0.00)A(0.00)D(0.00)L(0.00)Q(0.00)E(0.00)N(0.00)F(0.00)C(0.00)R(0.00)	Y(0)P(0)H(0)K(0)P(0)E(0)I(0)N(0)S(0)T(0)T(0)H(0)P(0)G(0)A(0)D(0)L(0)Q(0)E(0)N(0)F(0)C(0)R(0)	19.675598	5	0	0	19.675598	5	8.901688	0	0	0	0	FALSE	FALSE	FALSE	sp|P00734|THRB_HUMAN	P00734	THRB_HUMAN	F2	Prothrombin		"tr|C9JV37|C9JV37_HUMAN, tr|E9PIT3|E9PIT3_HUMAN"	23435	2314.9702	23374	2212.344	2478.936	25.172	143
240419_ES_R00006_MG_c00001_SA_NPB_3_i2.23523.23523.4	D:\SHARE\Tim\25-12-03_GD_Dataset\GD_dataset\NPB_3_i2\interact.pep.xml	YPHKPEINSTTHPGADLQENFCR	YPHKPEIN[2028]STTHPGADLQENFCR	ECQLWRSR.YPHKPEINSTTHPGADLQENFCR.NPDSSTTG	R	N	23	4	2326.516	4624.9224	4624.9336	1157.2379	1157.2407	4623.9326	1156.9905	1.0009	0.000967868	15.567	7.68	0.9999	0	2	1	136	158	12553356	"8N(1913.6770),22C(57.0215)"	NA	HexNAc(4)Hex(5)NeuAc(1) % 1913.6770	4.79	0	YPHKPEInSTTHPGADLQENFCR	Y(0.00)P(0.00)H(0.00)K(0.00)P(0.00)E(0.00)I(0.00)N(15.57)S(0.00)T(0.00)T(0.00)H(0.00)P(0.00)G(0.00)A(0.00)D(0.00)L(0.00)Q(0.00)E(0.00)N(0.00)F(0.00)C(0.00)R(0.00)	N8	1	Y(0.00)P(0.00)H(0.00)K(0.00)P(0.00)E(0.00)I(0.00)N(5.14)S(0.00)T(0.00)T(0.00)H(0.00)P(0.00)G(0.00)A(0.00)D(0.00)L(0.00)Q(0.00)E(0.00)N(0.00)F(0.00)C(0.00)R(0.00)	Y(0)P(0)H(0)K(0)P(0)E(0)I(0)N(0)S(0)T(0)T(0)H(0)P(0)G(0)A(0)D(0)L(0)Q(0)E(0)N(0)F(0)C(0)R(0)	15.567161	6	0	0	15.567161	6	5.13931	0	0	0	0	FALSE	FALSE	FALSE	sp|P00734|THRB_HUMAN	P00734	THRB_HUMAN	F2	Prothrombin		"tr|C9JV37|C9JV37_HUMAN, tr|E9PIT3|E9PIT3_HUMAN"	23480	2314.9702	23374	2210.256	2475.884	25.172	143
240419_ES_R00006_MG_c00001_SA_NPB_3_i2.23527.23527.5	D:\SHARE\Tim\25-12-03_GD_Dataset\GD_dataset\NPB_3_i2\interact.pep.xml	YPHKPEINSTTHPGADLQENFCR	YPHKPEIN[2319]STTHPGADLQENFCR	ECQLWRSR.YPHKPEINSTTHPGADLQENFCR.NPDSSTTG	R	N	23	5	2326.789	4915.025	4915.0312	984.0123	984.0135	4915.0283	984.013	0.0032	4.97E-06	19.046	8.119	1	0	2	1	136	158	13666599	"8N(2204.7725),22C(57.0215)"	NA	HexNAc(4)Hex(5)NeuAc(2) % 2204.7724	4.75	0	YPHKPEInSTTHPGADLQENFCR	Y(0.00)P(0.00)H(0.00)K(0.00)P(0.00)E(0.00)I(0.00)N(19.05)S(0.00)T(0.00)T(0.00)H(0.00)P(0.00)G(0.00)A(0.00)D(0.00)L(0.00)Q(0.00)E(0.00)N(0.00)F(0.00)C(0.00)R(0.00)	N8	1	Y(0.00)P(0.00)H(0.00)K(0.00)P(0.00)E(0.00)I(0.00)N(5.74)S(0.00)T(0.00)T(0.00)H(0.00)P(0.00)G(0.00)A(0.00)D(0.00)L(0.00)Q(0.00)E(0.00)N(0.00)F(0.00)C(0.00)R(0.00)	Y(0)P(0)H(0)K(0)P(0)E(0)I(0)N(0)S(0)T(0)T(0)H(0)P(0)G(0)A(0)D(0)L(0)Q(0)E(0)N(0)F(0)C(0)R(0)	19.046877	7	0	0	19.046877	7	5.740693	0	0	0	0	FALSE	FALSE	FALSE	sp|P00734|THRB_HUMAN	P00734	THRB_HUMAN	F2	Prothrombin		"tr|C9JV37|C9JV37_HUMAN, tr|E9PIT3|E9PIT3_HUMAN"	23480	2346.5872	23785	2317.676	2380.85	35.412003	28
240419_ES_R00006_MG_c00001_SA_NPB_3_i2.23587.23587.5	D:\SHARE\Tim\25-12-03_GD_Dataset\GD_dataset\NPB_3_i2\interact.pep.xml	SRYPHKPEINSTTHPGADLQENFCR	SRYPHKPEIN[2028]STTHPGADLQENFCR	GIECQLWR.SRYPHKPEINSTTHPGADLQENFCR.NPDSSTTG	R	N	25	5	2331.3127	4867.0913	4867.0674	974.4255	974.4208	4867.0659	974.4205	0.0013	8.98E-07	25.853	8.633	1	0	2	2	134	158	17231320	"10N(1913.6770),24C(57.0215)"	NA	HexNAc(4)Hex(5)NeuAc(1) % 1913.6770	4.88	0	SRYPHKPEInSTTHPGADLQENFCR	S(0.00)R(0.00)Y(0.00)P(0.00)H(0.00)K(0.00)P(0.00)E(0.00)I(0.00)N(25.85)S(0.00)T(0.00)T(0.00)H(0.00)P(0.00)G(0.00)A(0.00)D(0.00)L(0.00)Q(0.00)E(0.00)N(0.00)F(0.00)C(0.00)R(0.00)	N10	1	S(0.00)R(0.00)Y(0.00)P(0.00)H(0.00)K(0.00)P(0.00)E(0.00)I(0.00)N(7.06)S(0.00)T(0.00)T(0.00)H(0.00)P(0.00)G(0.00)A(0.00)D(0.00)L(0.00)Q(0.00)E(0.00)N(0.00)F(0.00)C(0.00)R(0.00)	S(0)R(0)Y(0)P(0)H(0)K(0)P(0)E(0)I(0)N(0)S(0)T(0)T(0)H(0)P(0)G(0)A(0)D(0)L(0)Q(0)E(0)N(0)F(0)C(0)R(0)	25.853123	9	0	0	25.853123	9	7.064102	0	0	0	0	FALSE	FALSE	FALSE	sp|P00734|THRB_HUMAN	P00734	THRB_HUMAN	F2	Prothrombin		"tr|C9JV37|C9JV37_HUMAN, tr|E9PIT3|E9PIT3_HUMAN"	23545	2308.0562	23286	2281.925	2348.4011	9.604	35
240419_ES_R00006_MG_c00001_SA_NPB_3_i2.23619.23619.5	D:\SHARE\Tim\25-12-03_GD_Dataset\GD_dataset\NPB_3_i2\interact.pep.xml	SRYPHKPEINSTTHPGADLQENFCR	SRYPHKPEIN[2319]STTHPGADLQENFCR	GIECQLWR.SRYPHKPEINSTTHPGADLQENFCR.NPDSSTTG	R	N	25	5	2333.5347	5158.1685	5158.166	1032.641	1032.6405	5158.1611	1032.6395	0.0046	4.72E-10	43.806	9.812	1	0	2	2	134	158	184236064	"10N(2204.7725),24C(57.0215)"	NA	HexNAc(4)Hex(5)NeuAc(2) % 2204.7724	4.56	0	SRYPHKPEInSTTHPGADLQENFCR	S(0.00)R(0.00)Y(0.00)P(0.00)H(0.00)K(0.00)P(0.00)E(0.00)I(0.00)N(43.81)S(0.00)T(0.00)T(0.00)H(0.00)P(0.00)G(0.00)A(0.00)D(0.00)L(0.00)Q(0.00)E(0.00)N(0.00)F(0.00)C(0.00)R(0.00)	N10	1	S(0.00)R(0.00)Y(0.00)P(0.00)H(0.00)K(0.00)P(0.00)E(0.00)I(0.00)N(9.23)S(0.00)T(0.00)T(0.00)H(0.00)P(0.00)G(0.00)A(0.00)D(0.00)L(0.00)Q(0.00)E(0.00)N(0.00)F(0.00)C(0.00)R(0.00)	S(0)R(0)Y(0)P(0)H(0)K(0)P(0)E(0)I(0)N(0)S(0)T(0)T(0)H(0)P(0)G(0)A(0)D(0)L(0)Q(0)E(0)N(0)F(0)C(0)R(0)	43.806686	16	0	0	43.806686	16	9.231695	0	0	0	0	FALSE	FALSE	FALSE	sp|P00734|THRB_HUMAN	P00734	THRB_HUMAN	F2	Prothrombin		"tr|C9JV37|C9JV37_HUMAN, tr|E9PIT3|E9PIT3_HUMAN"	23585	2333.518	23618	2186.405	2500.124	33.672	164
240419_ES_R00006_MG_c00001_SA_NPB_3_i2.23659.23659.5	D:\SHARE\Tim\25-12-03_GD_Dataset\GD_dataset\NPB_3_i2\interact.pep.xml	SRYPHKPEINSTTHPGADLQENFCR	SRYPHKPEIN[2028]STTHPGADLQENFCR	GIECQLWR.SRYPHKPEINSTTHPGADLQENFCR.NPDSSTTG	R	N	25	5	2336.599	4869.052	4869.0645	974.8177	974.8202	4867.0659	974.4205	1.9985	0.000917142	23.906	9.209	1	0	2	2	134	158	0	"10N(1913.6770),24C(57.0215)"	NA	HexNAc(4)Hex(5)NeuAc(1) % 1913.6770	3.41	0	SRYPHKPEInSTTHPGADLQENFCR	S(0.00)R(0.00)Y(0.00)P(0.00)H(0.00)K(0.00)P(0.00)E(0.00)I(0.00)N(23.91)S(0.00)T(0.00)T(0.00)H(0.00)P(0.00)G(0.00)A(0.00)D(0.00)L(0.00)Q(0.00)E(0.00)N(0.00)F(0.00)C(0.00)R(0.00)	N10	1	S(0.00)R(0.00)Y(0.00)P(0.00)H(0.00)K(0.00)P(0.00)E(0.00)I(0.00)N(9.39)S(0.00)T(0.00)T(0.00)H(0.00)P(0.00)G(0.00)A(0.00)D(0.00)L(0.00)Q(0.00)E(0.00)N(0.00)F(0.00)C(0.00)R(0.00)	S(0)R(0)Y(0)P(0)H(0)K(0)P(0)E(0)I(0)N(0)S(0)T(0)T(0)H(0)P(0)G(0)A(0)D(0)L(0)Q(0)E(0)N(0)F(0)C(0)R(0)	23.906197	7	0	0	23.906197	7	9.3946	0	0	0	0	FALSE	FALSE	FALSE	sp|P00734|THRB_HUMAN	P00734	THRB_HUMAN	F2	Prothrombin		"tr|C9JV37|C9JV37_HUMAN, tr|E9PIT3|E9PIT3_HUMAN"	23618	0	0	0	0	0	0
240419_ES_R00006_MG_c00001_SA_NPB_3_i2.23697.23697.5	D:\SHARE\Tim\25-12-03_GD_Dataset\GD_dataset\NPB_3_i2\interact.pep.xml	YPHKPEINSTTHPGADLQENFCR	YPHKPEIN[2319]STTHPGADLQENFCR	ECQLWRSR.YPHKPEINSTTHPGADLQENFCR.NPDSSTTG	R	N	23	5	2339.3767	4915.0444	4915.0312	984.0162	984.0135	4915.0283	984.013	0.0032	5.10E-13	30.746	8.905	1	0	2	1	136	158	14058041	"8N(2204.7725),22C(57.0215)"	NA	HexNAc(4)Hex(5)NeuAc(2) % 2204.7724	6.17	0	YPHKPEInSTTHPGADLQENFCR	Y(0.00)P(0.00)H(0.00)K(0.00)P(0.00)E(0.00)I(0.00)N(30.75)S(0.00)T(0.00)T(0.00)H(0.00)P(0.00)G(0.00)A(0.00)D(0.00)L(0.00)Q(0.00)E(0.00)N(0.00)F(0.00)C(0.00)R(0.00)	N8	1	Y(0.00)P(0.00)H(0.00)K(0.00)P(0.00)E(0.00)I(0.00)N(9.38)S(0.00)T(0.00)T(0.00)H(0.00)P(0.00)G(0.00)A(0.00)D(0.00)L(0.00)Q(0.00)E(0.00)N(0.00)F(0.00)C(0.00)R(0.00)	Y(0)P(0)H(0)K(0)P(0)E(0)I(0)N(0)S(0)T(0)T(0)H(0)P(0)G(0)A(0)D(0)L(0)Q(0)E(0)N(0)F(0)C(0)R(0)	30.746557	10	0	0	30.746557	10	9.376858	0	0	0	0	FALSE	FALSE	FALSE	sp|P00734|THRB_HUMAN	P00734	THRB_HUMAN	F2	Prothrombin		"tr|C9JV37|C9JV37_HUMAN, tr|E9PIT3|E9PIT3_HUMAN"	23678	2352.435	23863	2317.676	2380.85	35.412003	28
240419_ES_R00006_MG_c00001_SA_NPB_3_i2.23700.23700.4	D:\SHARE\Tim\25-12-03_GD_Dataset\GD_dataset\NPB_3_i2\interact.pep.xml	YPHKPEINSTTHPGADLQENFCR	YPHKPEIN[2319]STTHPGADLQENFCR	ECQLWRSR.YPHKPEINSTTHPGADLQENFCR.NPDSSTTG	R	N	23	4	2339.7075	4915.0454	4915.037	1229.7686	1229.7665	4915.0283	1229.7644	0.009	0.004565624	17.862	7.119	0.9944	0	2	1	136	158	6221069.5	"8N(2204.7725),22C(57.0215)"	NA	HexNAc(4)Hex(5)NeuAc(2) % 2204.7724	4	0	YPHKPEInSTTHPGADLQENFCR	Y(0.00)P(0.00)H(0.00)K(0.00)P(0.00)E(0.00)I(0.00)N(17.86)S(0.00)T(0.00)T(0.00)H(0.00)P(0.00)G(0.00)A(0.00)D(0.00)L(0.00)Q(0.00)E(0.00)N(0.00)F(0.00)C(0.00)R(0.00)	N8	1	Y(0.00)P(0.00)H(0.00)K(0.00)P(0.00)E(0.00)I(0.00)N(6.19)S(0.00)T(0.00)T(0.00)H(0.00)P(0.00)G(0.00)A(0.00)D(0.00)L(0.00)Q(0.00)E(0.00)N(0.00)F(0.00)C(0.00)R(0.00)	Y(0)P(0)H(0)K(0)P(0)E(0)I(0)N(0)S(0)T(0)T(0)H(0)P(0)G(0)A(0)D(0)L(0)Q(0)E(0)N(0)F(0)C(0)R(0)	17.862139	6	0	0	17.862139	6	6.18743	0	0	0	0	FALSE	FALSE	FALSE	sp|P00734|THRB_HUMAN	P00734	THRB_HUMAN	F2	Prothrombin		"tr|C9JV37|C9JV37_HUMAN, tr|E9PIT3|E9PIT3_HUMAN"	23678	2344.0981	23758	2326.0322	2368.9302	37.827003	18
240419_ES_R00006_MG_c00001_SA_NPB_3_i2.23702.23702.5	D:\SHARE\Tim\25-12-03_GD_Dataset\GD_dataset\NPB_3_i2\interact.pep.xml	SRYPHKPEINSTTHPGADLQENFCR	SRYPHKPEIN[2028]STTHPGADLQENFCR	GIECQLWR.SRYPHKPEINSTTHPGADLQENFCR.NPDSSTTG	R	N	25	5	2339.8442	4869.1025	4869.0645	974.8278	974.8202	4867.0659	974.4205	1.9985	4.42E-08	28.118	12.848	1	0	2	2	134	158	5769416	"10N(1913.6770),24C(57.0215)"	NA	HexNAc(4)Hex(5)NeuAc(1) % 1913.6770	1.37	0	SRYPHKPEInSTTHPGADLQENFCR	S(0.00)R(0.00)Y(0.00)P(0.00)H(0.00)K(0.00)P(0.00)E(0.00)I(0.00)N(28.12)S(0.00)T(0.00)T(0.00)H(0.00)P(0.00)G(0.00)A(0.00)D(0.00)L(0.00)Q(0.00)E(0.00)N(0.00)F(0.00)C(0.00)R(0.00)	N10	1	S(0.00)R(0.00)Y(0.00)P(0.00)H(0.00)K(0.00)P(0.00)E(0.00)I(0.00)N(7.20)S(0.00)T(0.00)T(0.00)H(0.00)P(0.00)G(0.00)A(0.00)D(0.00)L(0.00)Q(0.00)E(0.00)N(0.00)F(0.00)C(0.00)R(0.00)	S(0)R(0)Y(0)P(0)H(0)K(0)P(0)E(0)I(0)N(1)S(0)T(0)T(0)H(0)P(0)G(0)A(0)D(0)L(0)Q(0)E(0)N(0)F(0)C(0)R(0)	28.118687	12	0	0	26.349924	11	7.2044096	1	0	0	0	FALSE	FALSE	FALSE	sp|P00734|THRB_HUMAN	P00734	THRB_HUMAN	F2	Prothrombin		"tr|C9JV37|C9JV37_HUMAN, tr|E9PIT3|E9PIT3_HUMAN"	23678	2339.361	23696	2333.518	2348.4011	14.883	8
240419_ES_R00006_MG_c00001_SA_NPB_3_i2.23786.23786.4	D:\SHARE\Tim\25-12-03_GD_Dataset\GD_dataset\NPB_3_i2\interact.pep.xml	NNATVHEQVGGPSLTSDLQAQSK	NN[2028]ATVHEQVGGPSLTSDLQAQSK	VYDDGEEK.NNATVHEQVGGPSLTSDLQAQSK.GNPEQTPV	K	G	23	4	2346.603	4293.8447	4293.8413	1074.4685	1074.4676	4293.8389	1074.467	0.0024	1.13E-11	47.165	14.645	1	0	2	0	85	107	323435424	2N(1913.6770)	NA	HexNAc(4)Hex(5)NeuAc(1) % 1913.6770	3.88	0	NnATVHEQVGGPSLTSDLQAQSK	N(0.00)N(47.10)A(0.00)T(0.00)V(0.00)H(0.00)E(0.00)Q(0.00)V(0.00)G(0.00)G(0.00)P(0.00)S(0.00)L(0.00)T(0.00)S(0.00)D(0.00)L(0.00)Q(0.00)A(0.00)Q(0.00)S(0.00)K(0.00)	N2	1	N(0.00)N(17.01)A(0.00)T(0.00)V(0.00)H(0.00)E(0.00)Q(0.00)V(0.00)G(0.00)G(0.00)P(0.00)S(0.00)L(0.00)T(0.00)S(0.00)D(0.00)L(0.00)Q(0.00)A(0.00)Q(0.00)S(0.00)K(0.00)	N(0)N(4)A(0)T(0)V(0)H(0)E(0)Q(0)V(0)G(0)G(0)P(0)S(0)L(0)T(0)S(0)D(0)L(0)Q(0)A(0)Q(0)S(0)K(0)	47.09851	16	0	0	47.165283	16	17.013176	4	0	0	0	FALSE	FALSE	FALSE	sp|P04004|VTNC_HUMAN	P04004	VTNC_HUMAN	VTN	Vitronectin		tr|F5GX75|F5GX75_HUMAN	23758	2331.103	23585	2104.417	2620.131	29.693	269
240419_ES_R00006_MG_c00001_SA_NPB_3_i2.23842.23842.3	D:\SHARE\Tim\25-12-03_GD_Dataset\GD_dataset\NPB_3_i2\interact.pep.xml	NNATVHEQVGGPSLTSDLQAQSK	NN[2174]ATVHEQVGGPSLTSDLQAQSK	VYDDGEEK.NNATVHEQVGGPSLTSDLQAQSK.GNPEQTPV	K	G	23	3	2350.7734	4439.8945	4439.8896	1480.9721	1480.9705	4439.8965	1480.9728	-0.0071	0.000153727	25.753	0	1	0	2	0	85	107	19288038	2N(2059.7349)	NA	HexNAc(4)Hex(5)Fuc(1)NeuAc(1) % 2059.7349	1.76	0	NnATVHEQVGGPSLTSDLQAQSK	N(0.00)N(21.44)A(0.00)T(0.00)V(0.00)H(0.00)E(0.00)Q(0.00)V(0.00)G(0.00)G(0.00)P(0.00)S(0.00)L(0.00)T(0.00)S(0.00)D(0.00)L(0.00)Q(0.00)A(0.00)Q(0.00)S(0.00)K(0.00)	N2	1	N(0.00)N(12.52)A(0.00)T(0.00)V(0.00)H(0.00)E(0.00)Q(0.00)V(0.00)G(0.00)G(0.00)P(0.00)S(0.00)L(0.00)T(0.00)S(0.00)D(0.00)L(0.00)Q(0.00)A(0.00)Q(0.00)S(0.00)K(0.00)	N(0)N(1)A(0)T(0)V(0)H(0)E(0)Q(0)V(0)G(0)G(0)P(0)S(0)L(0)T(0)S(0)D(0)L(0)Q(0)A(0)Q(0)S(0)K(0)	21.44429	5	0	0	25.753597	8	12.516858	1	0	0	0	FALSE	FALSE	FALSE	sp|P04004|VTNC_HUMAN	P04004	VTNC_HUMAN	VTN	Vitronectin		tr|F5GX75|F5GX75_HUMAN	23809	2335.662	23647	2212.344	2428.7012	28.948002	109
240419_ES_R00006_MG_c00001_SA_NPB_3_i2.23924.23924.4	D:\SHARE\Tim\25-12-03_GD_Dataset\GD_dataset\NPB_3_i2\interact.pep.xml	NNATVHEQVGGPSLTSDLQAQSK	NN[2975]ATVHEQVGGPSLTSDLQAQSK	VYDDGEEK.NNATVHEQVGGPSLTSDLQAQSK.GNPEQTPV	K	G	23	4	2357.0183	5241.204	5241.1943	1311.3083	1311.3059	5241.1621	1311.2979	0.0325	2.00E-05	28.296	0	0.999	0	2	0	85	107	0	2N(2861.0000)	NA	HexNAc(5)Hex(6)NeuAc(3) % 2861.0000	2.54	0	NnATVHEQVGGPSLTSDLQAQSK	N(0.00)N(27.24)A(0.00)T(0.00)V(0.00)H(0.00)E(0.00)Q(0.00)V(0.00)G(0.00)G(0.00)P(0.00)S(0.00)L(0.00)T(0.00)S(0.00)D(0.00)L(0.00)Q(0.00)A(0.00)Q(0.00)S(0.00)K(0.00)	N2	1	N(0.00)N(7.33)A(0.00)T(0.00)V(0.00)H(0.00)E(0.00)Q(0.00)V(0.00)G(0.00)G(0.00)P(0.00)S(0.00)L(0.00)T(0.00)S(0.00)D(0.00)L(0.00)Q(0.00)A(0.00)Q(0.00)S(0.00)K(0.00)	N(0)N(0)A(0)T(0)V(0)H(0)E(0)Q(0)V(0)G(0)G(0)P(0)S(0)L(0)T(0)S(0)D(0)L(0)Q(0)A(0)Q(0)S(0)K(0)	27.238508	9	0	0	28.296646	10	7.3319244	0	0	0	0	FALSE	FALSE	FALSE	sp|P04004|VTNC_HUMAN	P04004	VTNC_HUMAN	VTN	Vitronectin		tr|F5GX75|F5GX75_HUMAN	23892	0	0	0	0	0	0
240419_ES_R00006_MG_c00001_SA_NPB_3_i2.23955.23955.4	D:\SHARE\Tim\25-12-03_GD_Dataset\GD_dataset\NPB_3_i2\interact.pep.xml	NNATVHEQVGGPSLTSDLQAQSK	NN[2174]ATVHEQVGGPSLTSDLQAQSK	VYDDGEEK.NNATVHEQVGGPSLTSDLQAQSK.GNPEQTPV	K	G	23	4	2359.1792	4439.8965	4439.897	1110.9814	1110.9815	4439.8965	1110.9814	2.00E-04	8.44E-08	31.285	14.708	1	0	2	0	85	107	54332972	2N(2059.7349)	NA	HexNAc(4)Hex(5)Fuc(1)NeuAc(1) % 2059.7349	5.61	0	NnATVHEQVGGPSLTSDLQAQSK	N(0.00)N(28.61)A(0.00)T(0.00)V(0.00)H(0.00)E(0.00)Q(0.00)V(0.00)G(0.00)G(0.00)P(0.00)S(0.00)L(0.00)T(0.00)S(0.00)D(0.00)L(0.00)Q(0.00)A(0.00)Q(0.00)S(0.00)K(0.00)	N2	1	N(0.00)N(12.31)A(0.00)T(0.00)V(0.00)H(0.00)E(0.00)Q(0.00)V(0.00)G(0.00)G(0.00)P(0.00)S(0.00)L(0.00)T(0.00)S(0.00)D(0.00)L(0.00)Q(0.00)A(0.00)Q(0.00)S(0.00)K(0.00)	N(0)N(1)A(0)T(0)V(0)H(0)E(0)Q(0)V(0)G(0)G(0)P(0)S(0)L(0)T(0)S(0)D(0)L(0)Q(0)A(0)Q(0)S(0)K(0)	28.611675	8	0	0	31.28518	10	12.312074	1	0	0	0	FALSE	FALSE	FALSE	sp|P04004|VTNC_HUMAN	P04004	VTNC_HUMAN	VTN	Vitronectin		tr|F5GX75|F5GX75_HUMAN	23914	2356.2622	23914	2203.417	2430.2742	26.371002	116
240419_ES_R00006_MG_c00001_SA_NPB_3_i2.23956.23956.5	D:\SHARE\Tim\25-12-03_GD_Dataset\GD_dataset\NPB_3_i2\interact.pep.xml	YPHKPEINSTTHPGADLQENFCR	YPHKPEIN[2028]STTHPGADLQENFCR	ECQLWRSR.YPHKPEINSTTHPGADLQENFCR.NPDSSTTG	R	N	23	5	2359.3735	4623.932	4623.935	925.7937	925.7943	4623.9326	925.7938	0.0024	0.05698361	13.477	5.915	0.9758	0.000230947	2	1	136	158	52864888	"8N(1913.6770),22C(57.0215)"	NA	HexNAc(4)Hex(5)NeuAc(1) % 1913.6770	3.93	0	YPHKPEInSTTHPGADLQENFCR	Y(0.00)P(0.00)H(0.00)K(0.00)P(0.00)E(0.00)I(0.00)N(13.48)S(0.00)T(0.00)T(0.00)H(0.00)P(0.00)G(0.00)A(0.00)D(0.00)L(0.00)Q(0.00)E(0.00)N(0.00)F(0.00)C(0.00)R(0.00)	N8	1	Y(0.00)P(0.00)H(0.00)K(0.00)P(0.00)E(0.00)I(0.00)N(4.52)S(0.00)T(0.00)T(0.00)H(0.00)P(0.00)G(0.00)A(0.00)D(0.00)L(0.00)Q(0.00)E(0.00)N(0.00)F(0.00)C(0.00)R(0.00)	Y(0)P(0)H(0)K(0)P(0)E(0)I(0)N(0)S(0)T(0)T(0)H(0)P(0)G(0)A(0)D(0)L(0)Q(0)E(0)N(0)F(0)C(0)R(0)	13.477464	5	0	0	13.477464	5	4.5194817	0	0	0	0	FALSE	FALSE	FALSE	sp|P00734|THRB_HUMAN	P00734	THRB_HUMAN	F2	Prothrombin		"tr|C9JV37|C9JV37_HUMAN, tr|E9PIT3|E9PIT3_HUMAN"	23914	2383.884	24269	2198.396	2434.216	25.172	116
240419_ES_R00006_MG_c00001_SA_NPB_3_i2.23981.23981.5	D:\SHARE\Tim\25-12-03_GD_Dataset\GD_dataset\NPB_3_i2\interact.pep.xml	YPHKPEINSTTHPGADLQENFCR	YPHKPEIN[2028]STTHPGADLQENFCR	ECQLWRSR.YPHKPEINSTTHPGADLQENFCR.NPDSSTTG	R	N	23	5	2361.2266	4623.93	4623.9346	925.7933	925.7942	4623.9326	925.7938	0.002	0.04194579	11.783	0	0.9838	0.000230947	2	1	136	158	52864888	"8N(1913.6770),22C(57.0215)"	NA	HexNAc(4)Hex(5)NeuAc(1) % 1913.6770	4.26	0	YPHKPEInSTTHPGADLQENFCR	Y(0.00)P(0.00)H(0.00)K(0.00)P(0.00)E(0.00)I(0.00)N(11.78)S(0.00)T(0.00)T(0.00)H(0.00)P(0.00)G(0.00)A(0.00)D(0.00)L(0.00)Q(0.00)E(0.00)N(0.00)F(0.00)C(0.00)R(0.00)	N8	1	Y(0.00)P(0.00)H(0.00)K(0.00)P(0.00)E(0.00)I(0.00)N(3.28)S(0.00)T(0.00)T(0.00)H(0.00)P(0.00)G(0.00)A(0.00)D(0.00)L(0.00)Q(0.00)E(0.00)N(0.00)F(0.00)C(0.00)R(0.00)	Y(0)P(0)H(0)K(0)P(0)E(0)I(0)N(0)S(0)T(0)T(0)H(0)P(0)G(0)A(0)D(0)L(0)Q(0)E(0)N(0)F(0)C(0)R(0)	11.78305	5	0	0	11.78305	5	3.2788792	0	0	0	0	FALSE	FALSE	FALSE	sp|P00734|THRB_HUMAN	P00734	THRB_HUMAN	F2	Prothrombin		"tr|C9JV37|C9JV37_HUMAN, tr|E9PIT3|E9PIT3_HUMAN"	23954	2383.884	24269	2201.1892	2435.3982	25.172	116
240419_ES_R00006_MG_c00001_SA_NPB_3_i2.24026.24026.4	D:\SHARE\Tim\25-12-03_GD_Dataset\GD_dataset\NPB_3_i2\interact.pep.xml	NNATVHEQVGGPSLTSDLQAQSK	NN[2319]ATVHEQVGGPSLTSDLQAQSK	VYDDGEEK.NNATVHEQVGGPSLTSDLQAQSK.GNPEQTPV	K	G	23	4	2364.4844	4584.9224	4584.914	1147.2379	1147.2358	4584.9346	1147.241	-0.0203	1.195491	9.323	0	0.4283	0.000230947	2	0	85	107	0	2N(2204.7725)	NA	HexNAc(4)Hex(5)NeuAc(2) % 2204.7724	1.97	0	NnATVHEQVGGPSLTSDLQAQSK	N(0.00)N(9.32)A(0.00)T(0.00)V(0.00)H(0.00)E(0.00)Q(0.00)V(0.00)G(0.00)G(0.00)P(0.00)S(0.00)L(0.00)T(0.00)S(0.00)D(0.00)L(0.00)Q(0.00)A(0.00)Q(0.00)S(0.00)K(0.00)	N2	1	N(0.00)N(6.20)A(0.00)T(0.00)V(0.00)H(0.00)E(0.00)Q(0.00)V(0.00)G(0.00)G(0.00)P(0.00)S(0.00)L(0.00)T(0.00)S(0.00)D(0.00)L(0.00)Q(0.00)A(0.00)Q(0.00)S(0.00)K(0.00)	N(0)N(0)A(0)T(0)V(0)H(0)E(0)Q(0)V(0)G(0)G(0)P(0)S(0)L(0)T(0)S(0)D(0)L(0)Q(0)A(0)Q(0)S(0)K(0)	9.323334	2	0	0	9.323334	2	6.1959023	0	0	0	0	FALSE	FALSE	FALSE	sp|P04004|VTNC_HUMAN	P04004	VTNC_HUMAN	VTN	Vitronectin		tr|F5GX75|F5GX75_HUMAN	23979	0	0	0	0	0	0
240419_ES_R00006_MG_c00001_SA_NPB_3_i2.24040.24040.3	D:\SHARE\Tim\25-12-03_GD_Dataset\GD_dataset\NPB_3_i2\interact.pep.xml	GTAGNALMDGASQLMGENR	GTAGNALM[147]DGASQLM[147]GEN[2028]R	QISVNKYR.GTAGNALMDGASQLMGENR.TMTIHNGM	R	T	19	3	2365.5872	3837.5383	3837.519	1280.1867	1280.1803	3837.5183	1280.1801	7.00E-04	0.03384543	17.382	11.461	0.9918	0	2	0	377	395	736290940	"8M(15.9949),15M(15.9949),18N(1913.6770)"	NA	HexNAc(4)Hex(5)NeuAc(1) % 1913.6770	5.41	0	GTAGNALMDGASQLMGEnR	G(0.00)T(0.00)A(0.00)G(0.00)N(0.00)A(0.00)L(0.00)M(0.00)D(0.00)G(0.00)A(0.00)S(0.00)Q(0.00)L(0.00)M(0.00)G(0.00)E(0.00)N(17.38)R(0.00)	N18	1	G(0.00)T(0.00)A(0.00)G(0.00)N(0.00)A(0.00)L(0.00)M(0.00)D(0.00)G(0.00)A(0.00)S(0.00)Q(0.00)L(0.00)M(0.00)G(0.00)E(0.00)N(13.33)R(0.00)	G(0)T(0)A(0)G(0)N(0)A(0)L(0)M(0)D(0)G(0)A(0)S(0)Q(0)L(0)M(0)G(0)E(0)N(3)R(0)	17.382103	5	0	0	11.461674	2	13.33293	3	0	0	0	FALSE	FALSE	FALSE	sp|P02675|FIBB_HUMAN	P02675	FIBB_HUMAN	FGB	Fibrinogen beta chain		tr|D6REL8|D6REL8_HUMAN	24008	2388.1702	24327	2361.016	2439.4282	41.33	39
240419_ES_R00006_MG_c00001_SA_NPB_3_i2.24063.24063.3	D:\SHARE\Tim\25-12-03_GD_Dataset\GD_dataset\NPB_3_i2\interact.pep.xml	GTAGNALMDGASQLMGENR	GTAGNALM[147]DGASQLM[147]GEN[2028]R	QISVNKYR.GTAGNALMDGASQLMGENR.TMTIHNGM	R	T	19	3	2367.3345	3837.5215	3837.5186	1280.1811	1280.1801	3837.5183	1280.1801	2.00E-04	5.04E-05	25.691	15.467	1	0	2	0	377	395	736290940	"8M(15.9949),15M(15.9949),18N(1913.6770)"	NA	HexNAc(4)Hex(5)NeuAc(1) % 1913.6770	7.28	0	GTAGNALMDGASQLMGEnR	G(0.00)T(0.00)A(0.00)G(0.00)N(0.00)A(0.00)L(0.00)M(0.00)D(0.00)G(0.00)A(0.00)S(0.00)Q(0.00)L(0.00)M(0.00)G(0.00)E(0.00)N(25.69)R(0.00)	N18	1	G(0.00)T(0.00)A(0.00)G(0.00)N(0.00)A(0.00)L(0.00)M(0.00)D(0.00)G(0.00)A(0.00)S(0.00)Q(0.00)L(0.00)M(0.00)G(0.00)E(0.00)N(20.45)R(0.00)	G(0)T(0)A(0)G(0)N(0)A(0)L(0)M(0)D(0)G(0)A(0)S(0)Q(0)L(0)M(0)G(0)E(0)N(4)R(0)	25.691975	7	0	0	23.253803	6	20.44754	4	0	0	0	FALSE	FALSE	FALSE	sp|P02675|FIBB_HUMAN	P02675	FIBB_HUMAN	FGB	Fibrinogen beta chain		tr|D6REL8|D6REL8_HUMAN	24033	2388.1702	24327	2359.163	2457.415	41.33	51
240419_ES_R00006_MG_c00001_SA_NPB_3_i2.24064.24064.4	D:\SHARE\Tim\25-12-03_GD_Dataset\GD_dataset\NPB_3_i2\interact.pep.xml	GTAGNALMDGASQLMGENR	GTAGNALM[147]DGASQLM[147]GEN[2028]R	QISVNKYR.GTAGNALMDGASQLMGENR.TMTIHNGM	R	T	19	4	2367.4026	3837.5217	3837.5212	960.3877	960.3876	3837.5183	960.3868	0.0029	2.77E-07	35.732	14.757	1	0	2	0	377	395	381979680	"8M(15.9949),15M(15.9949),18N(1913.6770)"	NA	HexNAc(4)Hex(5)NeuAc(1) % 1913.6770	4.06	0	GTAGNALMDGASQLMGEnR	G(0.00)T(0.00)A(0.00)G(0.00)N(0.00)A(0.00)L(0.00)M(0.00)D(0.00)G(0.00)A(0.00)S(0.00)Q(0.00)L(0.00)M(0.00)G(0.00)E(0.00)N(35.73)R(0.00)	N18	1	G(0.00)T(0.00)A(0.00)G(0.00)N(0.00)A(0.00)L(0.00)M(0.00)D(0.00)G(0.00)A(0.00)S(0.00)Q(0.00)L(0.00)M(0.00)G(0.00)E(0.00)N(30.77)R(0.00)	G(0)T(0)A(0)G(0)N(0)A(0)L(0)M(0)D(0)G(0)A(0)S(0)Q(0)L(0)M(0)G(0)E(0)N(8)R(0)	35.732086	11	0	0	16.227497	3	30.771313	8	0	0	0	FALSE	FALSE	FALSE	sp|P02675|FIBB_HUMAN	P02675	FIBB_HUMAN	FGB	Fibrinogen beta chain		tr|D6REL8|D6REL8_HUMAN	24033	2385.875	24296	2359.163	2444.402	41.33	40
240419_ES_R00006_MG_c00001_SA_NPB_3_i2.24140.24140.4	D:\SHARE\Tim\25-12-03_GD_Dataset\GD_dataset\NPB_3_i2\interact.pep.xml	NNATVHEQVGGPSLTSDLQAQSK	NN[2684]ATVHEQVGGPSLTSDLQAQSK	VYDDGEEK.NNATVHEQVGGPSLTSDLQAQSK.GNPEQTPV	K	G	23	4	2373.6887	4950.083	4950.056	1238.528	1238.5213	4950.0664	1238.5239	-0.0103	0.1300492	13.205	8.925	0.9829	0.000230947	2	0	85	107	0	2N(2569.9045)	NA	HexNAc(5)Hex(6)NeuAc(2) % 2569.9046	4.28	0	NnATVHEQVGGPSLTSDLQAQSK	N(0.00)N(13.21)A(0.00)T(0.00)V(0.00)H(0.00)E(0.00)Q(0.00)V(0.00)G(0.00)G(0.00)P(0.00)S(0.00)L(0.00)T(0.00)S(0.00)D(0.00)L(0.00)Q(0.00)A(0.00)Q(0.00)S(0.00)K(0.00)	N2	1	N(0.00)N(6.24)A(0.00)T(0.00)V(0.00)H(0.00)E(0.00)Q(0.00)V(0.00)G(0.00)G(0.00)P(0.00)S(0.00)L(0.00)T(0.00)S(0.00)D(0.00)L(0.00)Q(0.00)A(0.00)Q(0.00)S(0.00)K(0.00)	N(0)N(0)A(0)T(0)V(0)H(0)E(0)Q(0)V(0)G(0)G(0)P(0)S(0)L(0)T(0)S(0)D(0)L(0)Q(0)A(0)Q(0)S(0)K(0)	13.20582	4	0	0	13.20582	4	6.23852	0	0	0	0	FALSE	FALSE	FALSE	sp|P04004|VTNC_HUMAN	P04004	VTNC_HUMAN	VTN	Vitronectin		tr|F5GX75|F5GX75_HUMAN	24114	0	0	0	0	0	0
240419_ES_R00006_MG_c00001_SA_NPB_3_i2.24257.24257.5	D:\SHARE\Tim\25-12-03_GD_Dataset\GD_dataset\NPB_3_i2\interact.pep.xml	GTAGNALMDGASQLMGENR	GTAGNALM[147]DGASQLM[147]GEN[2028]R	QISVNKYR.GTAGNALMDGASQLMGENR.TMTIHNGM	R	T	19	5	2382.658	3837.5254	3837.5168	768.5124	768.5106	3837.5183	768.5109	-0.0015	0.000938642	19.61	15.24	1	0	2	0	377	395	6655789	"8M(15.9949),15M(15.9949),18N(1913.6770)"	NA	HexNAc(4)Hex(5)NeuAc(1) % 1913.6770	3.48	0	GTAGNALMDGASQLMGEnR	G(0.00)T(0.00)A(0.00)G(0.00)N(0.00)A(0.00)L(0.00)M(0.00)D(0.00)G(0.00)A(0.00)S(0.00)Q(0.00)L(0.00)M(0.00)G(0.00)E(0.00)N(19.61)R(0.00)	N18	1	G(0.00)T(0.00)A(0.00)G(0.00)N(0.00)A(0.00)L(0.00)M(0.00)D(0.00)G(0.00)A(0.00)S(0.00)Q(0.00)L(0.00)M(0.00)G(0.00)E(0.00)N(15.84)R(0.00)	G(0)T(0)A(0)G(0)N(0)A(0)L(0)M(0)D(0)G(0)A(0)S(0)Q(0)L(0)M(0)G(0)E(0)N(2)R(0)	19.610815	4	0	0	15.240549	2	15.844772	2	0	0	0	FALSE	FALSE	FALSE	sp|P02675|FIBB_HUMAN	P02675	FIBB_HUMAN	FGB	Fibrinogen beta chain		tr|D6REL8|D6REL8_HUMAN	24204	2403.748	24526	2373.341	2414.808	18.025002	16
240419_ES_R00006_MG_c00001_SA_NPB_3_i2.24297.24297.3	D:\SHARE\Tim\25-12-03_GD_Dataset\GD_dataset\NPB_3_i2\interact.pep.xml	NNATVHEQVGGPSLTSDLQAQSK	NN[2028]ATVHEQVGGPSLTSDLQAQSK	VYDDGEEK.NNATVHEQVGGPSLTSDLQAQSK.GNPEQTPV	K	G	23	3	2385.895	4293.842	4293.839	1432.2879	1432.2869	4293.8389	1432.287	0	0	38.34	11.777	1	0	2	0	85	107	134913264	2N(1913.6770)	NA	HexNAc(4)Hex(5)NeuAc(1) % 1913.6770	9.6	0	NnATVHEQVGGPSLTSDLQAQSK	N(0.00)N(35.17)A(0.00)T(0.00)V(0.00)H(0.00)E(0.00)Q(0.00)V(0.00)G(0.00)G(0.00)P(0.00)S(0.00)L(0.00)T(0.00)S(0.00)D(0.00)L(0.00)Q(0.00)A(0.00)Q(0.00)S(0.00)K(0.00)	N2	1	N(0.00)N(11.29)A(0.00)T(0.00)V(0.00)H(0.00)E(0.00)Q(0.00)V(0.00)G(0.00)G(0.00)P(0.00)S(0.00)L(0.00)T(0.00)S(0.00)D(0.00)L(0.00)Q(0.00)A(0.00)Q(0.00)S(0.00)K(0.00)	N(0)N(3)A(0)T(0)V(0)H(0)E(0)Q(0)V(0)G(0)G(0)P(0)S(0)L(0)T(0)S(0)D(0)L(0)Q(0)A(0)Q(0)S(0)K(0)	35.1652	14	0	0	38.34056	16	11.293601	3	0	0	0	FALSE	FALSE	FALSE	sp|P04004|VTNC_HUMAN	P04004	VTNC_HUMAN	VTN	Vitronectin		tr|F5GX75|F5GX75_HUMAN	24269	2367.124	24061	2140.5442	2615.5151	33.782	251
240419_ES_R00006_MG_c00001_SA_NPB_3_i2.24314.24314.3	D:\SHARE\Tim\25-12-03_GD_Dataset\GD_dataset\NPB_3_i2\interact.pep.xml	NNATVHEQVGGPSLTSDLQAQSK	NN[2319]ATVHEQVGGPSLTSDLQAQSK	VYDDGEEK.NNATVHEQVGGPSLTSDLQAQSK.GNPEQTPV	K	G	23	3	2387.182	4585.9453	4585.933	1529.6557	1529.6516	4584.9346	1529.3188	0.9988	0.007379043	18.028	0	0.9879	0.000230947	2	0	85	107	0	2N(2204.7725)	NA	HexNAc(4)Hex(5)NeuAc(2) % 2204.7724	4.61	0	NnATVHEQVGGPSLTSDLQAQSK	N(0.00)N(15.88)A(0.00)T(0.00)V(0.00)H(0.00)E(0.00)Q(0.00)V(0.00)G(0.00)G(0.00)P(0.00)S(0.00)L(0.00)T(0.00)S(0.00)D(0.00)L(0.00)Q(0.00)A(0.00)Q(0.00)S(0.00)K(0.00)	N2	1	N(0.00)N(9.90)A(0.00)T(0.00)V(0.00)H(0.00)E(0.00)Q(0.00)V(0.00)G(0.00)G(0.00)P(0.00)S(0.00)L(0.00)T(0.00)S(0.00)D(0.00)L(0.00)Q(0.00)A(0.00)Q(0.00)S(0.00)K(0.00)	N(0)N(0)A(0)T(0)V(0)H(0)E(0)Q(0)V(0)G(0)G(0)P(0)S(0)L(0)T(0)S(0)D(0)L(0)Q(0)A(0)Q(0)S(0)K(0)	15.877295	3	0	0	18.028824	4	9.902674	0	0	0	0	FALSE	FALSE	FALSE	sp|P04004|VTNC_HUMAN	P04004	VTNC_HUMAN	VTN	Vitronectin		tr|F5GX75|F5GX75_HUMAN	24269	0	0	0	0	0	0
240419_ES_R00006_MG_c00001_SA_NPB_3_i2.24347.24347.3	D:\SHARE\Tim\25-12-03_GD_Dataset\GD_dataset\NPB_3_i2\interact.pep.xml	NNATVHEQVGGPSLTSDLQAQSK	NN[2319]ATVHEQVGGPSLTSDLQAQSK	VYDDGEEK.NNATVHEQVGGPSLTSDLQAQSK.GNPEQTPV	K	G	23	3	2389.7644	4584.942	4584.9385	1529.3213	1529.3201	4584.9346	1529.3188	0.0042	0.01250259	16.112	0	0.9928	0	2	0	85	107	0	2N(2204.7725)	NA	HexNAc(4)Hex(5)NeuAc(2) % 2204.7724	4.37	0	NnATVHEQVGGPSLTSDLQAQSK	N(0.00)N(16.11)A(0.00)T(0.00)V(0.00)H(0.00)E(0.00)Q(0.00)V(0.00)G(0.00)G(0.00)P(0.00)S(0.00)L(0.00)T(0.00)S(0.00)D(0.00)L(0.00)Q(0.00)A(0.00)Q(0.00)S(0.00)K(0.00)	N2	1	N(0.00)N(10.15)A(0.00)T(0.00)V(0.00)H(0.00)E(0.00)Q(0.00)V(0.00)G(0.00)G(0.00)P(0.00)S(0.00)L(0.00)T(0.00)S(0.00)D(0.00)L(0.00)Q(0.00)A(0.00)Q(0.00)S(0.00)K(0.00)	N(0)N(0)A(0)T(0)V(0)H(0)E(0)Q(0)V(0)G(0)G(0)P(0)S(0)L(0)T(0)S(0)D(0)L(0)Q(0)A(0)Q(0)S(0)K(0)	16.112041	3	0	0	16.112041	3	10.148915	0	0	0	0	FALSE	FALSE	FALSE	sp|P04004|VTNC_HUMAN	P04004	VTNC_HUMAN	VTN	Vitronectin		tr|F5GX75|F5GX75_HUMAN	24327	0	0	0	0	0	0
240419_ES_R00006_MG_c00001_SA_NPB_3_i2.24368.24368.5	D:\SHARE\Tim\25-12-03_GD_Dataset\GD_dataset\NPB_3_i2\interact.pep.xml	SRYPHKPEINSTTHPGADLQENFCR	SRYPHKPEIN[2319]STTHPGADLQENFCR	GIECQLWR.SRYPHKPEINSTTHPGADLQENFCR.NPDSSTTG	R	N	25	5	2391.24	5158.1445	5158.1343	1032.6362	1032.6341	5158.1611	1032.6395	-0.0271	7.11E-06	14.705	0	1	0	2	2	134	158	192074464	"10N(2204.7725),24C(57.0215)"	NA	HexNAc(4)Hex(5)NeuAc(2) % 2204.7724	1.61	0	SRYPHKPEInSTTHPGADLQENFCR	S(0.00)R(0.00)Y(0.00)P(0.00)H(0.00)K(0.00)P(0.00)E(0.00)I(0.00)N(14.71)S(0.00)T(0.00)T(0.00)H(0.00)P(0.00)G(0.00)A(0.00)D(0.00)L(0.00)Q(0.00)E(0.00)N(0.00)F(0.00)C(0.00)R(0.00)	N10	1	S(0.00)R(0.00)Y(0.00)P(0.00)H(0.00)K(0.00)P(0.00)E(0.00)I(0.00)N(2.79)S(0.00)T(0.00)T(0.00)H(0.00)P(0.00)G(0.00)A(0.00)D(0.00)L(0.00)Q(0.00)E(0.00)N(0.00)F(0.00)C(0.00)R(0.00)	S(0)R(0)Y(0)P(0)H(0)K(0)P(0)E(0)I(0)N(1)S(0)T(0)T(0)H(0)P(0)G(0)A(0)D(0)L(0)Q(0)E(0)N(0)F(0)C(0)R(0)	14.705191	8	0	0	12.816706	7	2.7938046	1	0	0	0	FALSE	FALSE	FALSE	sp|P00734|THRB_HUMAN	P00734	THRB_HUMAN	F2	Prothrombin		"tr|C9JV37|C9JV37_HUMAN, tr|E9PIT3|E9PIT3_HUMAN"	24343	2414.808	24660	2180.7322	2489.718	33.672	161
240419_ES_R00006_MG_c00001_SA_NPB_3_i2.24372.24372.3	D:\SHARE\Tim\25-12-03_GD_Dataset\GD_dataset\NPB_3_i2\interact.pep.xml	FSDGLESNSSTQFEVK	FSDGLESN[1979]SSTQFEVK	GTWKISAR.FSDGLESNSSTQFEVK.KYVLPNFE	R	K	16	3	2391.6394	3638.4336	3638.4368	1213.8185	1213.8195	3638.4399	1213.8206	-0.0031	1.10E-08	39.331	6.622	1	0	2	0	219	234	131333696	8N(1864.6342)	NA	HexNAc(2)Hex(9) % 1864.6341	4.1	0	FSDGLESnSSTQFEVK	F(0.00)S(0.00)D(0.00)G(0.00)L(0.00)E(0.00)S(0.00)N(33.82)S(0.00)S(0.00)T(0.00)Q(0.00)F(0.00)E(0.00)V(0.00)K(0.00)	N8	1	F(0.00)S(0.00)D(0.00)G(0.00)L(0.00)E(0.00)S(0.00)N(11.54)S(0.00)S(0.00)T(0.00)Q(0.00)F(0.00)E(0.00)V(0.00)K(0.00)	F(0)S(0)D(0)G(0)L(0)E(0)S(0)N(0)S(0)S(0)T(0)Q(0)F(0)E(0)V(0)K(0)	33.815563	11	0	0	39.33185	13	11.540794	0	0	0	0	FALSE	FALSE	FALSE	sp|P0C0L4|CO4A_HUMAN	P0C0L4	CO4A_HUMAN	C4A	Complement C4-A	C4B	"sp|P0C0L5|CO4B_HUMAN, tr|A0A0G2JPR0|A0A0G2JPR0_HUMAN, tr|A0A140TA49|A0A140TA49_HUMAN, tr|F5GXS0|F5GXS0_HUMAN"	24343	2408.7122	24588	2385.875	2521.476	26.206001	69
240419_ES_R00006_MG_c00001_SA_NPB_3_i2.24389.24389.3	D:\SHARE\Tim\25-12-03_GD_Dataset\GD_dataset\NPB_3_i2\interact.pep.xml	FSDGLESNSSTQFEVK	FSDGLESN[1979]SSTQFEVK	GTWKISAR.FSDGLESNSSTQFEVK.KYVLPNFE	R	K	16	3	2392.9678	3638.4338	3638.4365	1213.8185	1213.8194	3638.4399	1213.8206	-0.0033	1.19E-07	35.202	6.162	1	0	2	0	219	234	134395408	8N(1864.6342)	NA	HexNAc(2)Hex(9) % 1864.6341	4.52	0	FSDGLESnSSTQFEVK	F(0.00)S(0.00)D(0.00)G(0.00)L(0.00)E(0.00)S(0.00)N(32.48)S(0.00)S(0.00)T(0.00)Q(0.00)F(0.00)E(0.00)V(0.00)K(0.00)	N8	1	F(0.00)S(0.00)D(0.00)G(0.00)L(0.00)E(0.00)S(0.00)N(11.44)S(0.00)S(0.00)T(0.00)Q(0.00)F(0.00)E(0.00)V(0.00)K(0.00)	F(0)S(0)D(0)G(0)L(0)E(0)S(0)N(0)S(0)S(0)T(0)Q(0)F(0)E(0)V(0)K(0)	32.48025	10	0	0	35.202988	11	11.444367	0	0	0	0	FALSE	FALSE	FALSE	sp|P0C0L4|CO4A_HUMAN	P0C0L4	CO4A_HUMAN	C4A	Complement C4-A	C4B	"sp|P0C0L5|CO4B_HUMAN, tr|A0A0G2JPR0|A0A0G2JPR0_HUMAN, tr|A0A140TA49|A0A140TA49_HUMAN, tr|F5GXS0|F5GXS0_HUMAN"	24367	2406.84	24563	2385.875	2512.854	26.206001	67
240419_ES_R00006_MG_c00001_SA_NPB_3_i2.24436.24436.5	D:\SHARE\Tim\25-12-03_GD_Dataset\GD_dataset\NPB_3_i2\interact.pep.xml	SRYPHKPEINSTTHPGADLQENFCR	SRYPHKPEIN[2319]STTHPGADLQENFCR	GIECQLWR.SRYPHKPEINSTTHPGADLQENFCR.NPDSSTTG	R	N	25	5	2396.4497	5158.1484	5158.1323	1032.637	1032.6337	5158.1611	1032.6395	-0.0291	0.08917639	11.699	0	0.9383	0.000230947	2	2	134	158	192074464	"10N(2204.7725),24C(57.0215)"	NA	HexNAc(4)Hex(5)NeuAc(2) % 2204.7724	-0.3	0	SRYPHKPEInSTTHPGADLQENFCR	S(0.00)R(0.00)Y(0.00)P(0.00)H(0.00)K(0.00)P(0.00)E(0.00)I(0.00)N(11.70)S(0.00)T(0.00)T(0.00)H(0.00)P(0.00)G(0.00)A(0.00)D(0.00)L(0.00)Q(0.00)E(0.00)N(0.00)F(0.00)C(0.00)R(0.00)	N10	1	S(0.00)R(0.00)Y(0.00)P(0.00)H(0.00)K(0.00)P(0.00)E(0.00)I(0.00)N(0.00)S(0.00)T(0.00)T(0.00)H(0.00)P(0.00)G(0.00)A(0.00)D(0.00)L(0.00)Q(0.00)E(0.00)N(0.00)F(0.00)C(0.00)R(0.00)	S(0)R(0)Y(0)P(0)H(0)K(0)P(0)E(0)I(0)N(0)S(0)T(0)T(0)H(0)P(0)G(0)A(0)D(0)L(0)Q(0)E(0)N(0)F(0)C(0)R(0)	11.699198	7	0	0	11.699198	7	0	0	0	0	0	FALSE	FALSE	FALSE	sp|P00734|THRB_HUMAN	P00734	THRB_HUMAN	F2	Prothrombin		"tr|C9JV37|C9JV37_HUMAN, tr|E9PIT3|E9PIT3_HUMAN"	24408	2414.808	24660	2186.405	2500.124	33.672	162
240419_ES_R00006_MG_c00001_SA_NPB_3_i2.24460.24460.4	D:\SHARE\Tim\25-12-03_GD_Dataset\GD_dataset\NPB_3_i2\interact.pep.xml	NNATVHEQVGGPSLTSDLQAQSK	NN[2975]ATVHEQVGGPSLTSDLQAQSK	VYDDGEEK.NNATVHEQVGGPSLTSDLQAQSK.GNPEQTPV	K	G	23	4	2398.2751	5242.235	5242.189	1311.566	1311.5545	5241.1621	1311.2979	1.0271	9.35E-05	17.694	11.499	1	0	2	0	85	107	0	2N(2861.0000)	NA	HexNAc(5)Hex(6)NeuAc(3) % 2861.0000	2.82	0	NnATVHEQVGGPSLTSDLQAQSK	N(0.00)N(17.69)A(0.00)T(0.00)V(0.00)H(0.00)E(0.00)Q(0.00)V(0.00)G(0.00)G(0.00)P(0.00)S(0.00)L(0.00)T(0.00)S(0.00)D(0.00)L(0.00)Q(0.00)A(0.00)Q(0.00)S(0.00)K(0.00)	N2	1	N(0.00)N(7.79)A(0.00)T(0.00)V(0.00)H(0.00)E(0.00)Q(0.00)V(0.00)G(0.00)G(0.00)P(0.00)S(0.00)L(0.00)T(0.00)S(0.00)D(0.00)L(0.00)Q(0.00)A(0.00)Q(0.00)S(0.00)K(0.00)	N(0)N(0)A(0)T(0)V(0)H(0)E(0)Q(0)V(0)G(0)G(0)P(0)S(0)L(0)T(0)S(0)D(0)L(0)Q(0)A(0)Q(0)S(0)K(0)	17.694984	5	0	0	17.694984	5	7.794431	0	0	0	0	FALSE	FALSE	FALSE	sp|P04004|VTNC_HUMAN	P04004	VTNC_HUMAN	VTN	Vitronectin		tr|F5GX75|F5GX75_HUMAN	24435	0	0	0	0	0	0
240419_ES_R00006_MG_c00001_SA_NPB_3_i2.24528.24528.5	D:\SHARE\Tim\25-12-03_GD_Dataset\GD_dataset\NPB_3_i2\interact.pep.xml	YPHKPEINSTTHPGADLQENFCR	YPHKPEIN[2319]STTHPGADLQENFCR	ECQLWRSR.YPHKPEINSTTHPGADLQENFCR.NPDSSTTG	R	N	23	5	2403.9583	4915.0522	4915.033	984.0177	984.0139	4915.0283	984.013	0.0051	1.45E-08	25.916	8.978	1	0	2	1	136	158	145034976	"8N(2204.7725),22C(57.0215)"	NA	HexNAc(4)Hex(5)NeuAc(2) % 2204.7724	5.16	0	YPHKPEInSTTHPGADLQENFCR	Y(0.00)P(0.00)H(0.00)K(0.00)P(0.00)E(0.00)I(0.00)N(25.92)S(0.00)T(0.00)T(0.00)H(0.00)P(0.00)G(0.00)A(0.00)D(0.00)L(0.00)Q(0.00)E(0.00)N(0.00)F(0.00)C(0.00)R(0.00)	N8	1	Y(0.00)P(0.00)H(0.00)K(0.00)P(0.00)E(0.00)I(0.00)N(7.64)S(0.00)T(0.00)T(0.00)H(0.00)P(0.00)G(0.00)A(0.00)D(0.00)L(0.00)Q(0.00)E(0.00)N(0.00)F(0.00)C(0.00)R(0.00)	Y(0)P(0)H(0)K(0)P(0)E(0)I(0)N(0)S(0)T(0)T(0)H(0)P(0)G(0)A(0)D(0)L(0)Q(0)E(0)N(0)F(0)C(0)R(0)	25.91672	9	0	0	25.91672	9	7.643249	0	0	0	0	FALSE	FALSE	FALSE	sp|P00734|THRB_HUMAN	P00734	THRB_HUMAN	F2	Prothrombin		"tr|C9JV37|C9JV37_HUMAN, tr|E9PIT3|E9PIT3_HUMAN"	24503	2408.7122	24588	2383.884	2539.082	22.818	81
240419_ES_R00006_MG_c00001_SA_NPB_3_i2.24530.24530.4	D:\SHARE\Tim\25-12-03_GD_Dataset\GD_dataset\NPB_3_i2\interact.pep.xml	YPHKPEINSTTHPGADLQENFCR	YPHKPEIN[2319]STTHPGADLQENFCR	ECQLWRSR.YPHKPEINSTTHPGADLQENFCR.NPDSSTTG	R	N	23	4	2404.145	4915.0522	4915.0273	1229.7703	1229.7641	4915.0283	1229.7644	-7.00E-04	6.20E-13	36.025	8.645	1	0	2	1	136	158	67248840	"8N(2204.7725),22C(57.0215)"	NA	HexNAc(4)Hex(5)NeuAc(2) % 2204.7724	6.34	0	YPHKPEInSTTHPGADLQENFCR	Y(0.00)P(0.00)H(0.00)K(0.00)P(0.00)E(0.00)I(0.00)N(36.03)S(0.00)T(0.00)T(0.00)H(0.00)P(0.00)G(0.00)A(0.00)D(0.00)L(0.00)Q(0.00)E(0.00)N(0.00)F(0.00)C(0.00)R(0.00)	N8	1	Y(0.00)P(0.00)H(0.00)K(0.00)P(0.00)E(0.00)I(0.00)N(9.04)S(0.00)T(0.00)T(0.00)H(0.00)P(0.00)G(0.00)A(0.00)D(0.00)L(0.00)Q(0.00)E(0.00)N(0.00)F(0.00)C(0.00)R(0.00)	Y(0)P(0)H(0)K(0)P(0)E(0)I(0)N(0)S(0)T(0)T(0)H(0)P(0)G(0)A(0)D(0)L(0)Q(0)E(0)N(0)F(0)C(0)R(0)	36.025654	12	0	0	36.025654	12	9.040449	0	0	0	0	FALSE	FALSE	FALSE	sp|P00734|THRB_HUMAN	P00734	THRB_HUMAN	F2	Prothrombin		"tr|C9JV37|C9JV37_HUMAN, tr|E9PIT3|E9PIT3_HUMAN"	24503	2408.7122	24588	2391.225	2526.9102	26.046001	68
240419_ES_R00006_MG_c00001_SA_NPB_3_i2.24572.24572.4	D:\SHARE\Tim\25-12-03_GD_Dataset\GD_dataset\NPB_3_i2\interact.pep.xml	NNATVHEQVGGPSLTSDLQAQSK	NN[2684]ATVHEQVGGPSLTSDLQAQSK	VYDDGEEK.NNATVHEQVGGPSLTSDLQAQSK.GNPEQTPV	K	G	23	4	2407.5273	4950.0347	4950.0273	1238.516	1238.5141	4950.0664	1238.5239	-0.0391	0.3723918	9.216	7.755	0.8917	0.000230947	2	0	85	107	0	2N(2569.9045)	NA	HexNAc(5)Hex(6)NeuAc(2) % 2569.9046	2.2	0	NnATVHEQVGGPSLTSDLQAQSK	N(0.00)N(9.22)A(0.00)T(0.00)V(0.00)H(0.00)E(0.00)Q(0.00)V(0.00)G(0.00)G(0.00)P(0.00)S(0.00)L(0.00)T(0.00)S(0.00)D(0.00)L(0.00)Q(0.00)A(0.00)Q(0.00)S(0.00)K(0.00)	N2	1	N(0.00)N(6.03)A(0.00)T(0.00)V(0.00)H(0.00)E(0.00)Q(0.00)V(0.00)G(0.00)G(0.00)P(0.00)S(0.00)L(0.00)T(0.00)S(0.00)D(0.00)L(0.00)Q(0.00)A(0.00)Q(0.00)S(0.00)K(0.00)	N(0)N(0)A(0)T(0)V(0)H(0)E(0)Q(0)V(0)G(0)G(0)P(0)S(0)L(0)T(0)S(0)D(0)L(0)Q(0)A(0)Q(0)S(0)K(0)	9.216867	2	0	0	9.216867	2	6.027314	0	0	0	0	FALSE	FALSE	FALSE	sp|P04004|VTNC_HUMAN	P04004	VTNC_HUMAN	VTN	Vitronectin		tr|F5GX75|F5GX75_HUMAN	24526	0	0	0	0	0	0
240419_ES_R00006_MG_c00001_SA_NPB_3_i2.24589.24589.4	D:\SHARE\Tim\25-12-03_GD_Dataset\GD_dataset\NPB_3_i2\interact.pep.xml	NNATVHEQVGGPSLTSDLQAQSK	NN[2028]ATVHEQVGGPSLTSDLQAQSK	VYDDGEEK.NNATVHEQVGGPSLTSDLQAQSK.GNPEQTPV	K	G	23	4	2408.727	4293.838	4293.841	1074.4668	1074.4675	4293.8389	1074.467	0.002	1.35E-09	34.995	12.061	1	0	2	0	85	107	216529744	2N(1913.6770)	NA	HexNAc(4)Hex(5)NeuAc(1) % 1913.6770	4.13	0	NnATVHEQVGGPSLTSDLQAQSK	N(0.00)N(33.12)A(0.00)T(0.00)V(0.00)H(0.00)E(0.00)Q(0.00)V(0.00)G(0.00)G(0.00)P(0.00)S(0.00)L(0.00)T(0.00)S(0.00)D(0.00)L(0.00)Q(0.00)A(0.00)Q(0.00)S(0.00)K(0.00)	N2	1	N(0.00)N(12.02)A(0.00)T(0.00)V(0.00)H(0.00)E(0.00)Q(0.00)V(0.00)G(0.00)G(0.00)P(0.00)S(0.00)L(0.00)T(0.00)S(0.00)D(0.00)L(0.00)Q(0.00)A(0.00)Q(0.00)S(0.00)K(0.00)	N(0)N(4)A(0)T(0)V(0)H(0)E(0)Q(0)V(0)G(0)G(0)P(0)S(0)L(0)T(0)S(0)D(0)L(0)Q(0)A(0)Q(0)S(0)K(0)	33.11991	14	0	0	34.995834	15	12.017286	4	0	0	0	FALSE	FALSE	FALSE	sp|P04004|VTNC_HUMAN	P04004	VTNC_HUMAN	VTN	Vitronectin		tr|F5GX75|F5GX75_HUMAN	24563	2406.84	24563	2101.3462	2620.131	29.693	269
240419_ES_R00006_MG_c00001_SA_NPB_3_i2.24635.24635.3	D:\SHARE\Tim\25-12-03_GD_Dataset\GD_dataset\NPB_3_i2\interact.pep.xml	NNATVHEQVGGPSLTSDLQAQSK	NN[2174]ATVHEQVGGPSLTSDLQAQSK	VYDDGEEK.NNATVHEQVGGPSLTSDLQAQSK.GNPEQTPV	K	G	23	3	2412.995	4439.9014	4439.8955	1480.9744	1480.9724	4439.8965	1480.9728	-0.0012	0.1818653	10.461	0	0.818	0.000230947	2	0	85	107	18540454	2N(2059.7349)	NA	HexNAc(4)Hex(5)Fuc(1)NeuAc(1) % 2059.7349	-0.07	0	NnATVHEQVGGPSLTSDLQAQSK	N(0.00)N(10.46)A(0.00)T(0.00)V(0.00)H(0.00)E(0.00)Q(0.00)V(0.00)G(0.00)G(0.00)P(0.00)S(0.00)L(0.00)T(0.00)S(0.00)D(0.00)L(0.00)Q(0.00)A(0.00)Q(0.00)S(0.00)K(0.00)	N2	1	N(0.00)N(5.14)A(0.00)T(0.00)V(0.00)H(0.00)E(0.00)Q(0.00)V(0.00)G(0.00)G(0.00)P(0.00)S(0.00)L(0.00)T(0.00)S(0.00)D(0.00)L(0.00)Q(0.00)A(0.00)Q(0.00)S(0.00)K(0.00)	N(0)N(0)A(0)T(0)V(0)H(0)E(0)Q(0)V(0)G(0)G(0)P(0)S(0)L(0)T(0)S(0)D(0)L(0)Q(0)A(0)Q(0)S(0)K(0)	10.461145	3	0	0	10.461145	3	5.139486	0	0	0	0	FALSE	FALSE	FALSE	sp|P04004|VTNC_HUMAN	P04004	VTNC_HUMAN	VTN	Vitronectin		tr|F5GX75|F5GX75_HUMAN	24611	2392.757	24387	2212.344	2428.7012	28.948002	109
240419_ES_R00006_MG_c00001_SA_NPB_3_i2.24697.24697.4	D:\SHARE\Tim\25-12-03_GD_Dataset\GD_dataset\NPB_3_i2\interact.pep.xml	NNATVHEQVGGPSLTSDLQAQSK	NN[2174]ATVHEQVGGPSLTSDLQAQSK	VYDDGEEK.NNATVHEQVGGPSLTSDLQAQSK.GNPEQTPV	K	G	23	4	2417.5808	4439.905	4439.896	1110.9835	1110.9813	4439.8965	1110.9814	-7.00E-04	1.92E-05	21.602	9.504	0.9987	0	2	0	85	107	33821704	2N(2059.7349)	NA	HexNAc(4)Hex(5)Fuc(1)NeuAc(1) % 2059.7349	3.24	0	NnATVHEQVGGPSLTSDLQAQSK	N(0.00)N(21.60)A(0.00)T(0.00)V(0.00)H(0.00)E(0.00)Q(0.00)V(0.00)G(0.00)G(0.00)P(0.00)S(0.00)L(0.00)T(0.00)S(0.00)D(0.00)L(0.00)Q(0.00)A(0.00)Q(0.00)S(0.00)K(0.00)	N2	1	N(0.00)N(7.67)A(0.00)T(0.00)V(0.00)H(0.00)E(0.00)Q(0.00)V(0.00)G(0.00)G(0.00)P(0.00)S(0.00)L(0.00)T(0.00)S(0.00)D(0.00)L(0.00)Q(0.00)A(0.00)Q(0.00)S(0.00)K(0.00)	N(0)N(2)A(0)T(0)V(0)H(0)E(0)Q(0)V(0)G(0)G(0)P(0)S(0)L(0)T(0)S(0)D(0)L(0)Q(0)A(0)Q(0)S(0)K(0)	21.602428	9	0	0	20.156418	8	7.6708107	2	0	0	0	FALSE	FALSE	FALSE	sp|P04004|VTNC_HUMAN	P04004	VTNC_HUMAN	VTN	Vitronectin		tr|F5GX75|F5GX75_HUMAN	24660	2406.84	24563	2201.1892	2430.2742	26.371002	116
240419_ES_R00006_MG_c00001_SA_NPB_3_i2.24699.24699.4	D:\SHARE\Tim\25-12-03_GD_Dataset\GD_dataset\NPB_3_i2\interact.pep.xml	CGPCPAGFTGNGSHCTDVNECNAHPCFPR	CGPCPAGFTGN[1883]GSHCTDVNECNAHPCFPR	IQTESGAR.CGPCPAGFTGNGSHCTDVNECNAHPCFPR.VRCINTSP	R	V	29	4	2417.7173	5044.9116	5044.8994	1262.2352	1262.2321	5043.9243	1261.9884	0.975	0.000500611	19.702	0	1	0	2	0	111	139	0	"1C(57.0215),4C(57.0215),11N(1768.6395),15C(57.0215),21C(57.0215),26C(57.0215)"	NA	HexNAc(4)Hex(5)Fuc(1) % 1768.6395	-0.55	0	CGPCPAGFTGnGSHCTDVNECNAHPCFPR	C(0.00)G(0.00)P(0.00)C(0.00)P(0.00)A(0.00)G(0.00)F(0.00)T(0.00)G(0.00)N(19.70)G(0.00)S(0.00)H(0.00)C(0.00)T(0.00)D(0.00)V(0.00)N(0.00)E(0.00)C(0.00)N(0.00)A(0.00)H(0.00)P(0.00)C(0.00)F(0.00)P(0.00)R(0.00)	N11	1	C(0.00)G(0.00)P(0.00)C(0.00)P(0.00)A(0.00)G(0.00)F(0.00)T(0.00)G(0.00)N(2.22)G(0.00)S(0.00)H(0.00)C(0.00)T(0.00)D(0.00)V(0.00)N(0.00)E(0.00)C(0.00)N(0.00)A(0.00)H(0.00)P(0.00)C(0.00)F(0.00)P(0.00)R(0.00)	C(0)G(0)P(0)C(0)P(0)A(0)G(0)F(0)T(0)G(0)N(0)G(0)S(0)H(0)C(0)T(0)D(0)V(0)N(0)E(0)C(0)N(0)A(0)H(0)P(0)C(0)F(0)P(0)R(0)	19.702862	9	0	0	19.702862	9	2.2164824	0	0	0	0	FALSE	FALSE	FALSE	sp|P49747|COMP_HUMAN	P49747	COMP_HUMAN	COMP	Cartilage oligomeric matrix protein		tr|G3XAP6|G3XAP6_HUMAN	24660	0	0	0	0	0	0
240419_ES_R00006_MG_c00001_SA_NPB_3_i2.24743.24743.4	D:\SHARE\Tim\25-12-03_GD_Dataset\GD_dataset\NPB_3_i2\interact.pep.xml	NNATVHEQVGGPSLTSDLQAQSK	NN[2174]ATVHEQVGGPSLTSDLQAQSK	VYDDGEEK.NNATVHEQVGGPSLTSDLQAQSK.GNPEQTPV	K	G	23	4	2420.916	4439.9033	4439.8965	1110.9831	1110.9814	4439.8965	1110.9814	-2.00E-04	2.90E-07	35.65	9.09	1	0	2	0	85	107	33821704	2N(2059.7349)	NA	HexNAc(4)Hex(5)Fuc(1)NeuAc(1) % 2059.7349	5.33	0	NnATVHEQVGGPSLTSDLQAQSK	N(0.00)N(31.07)A(0.00)T(0.00)V(0.00)H(0.00)E(0.00)Q(0.00)V(0.00)G(0.00)G(0.00)P(0.00)S(0.00)L(0.00)T(0.00)S(0.00)D(0.00)L(0.00)Q(0.00)A(0.00)Q(0.00)S(0.00)K(0.00)	N2	1	N(0.00)N(12.14)A(0.00)T(0.00)V(0.00)H(0.00)E(0.00)Q(0.00)V(0.00)G(0.00)G(0.00)P(0.00)S(0.00)L(0.00)T(0.00)S(0.00)D(0.00)L(0.00)Q(0.00)A(0.00)Q(0.00)S(0.00)K(0.00)	N(0)N(1)A(0)T(0)V(0)H(0)E(0)Q(0)V(0)G(0)G(0)P(0)S(0)L(0)T(0)S(0)D(0)L(0)Q(0)A(0)Q(0)S(0)K(0)	31.071644	9	0	0	35.650265	12	12.141941	1	0	0	0	FALSE	FALSE	FALSE	sp|P04004|VTNC_HUMAN	P04004	VTNC_HUMAN	VTN	Vitronectin		tr|F5GX75|F5GX75_HUMAN	24721	2406.84	24563	2201.1892	2430.2742	26.371002	116
240419_ES_R00006_MG_c00001_SA_NPB_3_i2.24767.24767.5	D:\SHARE\Tim\25-12-03_GD_Dataset\GD_dataset\NPB_3_i2\interact.pep.xml	YPHKPEINSTTHPGADLQENFCR	YPHKPEIN[2028]STTHPGADLQENFCR	ECQLWRSR.YPHKPEINSTTHPGADLQENFCR.NPDSSTTG	R	N	23	5	2422.8496	4623.925	4623.9336	925.7923	925.794	4623.9326	925.7938	9.00E-04	0.000765156	19.965	6.248	1	0	2	1	136	158	0	"8N(1913.6770),22C(57.0215)"	NA	HexNAc(4)Hex(5)NeuAc(1) % 1913.6770	6.01	0	YPHKPEInSTTHPGADLQENFCR	Y(0.00)P(0.00)H(0.00)K(0.00)P(0.00)E(0.00)I(0.00)N(19.97)S(0.00)T(0.00)T(0.00)H(0.00)P(0.00)G(0.00)A(0.00)D(0.00)L(0.00)Q(0.00)E(0.00)N(0.00)F(0.00)C(0.00)R(0.00)	N8	1	Y(0.00)P(0.00)H(0.00)K(0.00)P(0.00)E(0.00)I(0.00)N(4.76)S(0.00)T(0.00)T(0.00)H(0.00)P(0.00)G(0.00)A(0.00)D(0.00)L(0.00)Q(0.00)E(0.00)N(0.00)F(0.00)C(0.00)R(0.00)	Y(0)P(0)H(0)K(0)P(0)E(0)I(0)N(0)S(0)T(0)T(0)H(0)P(0)G(0)A(0)D(0)L(0)Q(0)E(0)N(0)F(0)C(0)R(0)	19.965431	8	0	0	19.965431	8	4.762994	0	0	0	0	FALSE	FALSE	FALSE	sp|P00734|THRB_HUMAN	P00734	THRB_HUMAN	F2	Prothrombin		"tr|C9JV37|C9JV37_HUMAN, tr|E9PIT3|E9PIT3_HUMAN"	24742	0	0	0	0	0	0
240419_ES_R00006_MG_c00001_SA_NPB_3_i2.24771.24771.3	D:\SHARE\Tim\25-12-03_GD_Dataset\GD_dataset\NPB_3_i2\interact.pep.xml	YPHKPEINSTTHPGADLQENFCR	YPHKPEIN[2319]STTHPGADLQENFCR	ECQLWRSR.YPHKPEINSTTHPGADLQENFCR.NPDSSTTG	R	N	23	3	2423.1223	4918.036	4918.0435	1640.3526	1640.3551	4915.0283	1639.3501	3.0154	2.12E-08	26.404	7.757	1	0	2	1	136	158	0	"8N(2204.7725),22C(57.0215)"	NA	HexNAc(4)Hex(5)NeuAc(2) % 2204.7724	0.6	0	YPHKPEInSTTHPGADLQENFCR	Y(0.00)P(0.00)H(0.00)K(0.00)P(0.00)E(0.00)I(0.00)N(26.40)S(0.00)T(0.00)T(0.00)H(0.00)P(0.00)G(0.00)A(0.00)D(0.00)L(0.00)Q(0.00)E(0.00)N(0.00)F(0.00)C(0.00)R(0.00)	N8	1	Y(0.00)P(0.00)H(0.00)K(0.00)P(0.00)E(0.00)I(0.00)N(7.85)S(0.00)T(0.00)T(0.00)H(0.00)P(0.00)G(0.00)A(0.00)D(0.00)L(0.00)Q(0.00)E(0.00)N(0.00)F(0.00)C(0.00)R(0.00)	Y(0)P(0)H(0)K(0)P(0)E(0)I(0)N(0)S(0)T(0)T(0)H(0)P(0)G(0)A(0)D(0)L(0)Q(0)E(0)N(0)F(0)C(0)R(0)	26.404278	9	0	0	26.404278	9	7.8548	0	0	0	0	FALSE	FALSE	FALSE	sp|P00734|THRB_HUMAN	P00734	THRB_HUMAN	F2	Prothrombin		"tr|C9JV37|C9JV37_HUMAN, tr|E9PIT3|E9PIT3_HUMAN"	24742	0	0	0	0	0	0
240419_ES_R00006_MG_c00001_SA_NPB_3_i2.24807.24807.4	D:\SHARE\Tim\25-12-03_GD_Dataset\GD_dataset\NPB_3_i2\interact.pep.xml	YPHKPEINSTTHPGADLQENFCR	YPHKPEIN[2028]STTHPGADLQENFCR	ECQLWRSR.YPHKPEINSTTHPGADLQENFCR.NPDSSTTG	R	N	23	4	2425.7515	4623.926	4623.927	1156.9888	1156.989	4623.9326	1156.9905	-0.0059	1.46E-12	33.435	8.613	1	0	2	1	136	158	117277568	"8N(1913.6770),22C(57.0215)"	NA	HexNAc(4)Hex(5)NeuAc(1) % 1913.6770	3.13	0	YPHKPEInSTTHPGADLQENFCR	Y(0.00)P(0.00)H(0.00)K(0.00)P(0.00)E(0.00)I(0.00)N(33.44)S(0.00)T(0.00)T(0.00)H(0.00)P(0.00)G(0.00)A(0.00)D(0.00)L(0.00)Q(0.00)E(0.00)N(0.00)F(0.00)C(0.00)R(0.00)	N8	1	Y(0.00)P(0.00)H(0.00)K(0.00)P(0.00)E(0.00)I(0.00)N(9.08)S(0.00)T(0.00)T(0.00)H(0.00)P(0.00)G(0.00)A(0.00)D(0.00)L(0.00)Q(0.00)E(0.00)N(0.00)F(0.00)C(0.00)R(0.00)	Y(0)P(0)H(0)K(0)P(0)E(0)I(0)N(0)S(0)T(0)T(0)H(0)P(0)G(0)A(0)D(0)L(0)Q(0)E(0)N(0)F(0)C(0)R(0)	33.435974	11	0	0	33.435974	11	9.082366	0	0	0	0	FALSE	FALSE	FALSE	sp|P00734|THRB_HUMAN	P00734	THRB_HUMAN	F2	Prothrombin		"tr|C9JV37|C9JV37_HUMAN, tr|E9PIT3|E9PIT3_HUMAN"	24765	2436.373	24938	2210.256	2478.936	25.172	143
240419_ES_R00006_MG_c00001_SA_NPB_3_i2.24809.24809.5	D:\SHARE\Tim\25-12-03_GD_Dataset\GD_dataset\NPB_3_i2\interact.pep.xml	YPHKPEINSTTHPGADLQENFCR	YPHKPEIN[2028]STTHPGADLQENFCR	ECQLWRSR.YPHKPEINSTTHPGADLQENFCR.NPDSSTTG	R	N	23	5	2425.888	4623.9263	4623.9336	925.7925	925.794	4623.9326	925.7938	9.00E-04	1.13E-09	19.731	7.97	1	0	2	1	136	158	0	"8N(1913.6770),22C(57.0215)"	NA	HexNAc(4)Hex(5)NeuAc(1) % 1913.6770	5.69	0	YPHKPEInSTTHPGADLQENFCR	Y(0.00)P(0.00)H(0.00)K(0.00)P(0.00)E(0.00)I(0.00)N(19.73)S(0.00)T(0.00)T(0.00)H(0.00)P(0.00)G(0.00)A(0.00)D(0.00)L(0.00)Q(0.00)E(0.00)N(0.00)F(0.00)C(0.00)R(0.00)	N8	1	Y(0.00)P(0.00)H(0.00)K(0.00)P(0.00)E(0.00)I(0.00)N(4.28)S(0.00)T(0.00)T(0.00)H(0.00)P(0.00)G(0.00)A(0.00)D(0.00)L(0.00)Q(0.00)E(0.00)N(0.00)F(0.00)C(0.00)R(0.00)	Y(0)P(0)H(0)K(0)P(0)E(0)I(0)N(0)S(0)T(0)T(0)H(0)P(0)G(0)A(0)D(0)L(0)Q(0)E(0)N(0)F(0)C(0)R(0)	19.7312	9	0	0	19.7312	9	4.27736	0	0	0	0	FALSE	FALSE	FALSE	sp|P00734|THRB_HUMAN	P00734	THRB_HUMAN	F2	Prothrombin		"tr|C9JV37|C9JV37_HUMAN, tr|E9PIT3|E9PIT3_HUMAN"	24765	0	0	0	0	0	0
240419_ES_R00006_MG_c00001_SA_NPB_3_i2.24815.24815.3	D:\SHARE\Tim\25-12-03_GD_Dataset\GD_dataset\NPB_3_i2\interact.pep.xml	YPHKPEINSTTHPGADLQENFCR	YPHKPEIN[2319]STTHPGADLQENFCR	ECQLWRSR.YPHKPEINSTTHPGADLQENFCR.NPDSSTTG	R	N	23	3	2426.303	4915.0376	4915.0376	1639.3531	1639.3531	4915.0283	1639.3501	0.0095	4.61E-12	29.028	6.671	1	0	2	1	136	158	102285544	"8N(2204.7725),22C(57.0215)"	NA	HexNAc(4)Hex(5)NeuAc(2) % 2204.7724	1.85	0	YPHKPEInSTTHPGADLQENFCR	Y(0.00)P(0.00)H(0.00)K(0.00)P(0.00)E(0.00)I(0.00)N(29.03)S(0.00)T(0.00)T(0.00)H(0.00)P(0.00)G(0.00)A(0.00)D(0.00)L(0.00)Q(0.00)E(0.00)N(0.00)F(0.00)C(0.00)R(0.00)	N8	1	Y(0.00)P(0.00)H(0.00)K(0.00)P(0.00)E(0.00)I(0.00)N(6.51)S(0.00)T(0.00)T(0.00)H(0.00)P(0.00)G(0.00)A(0.00)D(0.00)L(0.00)Q(0.00)E(0.00)N(0.00)F(0.00)C(0.00)R(0.00)	Y(0)P(0)H(0)K(0)P(0)E(0)I(0)N(0)S(0)T(0)T(0)H(0)P(0)G(0)A(0)D(0)L(0)Q(0)E(0)N(0)F(0)C(0)R(0)	29.028011	11	0	0	29.028011	11	6.506752	0	0	0	0	FALSE	FALSE	FALSE	sp|P00734|THRB_HUMAN	P00734	THRB_HUMAN	F2	Prothrombin		"tr|C9JV37|C9JV37_HUMAN, tr|E9PIT3|E9PIT3_HUMAN"	24765	2436.373	24938	2417.2961	2465.7012	15.496	31
240419_ES_R00006_MG_c00001_SA_NPB_3_i2.24846.24846.3	D:\SHARE\Tim\25-12-03_GD_Dataset\GD_dataset\NPB_3_i2\interact.pep.xml	GTAGNALMDGASQLMGENR	GTAGNALM[147]DGASQLM[147]GEN[2028]R	QISVNKYR.GTAGNALMDGASQLMGENR.TMTIHNGM	R	T	19	3	2428.7156	3837.5266	3837.5176	1280.1828	1280.1798	3837.5183	1280.1801	-9.00E-04	0.000178238	24.496	15.408	1	0	2	0	377	395	27126550	"8M(15.9949),15M(15.9949),18N(1913.6770)"	NA	HexNAc(4)Hex(5)NeuAc(1) % 1913.6770	6.67	0	GTAGNALMDGASQLMGEnR	G(0.00)T(0.00)A(0.00)G(0.00)N(0.00)A(0.00)L(0.00)M(0.00)D(0.00)G(0.00)A(0.00)S(0.00)Q(0.00)L(0.00)M(0.00)G(0.00)E(0.00)N(24.50)R(0.00)	N18	1	G(0.00)T(0.00)A(0.00)G(0.00)N(0.00)A(0.00)L(0.00)M(0.00)D(0.00)G(0.00)A(0.00)S(0.00)Q(0.00)L(0.00)M(0.00)G(0.00)E(0.00)N(20.22)R(0.00)	G(0)T(0)A(0)G(0)N(0)A(0)L(0)M(0)D(0)G(0)A(0)S(0)Q(0)L(0)M(0)G(0)E(0)N(4)R(0)	24.496561	6	0	0	15.408318	2	20.215696	4	0	0	0	FALSE	FALSE	FALSE	sp|P02675|FIBB_HUMAN	P02675	FIBB_HUMAN	FGB	Fibrinogen beta chain		tr|D6REL8|D6REL8_HUMAN	24824	2433.0452	24896	2359.163	2439.4282	41.33	39
240419_ES_R00006_MG_c00001_SA_NPB_3_i2.24848.24848.4	D:\SHARE\Tim\25-12-03_GD_Dataset\GD_dataset\NPB_3_i2\interact.pep.xml	GTAGNALMDGASQLMGENR	GTAGNALM[147]DGASQLM[147]GEN[2028]R	QISVNKYR.GTAGNALMDGASQLMGENR.TMTIHNGM	R	T	19	4	2428.9783	3837.527	3837.521	960.389	960.3875	3837.5183	960.3868	0.0026	1.63E-11	35.041	15.668	1	0	2	0	377	395	30799704	"8M(15.9949),15M(15.9949),18N(1913.6770)"	NA	HexNAc(4)Hex(5)NeuAc(1) % 1913.6770	4.21	0	GTAGNALMDGASQLMGEnR	G(0.00)T(0.00)A(0.00)G(0.00)N(0.00)A(0.00)L(0.00)M(0.00)D(0.00)G(0.00)A(0.00)S(0.00)Q(0.00)L(0.00)M(0.00)G(0.00)E(0.00)N(35.04)R(0.00)	N18	1	G(0.00)T(0.00)A(0.00)G(0.00)N(0.00)A(0.00)L(0.00)M(0.00)D(0.00)G(0.00)A(0.00)S(0.00)Q(0.00)L(0.00)M(0.00)G(0.00)E(0.00)N(28.18)R(0.00)	G(0)T(0)A(0)G(0)N(0)A(0)L(0)M(0)D(0)G(0)A(0)S(0)Q(0)L(0)M(0)G(0)E(0)N(7)R(0)	35.041336	11	0	0	20.351185	5	28.182562	7	0	0	0	FALSE	FALSE	FALSE	sp|P02675|FIBB_HUMAN	P02675	FIBB_HUMAN	FGB	Fibrinogen beta chain		tr|D6REL8|D6REL8_HUMAN	24824	2428.7012	24845	2359.163	2443.131	41.33	40
240419_ES_R00006_MG_c00001_SA_NPB_3_i2.24873.24873.3	D:\SHARE\Tim\25-12-03_GD_Dataset\GD_dataset\NPB_3_i2\interact.pep.xml	NGSLFAFR	N[1737]GSLFAFR	FDAFTDLK.NGSLFAFR.GQYCYELD	K	G	8	3	2431.1663	2533.051	2533.0464	845.3576	845.3561	2533.0476	845.3564	-0.0012	2.42E-06	29.966	0	1	0	2	0	169	176	1022948420	1N(1622.5815)	NA	HexNAc(4)Hex(5) % 1622.5816	4.25	0	nGSLFAFR	N(28.31)G(0.00)S(0.00)L(0.00)F(0.00)A(0.00)F(0.00)R(0.00)	N1	1	N(12.27)G(0.00)S(0.00)L(0.00)F(0.00)A(0.00)F(0.00)R(0.00)	N(0)G(0)S(0)L(0)F(0)A(0)F(0)R(0)	28.310232	7	0	0	29.966936	9	12.273293	0	0	0	0	FALSE	FALSE	TRUE	sp|P04004|VTNC_HUMAN	P04004	VTNC_HUMAN	VTN	Vitronectin			24845	2445.811	25056	2425.5422	2515.8801	16.54	47
240419_ES_R00006_MG_c00001_SA_NPB_3_i2.24883.24883.3	D:\SHARE\Tim\25-12-03_GD_Dataset\GD_dataset\NPB_3_i2\interact.pep.xml	GTAGNALMDGASQLMGENR	GTAGNALM[147]DGASQLM[147]GEN[2028]R	QISVNKYR.GTAGNALMDGASQLMGENR.TMTIHNGM	R	T	19	3	2432.0764	3837.5234	3837.5178	1280.1817	1280.1799	3837.5183	1280.1801	-5.00E-04	0.007775887	17.937	11.47	0.9984	0	2	0	377	395	18293158	"8M(15.9949),15M(15.9949),18N(1913.6770)"	NA	HexNAc(4)Hex(5)NeuAc(1) % 1913.6770	6.07	0	GTAGNALMDGASQLMGEnR	G(0.00)T(0.00)A(0.00)G(0.00)N(0.00)A(0.00)L(0.00)M(0.00)D(0.00)G(0.00)A(0.00)S(0.00)Q(0.00)L(0.00)M(0.00)G(0.00)E(0.00)N(17.94)R(0.00)	N18	1	G(0.00)T(0.00)A(0.00)G(0.00)N(0.00)A(0.00)L(0.00)M(0.00)D(0.00)G(0.00)A(0.00)S(0.00)Q(0.00)L(0.00)M(0.00)G(0.00)E(0.00)N(11.52)R(0.00)	G(0)T(0)A(0)G(0)N(0)A(0)L(0)M(0)D(0)G(0)A(0)S(0)Q(0)L(0)M(0)G(0)E(0)N(2)R(0)	17.937614	6	0	0	15.964925	5	11.517767	2	0	0	0	FALSE	FALSE	FALSE	sp|P02675|FIBB_HUMAN	P02675	FIBB_HUMAN	FGB	Fibrinogen beta chain		tr|D6REL8|D6REL8_HUMAN	24861	2435.3982	24926	2361.016	2440.625	41.33	40
240419_ES_R00006_MG_c00001_SA_NPB_3_i2.24885.24885.4	D:\SHARE\Tim\25-12-03_GD_Dataset\GD_dataset\NPB_3_i2\interact.pep.xml	GTAGNALMDGASQLMGENR	GTAGNALM[147]DGASQLM[147]GEN[2028]R	QISVNKYR.GTAGNALMDGASQLMGENR.TMTIHNGM	R	T	19	4	2432.213	3837.5273	3837.5195	960.3891	960.3872	3837.5183	960.3868	0.0012	2.10E-13	40.73	14.966	1	0	2	0	377	395	18564900	"8M(15.9949),15M(15.9949),18N(1913.6770)"	NA	HexNAc(4)Hex(5)NeuAc(1) % 1913.6770	4.45	0	GTAGNALMDGASQLMGEnR	G(0.00)T(0.00)A(0.00)G(0.00)N(0.00)A(0.00)L(0.00)M(0.00)D(0.00)G(0.00)A(0.00)S(0.00)Q(0.00)L(0.00)M(0.00)G(0.00)E(0.00)N(40.73)R(0.00)	N18	1	G(0.00)T(0.00)A(0.00)G(0.00)N(0.00)A(0.00)L(0.00)M(0.00)D(0.00)G(0.00)A(0.00)S(0.00)Q(0.00)L(0.00)M(0.00)G(0.00)E(0.00)N(30.83)R(0.00)	G(0)T(0)A(0)G(0)N(0)A(0)L(0)M(0)D(0)G(0)A(0)S(0)Q(0)L(0)M(0)G(0)E(0)N(8)R(0)	40.73058	14	0	0	23.32265	7	30.82965	8	0	0	0	FALSE	FALSE	FALSE	sp|P02675|FIBB_HUMAN	P02675	FIBB_HUMAN	FGB	Fibrinogen beta chain		tr|D6REL8|D6REL8_HUMAN	24861	2435.3982	24926	2361.016	2452.7002	41.33	44
240419_ES_R00006_MG_c00001_SA_NPB_3_i2.24899.24899.4	D:\SHARE\Tim\25-12-03_GD_Dataset\GD_dataset\NPB_3_i2\interact.pep.xml	NNATVHEQVGGPSLTSDLQAQSK	NN[2028]ATVHEQVGGPSLTSDLQAQSK	VYDDGEEK.NNATVHEQVGGPSLTSDLQAQSK.GNPEQTPV	K	G	23	4	2433.322	4293.8433	4293.8403	1074.4681	1074.4674	4293.8389	1074.467	0.0013	1.20E-08	39.165	9.169	1	0	2	0	85	107	189856080	2N(1913.6770)	NA	HexNAc(4)Hex(5)NeuAc(1) % 1913.6770	4.93	0	NnATVHEQVGGPSLTSDLQAQSK	N(0.00)N(39.17)A(0.00)T(0.00)V(0.00)H(0.00)E(0.00)Q(0.00)V(0.00)G(0.00)G(0.00)P(0.00)S(0.00)L(0.00)T(0.00)S(0.00)D(0.00)L(0.00)Q(0.00)A(0.00)Q(0.00)S(0.00)K(0.00)	N2	1	N(0.00)N(12.99)A(0.00)T(0.00)V(0.00)H(0.00)E(0.00)Q(0.00)V(0.00)G(0.00)G(0.00)P(0.00)S(0.00)L(0.00)T(0.00)S(0.00)D(0.00)L(0.00)Q(0.00)A(0.00)Q(0.00)S(0.00)K(0.00)	N(0)N(3)A(0)T(0)V(0)H(0)E(0)Q(0)V(0)G(0)G(0)P(0)S(0)L(0)T(0)S(0)D(0)L(0)Q(0)A(0)Q(0)S(0)K(0)	39.16507	14	0	0	39.07776	14	12.989474	3	0	0	0	FALSE	FALSE	FALSE	sp|P04004|VTNC_HUMAN	P04004	VTNC_HUMAN	VTN	Vitronectin		tr|F5GX75|F5GX75_HUMAN	24880	2410.7822	24611	2104.417	2620.131	29.693	269
240419_ES_R00006_MG_c00001_SA_NPB_3_i2.24900.24900.3	D:\SHARE\Tim\25-12-03_GD_Dataset\GD_dataset\NPB_3_i2\interact.pep.xml	NNATVHEQVGGPSLTSDLQAQSK	NN[2028]ATVHEQVGGPSLTSDLQAQSK	VYDDGEEK.NNATVHEQVGGPSLTSDLQAQSK.GNPEQTPV	K	G	23	3	2433.3901	4293.8433	4293.8384	1432.2884	1432.2867	4293.8389	1432.287	-5.00E-04	8.98E-11	26.113	11.07	1	0	2	0	85	107	75277872	2N(1913.6770)	NA	HexNAc(4)Hex(5)NeuAc(1) % 1913.6770	4.42	0	NnATVHEQVGGPSLTSDLQAQSK	N(0.00)N(24.95)A(0.00)T(0.00)V(0.00)H(0.00)E(0.00)Q(0.00)V(0.00)G(0.00)G(0.00)P(0.00)S(0.00)L(0.00)T(0.00)S(0.00)D(0.00)L(0.00)Q(0.00)A(0.00)Q(0.00)S(0.00)K(0.00)	N2	1	N(0.00)N(9.28)A(0.00)T(0.00)V(0.00)H(0.00)E(0.00)Q(0.00)V(0.00)G(0.00)G(0.00)P(0.00)S(0.00)L(0.00)T(0.00)S(0.00)D(0.00)L(0.00)Q(0.00)A(0.00)Q(0.00)S(0.00)K(0.00)	N(0)N(1)A(0)T(0)V(0)H(0)E(0)Q(0)V(0)G(0)G(0)P(0)S(0)L(0)T(0)S(0)D(0)L(0)Q(0)A(0)Q(0)S(0)K(0)	24.953047	8	0	0	26.113651	9	9.280525	1	0	0	0	FALSE	FALSE	FALSE	sp|P04004|VTNC_HUMAN	P04004	VTNC_HUMAN	VTN	Vitronectin		tr|F5GX75|F5GX75_HUMAN	24880	2425.5422	24805	2140.5442	2526.9102	33.782	196
240419_ES_R00006_MG_c00001_SA_NPB_3_i2.24928.24928.5	D:\SHARE\Tim\25-12-03_GD_Dataset\GD_dataset\NPB_3_i2\interact.pep.xml	YPHKPEINSTTHPGADLQENFCR	YPHKPEIN[2028]STTHPGADLQENFCR	ECQLWRSR.YPHKPEINSTTHPGADLQENFCR.NPDSSTTG	R	N	23	5	2435.6067	4623.8584	4623.87	925.779	925.7813	4623.9326	925.7938	-0.0625	0.000110408	22.328	0	1	0	2	1	136	158	0	"8N(1913.6770),22C(57.0215)"	NA	HexNAc(4)Hex(5)NeuAc(1) % 1913.6770	1.29	0	YPHKPEInSTTHPGADLQENFCR	Y(0.00)P(0.00)H(0.00)K(0.00)P(0.00)E(0.00)I(0.00)N(22.33)S(0.00)T(0.00)T(0.00)H(0.00)P(0.00)G(0.00)A(0.00)D(0.00)L(0.00)Q(0.00)E(0.00)N(0.00)F(0.00)C(0.00)R(0.00)	N8	1	Y(0.00)P(0.00)H(0.00)K(0.00)P(0.00)E(0.00)I(0.00)N(5.89)S(0.00)T(0.00)T(0.00)H(0.00)P(0.00)G(0.00)A(0.00)D(0.00)L(0.00)Q(0.00)E(0.00)N(0.00)F(0.00)C(0.00)R(0.00)	Y(0)P(0)H(0)K(0)P(0)E(0)I(0)N(0)S(0)T(0)T(0)H(0)P(0)G(0)A(0)D(0)L(0)Q(0)E(0)N(0)F(0)C(0)R(0)	22.328371	9	0	0	22.328371	9	5.890677	0	0	0	0	FALSE	FALSE	FALSE	sp|P00734|THRB_HUMAN	P00734	THRB_HUMAN	F2	Prothrombin		"tr|C9JV37|C9JV37_HUMAN, tr|E9PIT3|E9PIT3_HUMAN"	24911	0	0	0	0	0	0
240419_ES_R00006_MG_c00001_SA_NPB_3_i2.24942.24942.3	D:\SHARE\Tim\25-12-03_GD_Dataset\GD_dataset\NPB_3_i2\interact.pep.xml	FSDGLESNSSTQFEVK	FSDGLESN[1979]SSTQFEVK	GTWKISAR.FSDGLESNSSTQFEVK.KYVLPNFE	R	K	16	3	2436.7185	3638.4346	3638.4365	1213.8188	1213.8194	3638.4399	1213.8206	-0.0033	2.70E-10	46.772	7.751	1	0	2	0	219	234	54104372	8N(1864.6342)	NA	HexNAc(2)Hex(9) % 1864.6341	4.52	0	FSDGLESnSSTQFEVK	F(0.00)S(0.00)D(0.00)G(0.00)L(0.00)E(0.00)S(0.00)N(33.92)S(0.00)S(0.00)T(0.00)Q(0.00)F(0.00)E(0.00)V(0.00)K(0.00)	N8	1	F(0.00)S(0.00)D(0.00)G(0.00)L(0.00)E(0.00)S(0.00)N(11.52)S(0.00)S(0.00)T(0.00)Q(0.00)F(0.00)E(0.00)V(0.00)K(0.00)	F(0)S(0)D(0)G(0)L(0)E(0)S(0)N(0)S(0)S(0)T(0)Q(0)F(0)E(0)V(0)K(0)	33.915863	11	0	0	46.772438	16	11.5199795	0	0	0	0	FALSE	FALSE	FALSE	sp|P0C0L4|CO4A_HUMAN	P0C0L4	CO4A_HUMAN	C4A	Complement C4-A	C4B	"sp|P0C0L5|CO4B_HUMAN, tr|A0A0G2JPR0|A0A0G2JPR0_HUMAN, tr|A0A140TA49|A0A140TA49_HUMAN, tr|F5GXS0|F5GXS0_HUMAN"	24926	2427.0562	24824	2385.875	2512.854	26.206001	67
240419_ES_R00006_MG_c00001_SA_NPB_3_i2.24977.24977.5	D:\SHARE\Tim\25-12-03_GD_Dataset\GD_dataset\NPB_3_i2\interact.pep.xml	SRYPHKPEINSTTHPGADLQENFCR	SRYPHKPEIN[2319]STTHPGADLQENFCR	GIECQLWR.SRYPHKPEINSTTHPGADLQENFCR.NPDSSTTG	R	N	25	5	2439.443	5160.1616	5160.1562	1033.0396	1033.0385	5158.1611	1032.6395	1.9949	0.03727065	16.614	10.308	0.9774	0.000230947	2	2	134	158	197707632	"10N(2204.7725),24C(57.0215)"	NA	HexNAc(4)Hex(5)NeuAc(2) % 2204.7724	1.4	0	SRYPHKPEInSTTHPGADLQENFCR	S(0.00)R(0.00)Y(0.00)P(0.00)H(0.00)K(0.00)P(0.00)E(0.00)I(0.00)N(16.61)S(0.00)T(0.00)T(0.00)H(0.00)P(0.00)G(0.00)A(0.00)D(0.00)L(0.00)Q(0.00)E(0.00)N(0.00)F(0.00)C(0.00)R(0.00)	N10	1	S(0.00)R(0.00)Y(0.00)P(0.00)H(0.00)K(0.00)P(0.00)E(0.00)I(0.00)N(0.00)S(0.00)T(0.00)T(0.00)H(0.00)P(0.00)G(0.00)A(0.00)D(0.00)L(0.00)Q(0.00)E(0.00)N(0.00)F(0.00)C(0.00)R(0.00)	S(0)R(0)Y(0)P(0)H(0)K(0)P(0)E(0)I(0)N(0)S(0)T(0)T(0)H(0)P(0)G(0)A(0)D(0)L(0)Q(0)E(0)N(0)F(0)C(0)R(0)	16.614552	10	0	0	16.614552	10	0	0	0	0	0	FALSE	FALSE	FALSE	sp|P00734|THRB_HUMAN	P00734	THRB_HUMAN	F2	Prothrombin		"tr|C9JV37|C9JV37_HUMAN, tr|E9PIT3|E9PIT3_HUMAN"	24967	2422.6401	24765	2177.7031	2512.854	33.672	166
240419_ES_R00006_MG_c00001_SA_NPB_3_i2.24981.24981.3	D:\SHARE\Tim\25-12-03_GD_Dataset\GD_dataset\NPB_3_i2\interact.pep.xml	EHEGAIYPDNTTDFQR	EHEGAIYPDN[2319]TTDFQR	SHGITYYK.EHEGAIYPDNTTDFQR.ADDKVYPG	K	A	16	3	2439.8486	4096.6143	4096.607	1366.5454	1366.5429	4096.606	1366.5426	0.001	6.34E-06	27.293	0	1	0	2	0	129	144	127193448	10N(2204.7725)	NA	HexNAc(4)Hex(5)NeuAc(2) % 2204.7724	6.23	0	EHEGAIYPDnTTDFQR	E(0.00)H(0.00)E(0.00)G(0.00)A(0.00)I(0.00)Y(0.00)P(0.00)D(0.00)N(27.29)T(0.00)T(0.00)D(0.00)F(0.00)Q(0.00)R(0.00)	N10	1	E(0.00)H(0.00)E(0.00)G(0.00)A(0.00)I(0.00)Y(0.00)P(0.00)D(0.00)N(14.84)T(0.00)T(0.00)D(0.00)F(0.00)Q(0.00)R(0.00)	E(0)H(0)E(0)G(0)A(0)I(0)Y(0)P(0)D(0)N(2)T(0)T(0)D(0)F(0)Q(0)R(0)	27.293266	9	0	0	24.994205	8	14.837404	2	0	0	0	FALSE	FALSE	FALSE	sp|P00450|CERU_HUMAN	P00450	CERU_HUMAN	CP	Ceruloplasmin		tr|E9PFZ2|E9PFZ2_HUMAN	24967	2448.36	25086	2434.216	2483.632	27.319002	28
240419_ES_R00006_MG_c00001_SA_NPB_3_i2.24995.24995.4	D:\SHARE\Tim\25-12-03_GD_Dataset\GD_dataset\NPB_3_i2\interact.pep.xml	NNATVHEQVGGPSLTSDLQAQSK	NN[2319]ATVHEQVGGPSLTSDLQAQSK	VYDDGEEK.NNATVHEQVGGPSLTSDLQAQSK.GNPEQTPV	K	G	23	4	2440.971	4584.939	4584.9365	1147.242	1147.2414	4584.9346	1147.241	0.0022	1.03E-11	40.495	25.669	1	0	2	0	85	107	29923136	2N(2204.7725)	NA	HexNAc(4)Hex(5)NeuAc(2) % 2204.7724	6.45	0	NnATVHEQVGGPSLTSDLQAQSK	N(0.00)N(38.97)A(0.00)T(0.00)V(0.00)H(0.00)E(0.00)Q(0.00)V(0.00)G(0.00)G(0.00)P(0.00)S(0.00)L(0.00)T(0.00)S(0.00)D(0.00)L(0.00)Q(0.00)A(0.00)Q(0.00)S(0.00)K(0.00)	N2	1	N(0.00)N(11.82)A(0.00)T(0.00)V(0.00)H(0.00)E(0.00)Q(0.00)V(0.00)G(0.00)G(0.00)P(0.00)S(0.00)L(0.00)T(0.00)S(0.00)D(0.00)L(0.00)Q(0.00)A(0.00)Q(0.00)S(0.00)K(0.00)	N(0)N(1)A(0)T(0)V(0)H(0)E(0)Q(0)V(0)G(0)G(0)P(0)S(0)L(0)T(0)S(0)D(0)L(0)Q(0)A(0)Q(0)S(0)K(0)	38.969498	12	0	0	40.495743	13	11.824541	1	0	0	0	FALSE	FALSE	FALSE	sp|P04004|VTNC_HUMAN	P04004	VTNC_HUMAN	VTN	Vitronectin		tr|F5GX75|F5GX75_HUMAN	24976	2427.0562	24824	2367.124	3480.4631	38.528004	518
240419_ES_R00006_MG_c00001_SA_NPB_3_i2.25007.25007.4	D:\SHARE\Tim\25-12-03_GD_Dataset\GD_dataset\NPB_3_i2\interact.pep.xml	EHEGAIYPDNTTDFQR	EHEGAIYPDN[2319]TTDFQR	SHGITYYK.EHEGAIYPDNTTDFQR.ADDKVYPG	K	A	16	4	2441.9438	4096.6016	4096.6064	1025.1577	1025.1589	4096.606	1025.1588	5.00E-04	0.000107833	24.369	0	1	0	2	0	129	144	81510960	10N(2204.7725)	NA	HexNAc(4)Hex(5)NeuAc(2) % 2204.7724	6.16	0	EHEGAIYPDnTTDFQR	E(0.00)H(0.00)E(0.00)G(0.00)A(0.00)I(0.00)Y(0.00)P(0.00)D(0.00)N(24.37)T(0.00)T(0.00)D(0.00)F(0.00)Q(0.00)R(0.00)	N10	1	E(0.00)H(0.00)E(0.00)G(0.00)A(0.00)I(0.00)Y(0.00)P(0.00)D(0.00)N(11.58)T(0.00)T(0.00)D(0.00)F(0.00)Q(0.00)R(0.00)	E(0)H(0)E(0)G(0)A(0)I(0)Y(0)P(0)D(0)N(2)T(0)T(0)D(0)F(0)Q(0)R(0)	24.36902	9	0	0	20.252995	7	11.576767	2	0	0	0	FALSE	FALSE	FALSE	sp|P00450|CERU_HUMAN	P00450	CERU_HUMAN	CP	Ceruloplasmin		tr|E9PFZ2|E9PFZ2_HUMAN	24991	2452.7002	25139	2434.216	2465.7012	22.192001	20
240419_ES_R00006_MG_c00001_SA_NPB_3_i2.25010.25010.3	D:\SHARE\Tim\25-12-03_GD_Dataset\GD_dataset\NPB_3_i2\interact.pep.xml	EHEGAIYPDNTTDFQR	EHEGAIYPDN[2319]TTDFQR	SHGITYYK.EHEGAIYPDNTTDFQR.ADDKVYPG	K	A	16	3	2442.1643	4096.6016	4096.606	1366.5411	1366.5426	4096.606	1366.5426	0	2.69E-08	37.778	0	1	0	2	0	129	144	137391584	10N(2204.7725)	NA	HexNAc(4)Hex(5)NeuAc(2) % 2204.7724	10.38	0	EHEGAIYPDnTTDFQR	E(0.00)H(0.00)E(0.00)G(0.00)A(0.00)I(0.00)Y(0.00)P(0.00)D(0.00)N(35.33)T(0.00)T(0.00)D(0.00)F(0.00)Q(0.00)R(0.00)	N10	1	E(0.00)H(0.00)E(0.00)G(0.00)A(0.00)I(0.00)Y(0.00)P(0.00)D(0.00)N(15.40)T(0.00)T(0.00)D(0.00)F(0.00)Q(0.00)R(0.00)	E(0)H(0)E(0)G(0)A(0)I(0)Y(0)P(0)D(0)N(2)T(0)T(0)D(0)F(0)Q(0)R(0)	35.33389	12	0	0	37.7781	13	15.399153	2	0	0	0	FALSE	FALSE	FALSE	sp|P00450|CERU_HUMAN	P00450	CERU_HUMAN	CP	Ceruloplasmin		tr|E9PFZ2|E9PFZ2_HUMAN	24991	2449.1282	25095	2434.216	2472.694	27.319002	24
240419_ES_R00006_MG_c00001_SA_NPB_3_i2.25047.25047.3	D:\SHARE\Tim\25-12-03_GD_Dataset\GD_dataset\NPB_3_i2\interact.pep.xml	GTAGNALMDGASQLMGENR	GTAGNALM[147]DGASQLM[147]GEN[2028]R	QISVNKYR.GTAGNALMDGASQLMGENR.TMTIHNGM	R	T	19	3	2445.0989	3839.5303	3839.5276	1280.8507	1280.8498	3837.5183	1280.1801	2.0092	0.000486127	20.753	14.031	1	0	2	0	377	395	0	"8M(15.9949),15M(15.9949),18N(1913.6770)"	NA	HexNAc(4)Hex(5)NeuAc(1) % 1913.6770	3.17	0	GTAGNALMDGASQLMGEnR	G(0.00)T(0.00)A(0.00)G(0.00)N(0.00)A(0.00)L(0.00)M(0.00)D(0.00)G(0.00)A(0.00)S(0.00)Q(0.00)L(0.00)M(0.00)G(0.00)E(0.00)N(20.75)R(0.00)	N18	1	G(0.00)T(0.00)A(0.00)G(0.00)N(0.00)A(0.00)L(0.00)M(0.00)D(0.00)G(0.00)A(0.00)S(0.00)Q(0.00)L(0.00)M(0.00)G(0.00)E(0.00)N(17.23)R(0.00)	G(0)T(0)A(0)G(0)N(0)A(0)L(0)M(0)D(0)G(0)A(0)S(0)Q(0)L(0)M(0)G(0)E(0)N(3)R(0)	20.753666	5	0	0	14.031515	2	17.225391	3	0	0	0	FALSE	FALSE	FALSE	sp|P02675|FIBB_HUMAN	P02675	FIBB_HUMAN	FGB	Fibrinogen beta chain		tr|D6REL8|D6REL8_HUMAN	25022	0	0	0	0	0	0
240419_ES_R00006_MG_c00001_SA_NPB_3_i2.25063.25063.3	D:\SHARE\Tim\25-12-03_GD_Dataset\GD_dataset\NPB_3_i2\interact.pep.xml	NNATVHEQVGGPSLTSDLQAQSK	NN[2028]ATVHEQVGGPSLTSDLQAQSK	VYDDGEEK.NNATVHEQVGGPSLTSDLQAQSK.GNPEQTPV	K	G	23	3	2446.5386	4293.837	4293.839	1432.2863	1432.2869	4293.8389	1432.287	0	1.01E-05	27.491	0	1	0	2	0	85	107	75277872	2N(1913.6770)	NA	HexNAc(4)Hex(5)NeuAc(1) % 1913.6770	7.73	0	NnATVHEQVGGPSLTSDLQAQSK	N(0.00)N(27.49)A(0.00)T(0.00)V(0.00)H(0.00)E(0.00)Q(0.00)V(0.00)G(0.00)G(0.00)P(0.00)S(0.00)L(0.00)T(0.00)S(0.00)D(0.00)L(0.00)Q(0.00)A(0.00)Q(0.00)S(0.00)K(0.00)	N2	1	N(0.00)N(8.71)A(0.00)T(0.00)V(0.00)H(0.00)E(0.00)Q(0.00)V(0.00)G(0.00)G(0.00)P(0.00)S(0.00)L(0.00)T(0.00)S(0.00)D(0.00)L(0.00)Q(0.00)A(0.00)Q(0.00)S(0.00)K(0.00)	N(0)N(3)A(0)T(0)V(0)H(0)E(0)Q(0)V(0)G(0)G(0)P(0)S(0)L(0)T(0)S(0)D(0)L(0)Q(0)A(0)Q(0)S(0)K(0)	27.49188	12	0	0	27.382044	12	8.709764	3	0	0	0	FALSE	FALSE	FALSE	sp|P04004|VTNC_HUMAN	P04004	VTNC_HUMAN	VTN	Vitronectin		tr|F5GX75|F5GX75_HUMAN	25056	2425.5422	24805	2140.5442	2615.5151	33.782	251
240419_ES_R00006_MG_c00001_SA_NPB_3_i2.25140.25140.5	D:\SHARE\Tim\25-12-03_GD_Dataset\GD_dataset\NPB_3_i2\interact.pep.xml	SRYPHKPEINSTTHPGADLQENFCR	SRYPHKPEIN[2319]STTHPGADLQENFCR	GIECQLWR.SRYPHKPEINSTTHPGADLQENFCR.NPDSSTTG	R	N	25	5	2452.7146	5159.1675	5159.1562	1032.8408	1032.8385	5158.1611	1032.6395	0.9949	0.00840633	18.97	10.407	0.9895	0.000139101	2	2	134	158	0	"10N(2204.7725),24C(57.0215)"	NA	HexNAc(4)Hex(5)NeuAc(2) % 2204.7724	1.48	0	SRYPHKPEInSTTHPGADLQENFCR	S(0.00)R(0.00)Y(0.00)P(0.00)H(0.00)K(0.00)P(0.00)E(0.00)I(0.00)N(18.97)S(0.00)T(0.00)T(0.00)H(0.00)P(0.00)G(0.00)A(0.00)D(0.00)L(0.00)Q(0.00)E(0.00)N(0.00)F(0.00)C(0.00)R(0.00)	N10	1	S(0.00)R(0.00)Y(0.00)P(0.00)H(0.00)K(0.00)P(0.00)E(0.00)I(0.00)N(2.12)S(0.00)T(0.00)T(0.00)H(0.00)P(0.00)G(0.00)A(0.00)D(0.00)L(0.00)Q(0.00)E(0.00)N(0.00)F(0.00)C(0.00)R(0.00)	S(0)R(0)Y(0)P(0)H(0)K(0)P(0)E(0)I(0)N(0)S(0)T(0)T(0)H(0)P(0)G(0)A(0)D(0)L(0)Q(0)E(0)N(0)F(0)C(0)R(0)	18.970093	10	0	0	18.970093	10	2.1186624	0	0	0	0	FALSE	FALSE	FALSE	sp|P00734|THRB_HUMAN	P00734	THRB_HUMAN	F2	Prothrombin		"tr|C9JV37|C9JV37_HUMAN, tr|E9PIT3|E9PIT3_HUMAN"	25126	0	0	0	0	0	0
240419_ES_R00006_MG_c00001_SA_NPB_3_i2.25172.25172.3	D:\SHARE\Tim\25-12-03_GD_Dataset\GD_dataset\NPB_3_i2\interact.pep.xml	FSDGLESNSSTQFEVK	FSDGLESN[1979]SSTQFEVK	GTWKISAR.FSDGLESNSSTQFEVK.KYVLPNFE	R	K	16	3	2455.2197	3638.4453	3638.437	1213.8224	1213.8196	3638.4399	1213.8206	-0.0028	6.65E-09	42.208	6.027	1	0	2	0	219	234	32305256	8N(1864.6342)	NA	HexNAc(2)Hex(9) % 1864.6341	4.68	0	FSDGLESnSSTQFEVK	F(0.00)S(0.00)D(0.00)G(0.00)L(0.00)E(0.00)S(0.00)N(35.46)S(0.00)S(0.00)T(0.00)Q(0.00)F(0.00)E(0.00)V(0.00)K(0.00)	N8	1	F(0.00)S(0.00)D(0.00)G(0.00)L(0.00)E(0.00)S(0.00)N(11.84)S(0.00)S(0.00)T(0.00)Q(0.00)F(0.00)E(0.00)V(0.00)K(0.00)	F(0)S(0)D(0)G(0)L(0)E(0)S(0)N(1)S(0)S(0)T(0)Q(0)F(0)E(0)V(0)K(0)	35.461395	12	0	0	42.208008	14	11.843408	1	0	0	0	FALSE	FALSE	FALSE	sp|P0C0L4|CO4A_HUMAN	P0C0L4	CO4A_HUMAN	C4A	Complement C4-A	C4B	"sp|P0C0L5|CO4B_HUMAN, tr|A0A0G2JPR0|A0A0G2JPR0_HUMAN, tr|A0A140TA49|A0A140TA49_HUMAN, tr|F5GXS0|F5GXS0_HUMAN"	25157	2445.811	25056	2385.875	2512.854	26.206001	67
240419_ES_R00006_MG_c00001_SA_NPB_3_i2.25189.25189.3	D:\SHARE\Tim\25-12-03_GD_Dataset\GD_dataset\NPB_3_i2\interact.pep.xml	NNATVHEQVGGPSLTSDLQAQSK	NN[2174]ATVHEQVGGPSLTSDLQAQSK	VYDDGEEK.NNATVHEQVGGPSLTSDLQAQSK.GNPEQTPV	K	G	23	3	2456.516	4442.9004	4442.9043	1481.9741	1481.9754	4439.8965	1480.9728	3.0076	0.03315675	12.754	0	0.9395	0.000230947	2	0	85	107	0	2N(2059.7349)	NA	HexNAc(4)Hex(5)Fuc(1)NeuAc(1) % 2059.7349	-0.99	0.000597015	NnATVHEQVGGPSLTSDLQAQSK	N(0.00)N(12.75)A(0.00)T(0.00)V(0.00)H(0.00)E(0.00)Q(0.00)V(0.00)G(0.00)G(0.00)P(0.00)S(0.00)L(0.00)T(0.00)S(0.00)D(0.00)L(0.00)Q(0.00)A(0.00)Q(0.00)S(0.00)K(0.00)	N2	1	N(0.00)N(5.41)A(0.00)T(0.00)V(0.00)H(0.00)E(0.00)Q(0.00)V(0.00)G(0.00)G(0.00)P(0.00)S(0.00)L(0.00)T(0.00)S(0.00)D(0.00)L(0.00)Q(0.00)A(0.00)Q(0.00)S(0.00)K(0.00)	N(0)N(0)A(0)T(0)V(0)H(0)E(0)Q(0)V(0)G(0)G(0)P(0)S(0)L(0)T(0)S(0)D(0)L(0)Q(0)A(0)Q(0)S(0)K(0)	12.754008	4	0	0	12.754008	4	5.413778	0	0	0	0	FALSE	FALSE	FALSE	sp|P04004|VTNC_HUMAN	P04004	VTNC_HUMAN	VTN	Vitronectin		tr|F5GX75|F5GX75_HUMAN	25157	0	0	0	0	0	0
240419_ES_R00006_MG_c00001_SA_NPB_3_i2.25214.25214.3	D:\SHARE\Tim\25-12-03_GD_Dataset\GD_dataset\NPB_3_i2\interact.pep.xml	NNATVHEQVGGPSLTSDLQAQSK	NN[2319]ATVHEQVGGPSLTSDLQAQSK	VYDDGEEK.NNATVHEQVGGPSLTSDLQAQSK.GNPEQTPV	K	G	23	3	2458.397	4584.948	4584.945	1529.3233	1529.3223	4584.9346	1529.3188	0.0105	0.003683408	18.235	0	0.9994	0	2	0	85	107	0	2N(2204.7725)	NA	HexNAc(4)Hex(5)NeuAc(2) % 2204.7724	2.88	0	NnATVHEQVGGPSLTSDLQAQSK	N(0.00)N(18.24)A(0.00)T(0.00)V(0.00)H(0.00)E(0.00)Q(0.00)V(0.00)G(0.00)G(0.00)P(0.00)S(0.00)L(0.00)T(0.00)S(0.00)D(0.00)L(0.00)Q(0.00)A(0.00)Q(0.00)S(0.00)K(0.00)	N2	1	N(0.00)N(10.04)A(0.00)T(0.00)V(0.00)H(0.00)E(0.00)Q(0.00)V(0.00)G(0.00)G(0.00)P(0.00)S(0.00)L(0.00)T(0.00)S(0.00)D(0.00)L(0.00)Q(0.00)A(0.00)Q(0.00)S(0.00)K(0.00)	N(0)N(0)A(0)T(0)V(0)H(0)E(0)Q(0)V(0)G(0)G(0)P(0)S(0)L(0)T(0)S(0)D(0)L(0)Q(0)A(0)Q(0)S(0)K(0)	18.235863	4	0	0	18.235863	4	10.038687	0	0	0	0	FALSE	FALSE	FALSE	sp|P04004|VTNC_HUMAN	P04004	VTNC_HUMAN	VTN	Vitronectin		tr|F5GX75|F5GX75_HUMAN	25171	0	0	0	0	0	0
240419_ES_R00006_MG_c00001_SA_NPB_3_i2.25220.25220.3	D:\SHARE\Tim\25-12-03_GD_Dataset\GD_dataset\NPB_3_i2\interact.pep.xml	NNATVHEQVGGPSLTSDLQAQSK	NN[2174]ATVHEQVGGPSLTSDLQAQSK	VYDDGEEK.NNATVHEQVGGPSLTSDLQAQSK.GNPEQTPV	K	G	23	3	2458.8062	4440.922	4440.901	1481.3146	1481.3076	4439.8965	1480.9728	1.0042	0.0358922	15.28	7.429	0.9191	0.000230947	2	0	85	107	0	2N(2059.7349)	NA	HexNAc(4)Hex(5)Fuc(1)NeuAc(1) % 2059.7349	1.39	0	NnATVHEQVGGPSLTSDLQAQSK	N(0.00)N(15.28)A(0.00)T(0.00)V(0.00)H(0.00)E(0.00)Q(0.00)V(0.00)G(0.00)G(0.00)P(0.00)S(0.00)L(0.00)T(0.00)S(0.00)D(0.00)L(0.00)Q(0.00)A(0.00)Q(0.00)S(0.00)K(0.00)	N2	1	N(0.00)N(9.16)A(0.00)T(0.00)V(0.00)H(0.00)E(0.00)Q(0.00)V(0.00)G(0.00)G(0.00)P(0.00)S(0.00)L(0.00)T(0.00)S(0.00)D(0.00)L(0.00)Q(0.00)A(0.00)Q(0.00)S(0.00)K(0.00)	N(0)N(0)A(0)T(0)V(0)H(0)E(0)Q(0)V(0)G(0)G(0)P(0)S(0)L(0)T(0)S(0)D(0)L(0)Q(0)A(0)Q(0)S(0)K(0)	15.280371	3	0	0	15.280371	3	9.158659	0	0	0	0	FALSE	FALSE	FALSE	sp|P04004|VTNC_HUMAN	P04004	VTNC_HUMAN	VTN	Vitronectin		tr|F5GX75|F5GX75_HUMAN	25171	0	0	0	0	0	0
240419_ES_R00006_MG_c00001_SA_NPB_3_i2.25244.25244.3	D:\SHARE\Tim\25-12-03_GD_Dataset\GD_dataset\NPB_3_i2\interact.pep.xml	NNATVHEQVGGPSLTSDLQAQSK	NN[2319]ATVHEQVGGPSLTSDLQAQSK	VYDDGEEK.NNATVHEQVGGPSLTSDLQAQSK.GNPEQTPV	K	G	23	3	2460.5984	4585.9287	4585.9404	1529.6502	1529.6541	4584.9346	1529.3188	1.0061	5.48E-09	24.563	9.147	1	0	2	0	85	107	15681293	2N(2204.7725)	NA	HexNAc(4)Hex(5)NeuAc(2) % 2204.7724	4.61	0	NnATVHEQVGGPSLTSDLQAQSK	N(0.00)N(22.84)A(0.00)T(0.00)V(0.00)H(0.00)E(0.00)Q(0.00)V(0.00)G(0.00)G(0.00)P(0.00)S(0.00)L(0.00)T(0.00)S(0.00)D(0.00)L(0.00)Q(0.00)A(0.00)Q(0.00)S(0.00)K(0.00)	N2	1	N(0.00)N(9.85)A(0.00)T(0.00)V(0.00)H(0.00)E(0.00)Q(0.00)V(0.00)G(0.00)G(0.00)P(0.00)S(0.00)L(0.00)T(0.00)S(0.00)D(0.00)L(0.00)Q(0.00)A(0.00)Q(0.00)S(0.00)K(0.00)	N(0)N(0)A(0)T(0)V(0)H(0)E(0)Q(0)V(0)G(0)G(0)P(0)S(0)L(0)T(0)S(0)D(0)L(0)Q(0)A(0)Q(0)S(0)K(0)	22.840197	6	0	0	24.563143	7	9.846549	0	0	0	0	FALSE	FALSE	FALSE	sp|P04004|VTNC_HUMAN	P04004	VTNC_HUMAN	VTN	Vitronectin		tr|F5GX75|F5GX75_HUMAN	25201	2483.632	25531	2447.2412	2500.124	30.267002	19
240419_ES_R00006_MG_c00001_SA_NPB_3_i2.25260.25260.5	D:\SHARE\Tim\25-12-03_GD_Dataset\GD_dataset\NPB_3_i2\interact.pep.xml	SRYPHKPEINSTTHPGADLQENFCR	SRYPHKPEIN[2319]STTHPGADLQENFCR	GIECQLWR.SRYPHKPEINSTTHPGADLQENFCR.NPDSSTTG	R	N	25	5	2461.8372	5158.1523	5158.1436	1032.6377	1032.636	5158.1611	1032.6395	-0.0178	7.80E-05	19.452	9.982	1	0	2	2	134	158	55419580	"10N(2204.7725),24C(57.0215)"	NA	HexNAc(4)Hex(5)NeuAc(2) % 2204.7724	1.92	0	SRYPHKPEInSTTHPGADLQENFCR	S(0.00)R(0.00)Y(0.00)P(0.00)H(0.00)K(0.00)P(0.00)E(0.00)I(0.00)N(19.45)S(0.00)T(0.00)T(0.00)H(0.00)P(0.00)G(0.00)A(0.00)D(0.00)L(0.00)Q(0.00)E(0.00)N(0.00)F(0.00)C(0.00)R(0.00)	N10	1	S(0.00)R(0.00)Y(0.00)P(0.00)H(0.00)K(0.00)P(0.00)E(0.00)I(0.00)N(4.96)S(0.00)T(0.00)T(0.00)H(0.00)P(0.00)G(0.00)A(0.00)D(0.00)L(0.00)Q(0.00)E(0.00)N(0.00)F(0.00)C(0.00)R(0.00)	S(0)R(0)Y(0)P(0)H(0)K(0)P(0)E(0)I(0)N(0)S(0)T(0)T(0)H(0)P(0)G(0)A(0)D(0)L(0)Q(0)E(0)N(0)F(0)C(0)R(0)	19.452095	8	0	0	19.452095	8	4.9610667	0	0	0	0	FALSE	FALSE	FALSE	sp|P00734|THRB_HUMAN	P00734	THRB_HUMAN	F2	Prothrombin		"tr|C9JV37|C9JV37_HUMAN, tr|E9PIT3|E9PIT3_HUMAN"	25230	2444.402	25038	2184.177	2512.854	33.672	165
240419_ES_R00006_MG_c00001_SA_NPB_3_i2.25262.25262.4	D:\SHARE\Tim\25-12-03_GD_Dataset\GD_dataset\NPB_3_i2\interact.pep.xml	YPHKPEINSTTHPGADLQENFCR	YPHKPEIN[2028]STTHPGADLQENFCR	ECQLWRSR.YPHKPEINSTTHPGADLQENFCR.NPDSSTTG	R	N	23	4	2461.998	4623.977	4623.9297	1157.0015	1156.9897	4623.9326	1156.9905	-0.0031	3.69E-07	20.423	10.721	1	0	2	1	136	158	0	"8N(1913.6770),22C(57.0215)"	NA	HexNAc(4)Hex(5)NeuAc(1) % 1913.6770	4.13	0	YPHKPEInSTTHPGADLQENFCR	Y(0.00)P(0.00)H(0.00)K(0.00)P(0.00)E(0.00)I(0.00)N(20.42)S(0.00)T(0.00)T(0.00)H(0.00)P(0.00)G(0.00)A(0.00)D(0.00)L(0.00)Q(0.00)E(0.00)N(0.00)F(0.00)C(0.00)R(0.00)	N8	1	Y(0.00)P(0.00)H(0.00)K(0.00)P(0.00)E(0.00)I(0.00)N(5.41)S(0.00)T(0.00)T(0.00)H(0.00)P(0.00)G(0.00)A(0.00)D(0.00)L(0.00)Q(0.00)E(0.00)N(0.00)F(0.00)C(0.00)R(0.00)	Y(0)P(0)H(0)K(0)P(0)E(0)I(0)N(0)S(0)T(0)T(0)H(0)P(0)G(0)A(0)D(0)L(0)Q(0)E(0)N(0)F(0)C(0)R(0)	20.423063	8	0	0	20.423063	8	5.411289	0	0	0	0	FALSE	FALSE	FALSE	sp|P00734|THRB_HUMAN	P00734	THRB_HUMAN	F2	Prothrombin		"tr|C9JV37|C9JV37_HUMAN, tr|E9PIT3|E9PIT3_HUMAN"	25230	0	0	0	0	0	0
240419_ES_R00006_MG_c00001_SA_NPB_3_i2.25313.25313.5	D:\SHARE\Tim\25-12-03_GD_Dataset\GD_dataset\NPB_3_i2\interact.pep.xml	YPHKPEINSTTHPGADLQENFCR	YPHKPEIN[2319]STTHPGADLQENFCR	ECQLWRSR.YPHKPEINSTTHPGADLQENFCR.NPDSSTTG	R	N	23	5	2465.7163	4915.0435	4915.0327	984.016	984.0138	4915.0283	984.013	0.0046	1.90E-13	48.302	9.509	1	0	2	1	136	158	605287680	"8N(2204.7725),22C(57.0215)"	NA	HexNAc(4)Hex(5)NeuAc(2) % 2204.7724	5.65	0	YPHKPEInSTTHPGADLQENFCR	Y(0.00)P(0.00)H(0.00)K(0.00)P(0.00)E(0.00)I(0.00)N(42.43)S(0.00)T(0.00)T(0.00)H(0.00)P(0.00)G(0.00)A(0.00)D(0.00)L(0.00)Q(0.00)E(0.00)N(0.00)F(0.00)C(0.00)R(0.00)	N8	1	Y(0.00)P(0.00)H(0.00)K(0.00)P(0.00)E(0.00)I(0.00)N(11.46)S(0.00)T(0.00)T(0.00)H(0.00)P(0.00)G(0.00)A(0.00)D(0.00)L(0.00)Q(0.00)E(0.00)N(0.00)F(0.00)C(0.00)R(0.00)	Y(0)P(0)H(0)K(0)P(0)E(0)I(0)N(0)S(0)T(0)T(0)H(0)P(0)G(0)A(0)D(0)L(0)Q(0)E(0)N(0)F(0)C(0)R(0)	42.431465	13	0	0	48.302773	15	11.456272	0	0	0	0	FALSE	FALSE	FALSE	sp|P00734|THRB_HUMAN	P00734	THRB_HUMAN	F2	Prothrombin		"tr|C9JV37|C9JV37_HUMAN, tr|E9PIT3|E9PIT3_HUMAN"	25287	2465.7012	25312	2383.884	2539.082	22.818	81
240419_ES_R00006_MG_c00001_SA_NPB_3_i2.25314.25314.4	D:\SHARE\Tim\25-12-03_GD_Dataset\GD_dataset\NPB_3_i2\interact.pep.xml	YPHKPEINSTTHPGADLQENFCR	YPHKPEIN[2319]STTHPGADLQENFCR	ECQLWRSR.YPHKPEINSTTHPGADLQENFCR.NPDSSTTG	R	N	23	4	2465.9116	4915.043	4915.027	1229.768	1229.764	4915.0283	1229.7644	-0.0012	1.10E-13	32.817	8.133	1	0	2	1	136	158	296331328	"8N(2204.7725),22C(57.0215)"	NA	HexNAc(4)Hex(5)NeuAc(2) % 2204.7724	5.91	0	YPHKPEInSTTHPGADLQENFCR	Y(0.00)P(0.00)H(0.00)K(0.00)P(0.00)E(0.00)I(0.00)N(32.82)S(0.00)T(0.00)T(0.00)H(0.00)P(0.00)G(0.00)A(0.00)D(0.00)L(0.00)Q(0.00)E(0.00)N(0.00)F(0.00)C(0.00)R(0.00)	N8	1	Y(0.00)P(0.00)H(0.00)K(0.00)P(0.00)E(0.00)I(0.00)N(6.89)S(0.00)T(0.00)T(0.00)H(0.00)P(0.00)G(0.00)A(0.00)D(0.00)L(0.00)Q(0.00)E(0.00)N(0.00)F(0.00)C(0.00)R(0.00)	Y(0)P(0)H(0)K(0)P(0)E(0)I(0)N(0)S(0)T(0)T(0)H(0)P(0)G(0)A(0)D(0)L(0)Q(0)E(0)N(0)F(0)C(0)R(0)	32.817562	12	0	0	32.817562	12	6.894451	0	0	0	0	FALSE	FALSE	FALSE	sp|P00734|THRB_HUMAN	P00734	THRB_HUMAN	F2	Prothrombin		"tr|C9JV37|C9JV37_HUMAN, tr|E9PIT3|E9PIT3_HUMAN"	25287	2465.7012	25312	2392.757	2526.9102	26.046001	68
240419_ES_R00006_MG_c00001_SA_NPB_3_i2.25315.25315.3	D:\SHARE\Tim\25-12-03_GD_Dataset\GD_dataset\NPB_3_i2\interact.pep.xml	EHEGAIYPDNTTDFQR	EHEGAIYPDN[2319]TTDFQR	SHGITYYK.EHEGAIYPDNTTDFQR.ADDKVYPG	K	A	16	3	2466.001	4096.6562	4096.6123	1366.5593	1366.5447	4096.606	1366.5426	0.0063	8.36E-05	23.811	0	1	0	2	0	129	144	130899808	10N(2204.7725)	NA	HexNAc(4)Hex(5)NeuAc(2) % 2204.7724	4.37	0	EHEGAIYPDnTTDFQR	E(0.00)H(0.00)E(0.00)G(0.00)A(0.00)I(0.00)Y(0.00)P(0.00)D(0.00)N(23.81)T(0.00)T(0.00)D(0.00)F(0.00)Q(0.00)R(0.00)	N10	1	E(0.00)H(0.00)E(0.00)G(0.00)A(0.00)I(0.00)Y(0.00)P(0.00)D(0.00)N(11.21)T(0.00)T(0.00)D(0.00)F(0.00)Q(0.00)R(0.00)	E(0)H(0)E(0)G(0)A(0)I(0)Y(0)P(0)D(0)N(1)T(0)T(0)D(0)F(0)Q(0)R(0)	23.811253	8	0	0	23.713783	8	11.207659	1	0	0	0	FALSE	FALSE	FALSE	sp|P00450|CERU_HUMAN	P00450	CERU_HUMAN	CP	Ceruloplasmin		tr|E9PFZ2|E9PFZ2_HUMAN	25287	2454.0942	25157	2444.402	2497.0422	20.703001	21
240419_ES_R00006_MG_c00001_SA_NPB_3_i2.25319.25319.4	D:\SHARE\Tim\25-12-03_GD_Dataset\GD_dataset\NPB_3_i2\interact.pep.xml	NNATVHEQVGGPSLTSDLQAQSK	NN[2684]ATVHEQVGGPSLTSDLQAQSK	VYDDGEEK.NNATVHEQVGGPSLTSDLQAQSK.GNPEQTPV	K	G	23	4	2466.274	4950.063	4950.0645	1238.523	1238.5234	4950.0664	1238.5239	-0.002	0.000894334	21.694	6.95	1	0	2	0	85	107	0	2N(2569.9045)	NA	HexNAc(5)Hex(6)NeuAc(2) % 2569.9046	5.57	0	NnATVHEQVGGPSLTSDLQAQSK	N(0.00)N(21.69)A(0.00)T(0.00)V(0.00)H(0.00)E(0.00)Q(0.00)V(0.00)G(0.00)G(0.00)P(0.00)S(0.00)L(0.00)T(0.00)S(0.00)D(0.00)L(0.00)Q(0.00)A(0.00)Q(0.00)S(0.00)K(0.00)	N2	1	N(0.00)N(13.02)A(0.00)T(0.00)V(0.00)H(0.00)E(0.00)Q(0.00)V(0.00)G(0.00)G(0.00)P(0.00)S(0.00)L(0.00)T(0.00)S(0.00)D(0.00)L(0.00)Q(0.00)A(0.00)Q(0.00)S(0.00)K(0.00)	N(0)N(1)A(0)T(0)V(0)H(0)E(0)Q(0)V(0)G(0)G(0)P(0)S(0)L(0)T(0)S(0)D(0)L(0)Q(0)A(0)Q(0)S(0)K(0)	21.694754	5	0	0	21.5964	5	13.023389	1	0	0	0	FALSE	FALSE	FALSE	sp|P04004|VTNC_HUMAN	P04004	VTNC_HUMAN	VTN	Vitronectin		tr|F5GX75|F5GX75_HUMAN	25287	0	0	0	0	0	0
240419_ES_R00006_MG_c00001_SA_NPB_3_i2.25343.25343.4	D:\SHARE\Tim\25-12-03_GD_Dataset\GD_dataset\NPB_3_i2\interact.pep.xml	NNATVHEQVGGPSLTSDLQAQSK	NN[2830]ATVHEQVGGPSLTSDLQAQSK	VYDDGEEK.NNATVHEQVGGPSLTSDLQAQSK.GNPEQTPV	K	G	23	4	2467.9595	5096.1426	5096.1235	1275.0429	1275.0382	5096.124	1275.0383	-7.00E-04	0.000762079	23.972	0	1	0	2	0	85	107	71829184	2N(2715.9624)	NA	HexNAc(5)Hex(6)Fuc(1)NeuAc(2) % 2715.9625	4.53	0	NnATVHEQVGGPSLTSDLQAQSK	N(0.00)N(23.97)A(0.00)T(0.00)V(0.00)H(0.00)E(0.00)Q(0.00)V(0.00)G(0.00)G(0.00)P(0.00)S(0.00)L(0.00)T(0.00)S(0.00)D(0.00)L(0.00)Q(0.00)A(0.00)Q(0.00)S(0.00)K(0.00)	N2	1	N(0.00)N(9.40)A(0.00)T(0.00)V(0.00)H(0.00)E(0.00)Q(0.00)V(0.00)G(0.00)G(0.00)P(0.00)S(0.00)L(0.00)T(0.00)S(0.00)D(0.00)L(0.00)Q(0.00)A(0.00)Q(0.00)S(0.00)K(0.00)	N(0)N(1)A(0)T(0)V(0)H(0)E(0)Q(0)V(0)G(0)G(0)P(0)S(0)L(0)T(0)S(0)D(0)L(0)Q(0)A(0)Q(0)S(0)K(0)	23.972614	8	0	0	23.92007	8	9.39934	1	0	0	0	FALSE	FALSE	FALSE	sp|P04004|VTNC_HUMAN	P04004	VTNC_HUMAN	VTN	Vitronectin		tr|F5GX75|F5GX75_HUMAN	25312	2472.694	25401	2457.415	2795.9492	37.844	165
240419_ES_R00006_MG_c00001_SA_NPB_3_i2.25402.25402.4	D:\SHARE\Tim\25-12-03_GD_Dataset\GD_dataset\NPB_3_i2\interact.pep.xml	NNATVHEQVGGPSLTSDLQAQSK	NN[2028]ATVHEQVGGPSLTSDLQAQSK	VYDDGEEK.NNATVHEQVGGPSLTSDLQAQSK.GNPEQTPV	K	G	23	4	2472.7095	4293.845	4293.84	1074.4685	1074.4673	4293.8389	1074.467	9.00E-04	2.54E-08	42.882	9.758	1	0	2	0	85	107	104048536	2N(1913.6770)	NA	HexNAc(4)Hex(5)NeuAc(1) % 1913.6770	5	0	NnATVHEQVGGPSLTSDLQAQSK	N(0.00)N(42.88)A(0.00)T(0.00)V(0.00)H(0.00)E(0.00)Q(0.00)V(0.00)G(0.00)G(0.00)P(0.00)S(0.00)L(0.00)T(0.00)S(0.00)D(0.00)L(0.00)Q(0.00)A(0.00)Q(0.00)S(0.00)K(0.00)	N2	1	N(0.00)N(17.91)A(0.00)T(0.00)V(0.00)H(0.00)E(0.00)Q(0.00)V(0.00)G(0.00)G(0.00)P(0.00)S(0.00)L(0.00)T(0.00)S(0.00)D(0.00)L(0.00)Q(0.00)A(0.00)Q(0.00)S(0.00)K(0.00)	N(0)N(6)A(0)T(0)V(0)H(0)E(0)Q(0)V(0)G(0)G(0)P(0)S(0)L(0)T(0)S(0)D(0)L(0)Q(0)A(0)Q(0)S(0)K(0)	42.8826	17	0	0	37.280777	14	17.91077	6	0	0	0	FALSE	FALSE	FALSE	sp|P04004|VTNC_HUMAN	P04004	VTNC_HUMAN	VTN	Vitronectin		tr|F5GX75|F5GX75_HUMAN	25371	2457.415	25201	2104.417	2620.131	29.693	269
240419_ES_R00006_MG_c00001_SA_NPB_3_i2.25403.25403.4	D:\SHARE\Tim\25-12-03_GD_Dataset\GD_dataset\NPB_3_i2\interact.pep.xml	EHEGAIYPDNTTDFQR	EHEGAIYPDN[2319]TTDFQR	SHGITYYK.EHEGAIYPDNTTDFQR.ADDKVYPG	K	A	16	4	2472.9038	4097.6646	4097.6206	1025.4234	1025.4124	4096.606	1025.1588	1.0146	0.0235912	13.009	5.908	0.9837	0.000230947	2	0	129	144	82879200	10N(2204.7725)	NA	HexNAc(4)Hex(5)NeuAc(2) % 2204.7724	0.71	0	EHEGAIYPDnTTDFQR	E(0.00)H(0.00)E(0.00)G(0.00)A(0.00)I(0.00)Y(0.00)P(0.00)D(0.00)N(13.01)T(0.00)T(0.00)D(0.00)F(0.00)Q(0.00)R(0.00)	N10	1	E(0.00)H(0.00)E(0.00)G(0.00)A(0.00)I(0.00)Y(0.00)P(0.00)D(0.00)N(5.12)T(0.00)T(0.00)D(0.00)F(0.00)Q(0.00)R(0.00)	E(0)H(0)E(0)G(0)A(0)I(0)Y(0)P(0)D(0)N(1)T(0)T(0)D(0)F(0)Q(0)R(0)	13.00932	6	0	0	11.216254	5	5.12243	1	0	0	0	FALSE	FALSE	FALSE	sp|P00450|CERU_HUMAN	P00450	CERU_HUMAN	CP	Ceruloplasmin		tr|E9PFZ2|E9PFZ2_HUMAN	25371	2451.5881	25126	2434.216	2486.7651	21.354	22
240419_ES_R00006_MG_c00001_SA_NPB_3_i2.25404.25404.3	D:\SHARE\Tim\25-12-03_GD_Dataset\GD_dataset\NPB_3_i2\interact.pep.xml	EHEGAIYPDNTTDFQR	EHEGAIYPDN[2319]TTDFQR	SHGITYYK.EHEGAIYPDNTTDFQR.ADDKVYPG	K	A	16	3	2472.9724	4096.661	4096.619	1366.5609	1366.5469	4096.606	1366.5426	0.0132	0.02276407	13.071	0	0.9869	0.000230947	2	0	129	144	130899808	10N(2204.7725)	NA	HexNAc(4)Hex(5)NeuAc(2) % 2204.7724	0.79	0	EHEGAIYPDnTTDFQR	E(0.00)H(0.00)E(0.00)G(0.00)A(0.00)I(0.00)Y(0.00)P(0.00)D(0.00)N(13.07)T(0.00)T(0.00)D(0.00)F(0.00)Q(0.00)R(0.00)	N10	1	E(0.00)H(0.00)E(0.00)G(0.00)A(0.00)I(0.00)Y(0.00)P(0.00)D(0.00)N(4.32)T(0.00)T(0.00)D(0.00)F(0.00)Q(0.00)R(0.00)	E(0)H(0)E(0)G(0)A(0)I(0)Y(0)P(0)D(0)N(1)T(0)T(0)D(0)F(0)Q(0)R(0)	13.071765	7	0	0	11.330306	6	4.3222766	1	0	0	0	FALSE	FALSE	FALSE	sp|P00450|CERU_HUMAN	P00450	CERU_HUMAN	CP	Ceruloplasmin		tr|E9PFZ2|E9PFZ2_HUMAN	25371	2454.0942	25157	2434.216	2497.0422	15.2300005	28
240419_ES_R00006_MG_c00001_SA_NPB_3_i2.25438.25438.4	D:\SHARE\Tim\25-12-03_GD_Dataset\GD_dataset\NPB_3_i2\interact.pep.xml	NNATVHEQVGGPSLTSDLQAQSK	NN[2975]ATVHEQVGGPSLTSDLQAQSK	VYDDGEEK.NNATVHEQVGGPSLTSDLQAQSK.GNPEQTPV	K	G	23	4	2475.9036	5242.2085	5242.1875	1311.5594	1311.5542	5241.1621	1311.2979	1.0256	6.76E-09	41.179	6.293	1	0	2	0	85	107	0	2N(2861.0000)	NA	HexNAc(5)Hex(6)NeuAc(3) % 2861.0000	2.76	0	NnATVHEQVGGPSLTSDLQAQSK	N(0.00)N(41.14)A(0.00)T(0.00)V(0.00)H(0.00)E(0.00)Q(0.00)V(0.00)G(0.00)G(0.00)P(0.00)S(0.00)L(0.00)T(0.00)S(0.00)D(0.00)L(0.00)Q(0.00)A(0.00)Q(0.00)S(0.00)K(0.00)	N2	1	N(0.00)N(13.82)A(0.00)T(0.00)V(0.00)H(0.00)E(0.00)Q(0.00)V(0.00)G(0.00)G(0.00)P(0.00)S(0.00)L(0.00)T(0.00)S(0.00)D(0.00)L(0.00)Q(0.00)A(0.00)Q(0.00)S(0.00)K(0.00)	N(0)N(2)A(0)T(0)V(0)H(0)E(0)Q(0)V(0)G(0)G(0)P(0)S(0)L(0)T(0)S(0)D(0)L(0)Q(0)A(0)Q(0)S(0)K(0)	41.138798	13	0	0	41.17931	13	13.821682	2	0	0	0	FALSE	FALSE	FALSE	sp|P04004|VTNC_HUMAN	P04004	VTNC_HUMAN	VTN	Vitronectin		tr|F5GX75|F5GX75_HUMAN	25401	0	0	0	0	0	0
240419_ES_R00006_MG_c00001_SA_NPB_3_i2.25447.25447.5	D:\SHARE\Tim\25-12-03_GD_Dataset\GD_dataset\NPB_3_i2\interact.pep.xml	NNATVHEQVGGPSLTSDLQAQSK	NN[2830]ATVHEQVGGPSLTSDLQAQSK	VYDDGEEK.NNATVHEQVGGPSLTSDLQAQSK.GNPEQTPV	K	G	23	5	2476.639	5096.1333	5096.129	1020.2339	1020.2331	5096.124	1020.2321	0.0046	0	47.61	9.269	1	0	2	0	85	107	66102672	2N(2715.9624)	NA	HexNAc(5)Hex(6)Fuc(1)NeuAc(2) % 2715.9625	1.11	0	NnATVHEQVGGPSLTSDLQAQSK	N(0.00)N(47.61)A(0.00)T(0.00)V(0.00)H(0.00)E(0.00)Q(0.00)V(0.00)G(0.00)G(0.00)P(0.00)S(0.00)L(0.00)T(0.00)S(0.00)D(0.00)L(0.00)Q(0.00)A(0.00)Q(0.00)S(0.00)K(0.00)	N2	1	N(0.00)N(16.45)A(0.00)T(0.00)V(0.00)H(0.00)E(0.00)Q(0.00)V(0.00)G(0.00)G(0.00)P(0.00)S(0.00)L(0.00)T(0.00)S(0.00)D(0.00)L(0.00)Q(0.00)A(0.00)Q(0.00)S(0.00)K(0.00)	N(0)N(2)A(0)T(0)V(0)H(0)E(0)Q(0)V(0)G(0)G(0)P(0)S(0)L(0)T(0)S(0)D(0)L(0)Q(0)A(0)Q(0)S(0)K(0)	47.610046	14	0	0	44.8079	12	16.446095	2	0	0	0	FALSE	FALSE	FALSE	sp|P04004|VTNC_HUMAN	P04004	VTNC_HUMAN	VTN	Vitronectin		tr|F5GX75|F5GX75_HUMAN	25401	2500.124	25744	2470.4822	2526.9102	32.248	22
240419_ES_R00006_MG_c00001_SA_NPB_3_i2.25452.25452.3	D:\SHARE\Tim\25-12-03_GD_Dataset\GD_dataset\NPB_3_i2\interact.pep.xml	NNATVHEQVGGPSLTSDLQAQSK	NN[2830]ATVHEQVGGPSLTSDLQAQSK	VYDDGEEK.NNATVHEQVGGPSLTSDLQAQSK.GNPEQTPV	K	G	23	3	2477.4028	5096.153	5096.1377	1699.7249	1699.7198	5096.124	1699.7153	0.0134	5.11E-05	24.668	0	1	0	2	0	85	107	75413168	2N(2715.9624)	NA	HexNAc(5)Hex(6)Fuc(1)NeuAc(2) % 2715.9625	0.48	0	NnATVHEQVGGPSLTSDLQAQSK	N(0.00)N(24.63)A(0.00)T(0.00)V(0.00)H(0.00)E(0.00)Q(0.00)V(0.00)G(0.00)G(0.00)P(0.00)S(0.00)L(0.00)T(0.00)S(0.00)D(0.00)L(0.00)Q(0.00)A(0.00)Q(0.00)S(0.00)K(0.00)	N2	1	N(0.00)N(11.68)A(0.00)T(0.00)V(0.00)H(0.00)E(0.00)Q(0.00)V(0.00)G(0.00)G(0.00)P(0.00)S(0.00)L(0.00)T(0.00)S(0.00)D(0.00)L(0.00)Q(0.00)A(0.00)Q(0.00)S(0.00)K(0.00)	N(0)N(1)A(0)T(0)V(0)H(0)E(0)Q(0)V(0)G(0)G(0)P(0)S(0)L(0)T(0)S(0)D(0)L(0)Q(0)A(0)Q(0)S(0)K(0)	24.625246	7	0	0	24.668068	7	11.677568	1	0	0	0	FALSE	FALSE	FALSE	sp|P04004|VTNC_HUMAN	P04004	VTNC_HUMAN	VTN	Vitronectin		tr|F5GX75|F5GX75_HUMAN	25401	2497.0422	25703	2467.944	2526.9102	30.887001	20
240419_ES_R00006_MG_c00001_SA_NPB_3_i2.25474.25474.4	D:\SHARE\Tim\25-12-03_GD_Dataset\GD_dataset\NPB_3_i2\interact.pep.xml	NNATVHEQVGGPSLTSDLQAQSK	NN[2975]ATVHEQVGGPSLTSDLQAQSK	VYDDGEEK.NNATVHEQVGGPSLTSDLQAQSK.GNPEQTPV	K	G	23	4	2478.9524	5241.182	5241.171	1311.3028	1311.3	5241.1621	1311.2979	0.009	3.32E-10	44.416	0	1	0	2	0	85	107	0	2N(2861.0000)	NA	HexNAc(5)Hex(6)NeuAc(3) % 2861.0000	4.17	0	NnATVHEQVGGPSLTSDLQAQSK	N(0.00)N(44.37)A(0.00)T(0.00)V(0.00)H(0.00)E(0.00)Q(0.00)V(0.00)G(0.00)G(0.00)P(0.00)S(0.00)L(0.00)T(0.00)S(0.00)D(0.00)L(0.00)Q(0.00)A(0.00)Q(0.00)S(0.00)K(0.00)	N2	1	N(0.00)N(16.13)A(0.00)T(0.00)V(0.00)H(0.00)E(0.00)Q(0.00)V(0.00)G(0.00)G(0.00)P(0.00)S(0.00)L(0.00)T(0.00)S(0.00)D(0.00)L(0.00)Q(0.00)A(0.00)Q(0.00)S(0.00)K(0.00)	N(0)N(2)A(0)T(0)V(0)H(0)E(0)Q(0)V(0)G(0)G(0)P(0)S(0)L(0)T(0)S(0)D(0)L(0)Q(0)A(0)Q(0)S(0)K(0)	44.370064	13	0	0	44.416916	13	16.132854	2	0	0	0	FALSE	FALSE	FALSE	sp|P04004|VTNC_HUMAN	P04004	VTNC_HUMAN	VTN	Vitronectin		tr|F5GX75|F5GX75_HUMAN	25437	0	0	0	0	0	0
240419_ES_R00006_MG_c00001_SA_NPB_3_i2.25484.25484.3	D:\SHARE\Tim\25-12-03_GD_Dataset\GD_dataset\NPB_3_i2\interact.pep.xml	NNATVHEQVGGPSLTSDLQAQSK	NN[2830]ATVHEQVGGPSLTSDLQAQSK	VYDDGEEK.NNATVHEQVGGPSLTSDLQAQSK.GNPEQTPV	K	G	23	3	2479.766	5096.123	5096.1353	1699.7149	1699.719	5096.124	1699.7153	0.011	3.17E-05	28.495	12.985	1	0	2	0	85	107	75413168	2N(2715.9624)	NA	HexNAc(5)Hex(6)Fuc(1)NeuAc(2) % 2715.9625	0.2	0	NnATVHEQVGGPSLTSDLQAQSK	N(0.00)N(26.92)A(0.00)T(0.00)V(0.00)H(0.00)E(0.00)Q(0.00)V(0.00)G(0.00)G(0.00)P(0.00)S(0.00)L(0.00)T(0.00)S(0.00)D(0.00)L(0.00)Q(0.00)A(0.00)Q(0.00)S(0.00)K(0.00)	N2	1	N(0.00)N(11.41)A(0.00)T(0.00)V(0.00)H(0.00)E(0.00)Q(0.00)V(0.00)G(0.00)G(0.00)P(0.00)S(0.00)L(0.00)T(0.00)S(0.00)D(0.00)L(0.00)Q(0.00)A(0.00)Q(0.00)S(0.00)K(0.00)	N(0)N(1)A(0)T(0)V(0)H(0)E(0)Q(0)V(0)G(0)G(0)P(0)S(0)L(0)T(0)S(0)D(0)L(0)Q(0)A(0)Q(0)S(0)K(0)	26.919886	8	0	0	28.49535	9	11.408751	1	0	0	0	FALSE	FALSE	FALSE	sp|P04004|VTNC_HUMAN	P04004	VTNC_HUMAN	VTN	Vitronectin		tr|F5GX75|F5GX75_HUMAN	25437	2497.0422	25703	2467.944	2526.9102	30.887001	20
240419_ES_R00006_MG_c00001_SA_NPB_3_i2.25506.25506.5	D:\SHARE\Tim\25-12-03_GD_Dataset\GD_dataset\NPB_3_i2\interact.pep.xml	NNATVHEQVGGPSLTSDLQAQSK	NN[2684]ATVHEQVGGPSLTSDLQAQSK	VYDDGEEK.NNATVHEQVGGPSLTSDLQAQSK.GNPEQTPV	K	G	23	5	2481.834	4950.0806	4950.0635	991.0234	991.02	4950.0664	991.0206	-0.0029	9.98E-08	27.732	6.319	1	0	2	0	85	107	99212176	2N(2569.9045)	NA	HexNAc(5)Hex(6)NeuAc(2) % 2569.9046	3.83	0	NnATVHEQVGGPSLTSDLQAQSK	N(0.00)N(27.73)A(0.00)T(0.00)V(0.00)H(0.00)E(0.00)Q(0.00)V(0.00)G(0.00)G(0.00)P(0.00)S(0.00)L(0.00)T(0.00)S(0.00)D(0.00)L(0.00)Q(0.00)A(0.00)Q(0.00)S(0.00)K(0.00)	N2	1	N(0.00)N(11.56)A(0.00)T(0.00)V(0.00)H(0.00)E(0.00)Q(0.00)V(0.00)G(0.00)G(0.00)P(0.00)S(0.00)L(0.00)T(0.00)S(0.00)D(0.00)L(0.00)Q(0.00)A(0.00)Q(0.00)S(0.00)K(0.00)	N(0)N(0)A(0)T(0)V(0)H(0)E(0)Q(0)V(0)G(0)G(0)P(0)S(0)L(0)T(0)S(0)D(0)L(0)Q(0)A(0)Q(0)S(0)K(0)	27.732143	7	0	0	27.732143	7	11.558286	0	0	0	0	FALSE	FALSE	FALSE	sp|P04004|VTNC_HUMAN	P04004	VTNC_HUMAN	VTN	Vitronectin		tr|F5GX75|F5GX75_HUMAN	25473	2500.124	25744	2478.936	2532.797	29.276001	24
240419_ES_R00006_MG_c00001_SA_NPB_3_i2.25535.25535.3	D:\SHARE\Tim\25-12-03_GD_Dataset\GD_dataset\NPB_3_i2\interact.pep.xml	NNATVHEQVGGPSLTSDLQAQSK	NN[2319]ATVHEQVGGPSLTSDLQAQSK	VYDDGEEK.NNATVHEQVGGPSLTSDLQAQSK.GNPEQTPV	K	G	23	3	2484.088	4584.9414	4584.9385	1529.3211	1529.3201	4584.9346	1529.3188	0.0042	0.000129196	28.055	13.29	1	0	2	0	85	107	28493358	2N(2204.7725)	NA	HexNAc(4)Hex(5)NeuAc(2) % 2204.7724	5.15	0	NnATVHEQVGGPSLTSDLQAQSK	N(0.00)N(28.06)A(0.00)T(0.00)V(0.00)H(0.00)E(0.00)Q(0.00)V(0.00)G(0.00)G(0.00)P(0.00)S(0.00)L(0.00)T(0.00)S(0.00)D(0.00)L(0.00)Q(0.00)A(0.00)Q(0.00)S(0.00)K(0.00)	N2	1	N(0.00)N(8.40)A(0.00)T(0.00)V(0.00)H(0.00)E(0.00)Q(0.00)V(0.00)G(0.00)G(0.00)P(0.00)S(0.00)L(0.00)T(0.00)S(0.00)D(0.00)L(0.00)Q(0.00)A(0.00)Q(0.00)S(0.00)K(0.00)	N(0)N(0)A(0)T(0)V(0)H(0)E(0)Q(0)V(0)G(0)G(0)P(0)S(0)L(0)T(0)S(0)D(0)L(0)Q(0)A(0)Q(0)S(0)K(0)	28.055416	9	0	0	28.055416	9	8.397934	0	0	0	0	FALSE	FALSE	FALSE	sp|P04004|VTNC_HUMAN	P04004	VTNC_HUMAN	VTN	Vitronectin		tr|F5GX75|F5GX75_HUMAN	25494	2500.124	25744	2461.559	2911.8452	35.525	214
240419_ES_R00006_MG_c00001_SA_NPB_3_i2.25575.25575.3	D:\SHARE\Tim\25-12-03_GD_Dataset\GD_dataset\NPB_3_i2\interact.pep.xml	NNATVHEQVGGPSLTSDLQAQSK	NN[2684]ATVHEQVGGPSLTSDLQAQSK	VYDDGEEK.NNATVHEQVGGPSLTSDLQAQSK.GNPEQTPV	K	G	23	3	2487.075	4950.0796	4950.0767	1651.0338	1651.0328	4950.0664	1651.0294	0.0103	8.48E-08	37.082	12.738	1	0	2	0	85	107	180897280	2N(2569.9045)	NA	HexNAc(5)Hex(6)NeuAc(2) % 2569.9046	3.56	0	NnATVHEQVGGPSLTSDLQAQSK	N(0.00)N(35.38)A(0.00)T(0.00)V(0.00)H(0.00)E(0.00)Q(0.00)V(0.00)G(0.00)G(0.00)P(0.00)S(0.00)L(0.00)T(0.00)S(0.00)D(0.00)L(0.00)Q(0.00)A(0.00)Q(0.00)S(0.00)K(0.00)	N2	1	N(0.00)N(11.91)A(0.00)T(0.00)V(0.00)H(0.00)E(0.00)Q(0.00)V(0.00)G(0.00)G(0.00)P(0.00)S(0.00)L(0.00)T(0.00)S(0.00)D(0.00)L(0.00)Q(0.00)A(0.00)Q(0.00)S(0.00)K(0.00)	N(0)N(2)A(0)T(0)V(0)H(0)E(0)Q(0)V(0)G(0)G(0)P(0)S(0)L(0)T(0)S(0)D(0)L(0)Q(0)A(0)Q(0)S(0)K(0)	35.37557	12	0	0	37.082733	13	11.909941	2	0	0	0	FALSE	FALSE	FALSE	sp|P04004|VTNC_HUMAN	P04004	VTNC_HUMAN	VTN	Vitronectin		tr|F5GX75|F5GX75_HUMAN	25531	2507.549	25843	2475.884	2547.705	33.365	39
240419_ES_R00006_MG_c00001_SA_NPB_3_i2.25649.25649.5	D:\SHARE\Tim\25-12-03_GD_Dataset\GD_dataset\NPB_3_i2\interact.pep.xml	NNATVHEQVGGPSLTSDLQAQSK	NN[2975]ATVHEQVGGPSLTSDLQAQSK	VYDDGEEK.NNATVHEQVGGPSLTSDLQAQSK.GNPEQTPV	K	G	23	5	2492.969	5241.194	5241.1426	1049.2461	1049.2358	5241.1621	1049.2397	-0.0193	5.98E-06	27.392	0	1	0	2	0	85	107	0	2N(2861.0000)	NA	HexNAc(5)Hex(6)NeuAc(3) % 2861.0000	0.72	0	NnATVHEQVGGPSLTSDLQAQSK	N(0.00)N(27.39)A(0.00)T(0.00)V(0.00)H(0.00)E(0.00)Q(0.00)V(0.00)G(0.00)G(0.00)P(0.00)S(0.00)L(0.00)T(0.00)S(0.00)D(0.00)L(0.00)Q(0.00)A(0.00)Q(0.00)S(0.00)K(0.00)	N2	1	N(0.00)N(10.95)A(0.00)T(0.00)V(0.00)H(0.00)E(0.00)Q(0.00)V(0.00)G(0.00)G(0.00)P(0.00)S(0.00)L(0.00)T(0.00)S(0.00)D(0.00)L(0.00)Q(0.00)A(0.00)Q(0.00)S(0.00)K(0.00)	N(0)N(0)A(0)T(0)V(0)H(0)E(0)Q(0)V(0)G(0)G(0)P(0)S(0)L(0)T(0)S(0)D(0)L(0)Q(0)A(0)Q(0)S(0)K(0)	27.392597	7	0	0	27.392597	7	10.949421	0	0	0	0	FALSE	FALSE	FALSE	sp|P04004|VTNC_HUMAN	P04004	VTNC_HUMAN	VTN	Vitronectin		tr|F5GX75|F5GX75_HUMAN	25607	0	0	0	0	0	0
240419_ES_R00006_MG_c00001_SA_NPB_3_i2.25654.25654.3	D:\SHARE\Tim\25-12-03_GD_Dataset\GD_dataset\NPB_3_i2\interact.pep.xml	NNATVHEQVGGPSLTSDLQAQSK	NN[2174]ATVHEQVGGPSLTSDLQAQSK	VYDDGEEK.NNATVHEQVGGPSLTSDLQAQSK.GNPEQTPV	K	G	23	3	2493.317	4440.8867	4440.8887	1481.3028	1481.3035	4439.8965	1480.9728	0.9919	3.85E-06	31.159	0	1	0	2	0	85	107	0	2N(2059.7349)	NA	HexNAc(4)Hex(5)Fuc(1)NeuAc(1) % 2059.7349	0.79	0	NnATVHEQVGGPSLTSDLQAQSK	N(0.00)N(31.16)A(0.00)T(0.00)V(0.00)H(0.00)E(0.00)Q(0.00)V(0.00)G(0.00)G(0.00)P(0.00)S(0.00)L(0.00)T(0.00)S(0.00)D(0.00)L(0.00)Q(0.00)A(0.00)Q(0.00)S(0.00)K(0.00)	N2	1	N(0.00)N(16.87)A(0.00)T(0.00)V(0.00)H(0.00)E(0.00)Q(0.00)V(0.00)G(0.00)G(0.00)P(0.00)S(0.00)L(0.00)T(0.00)S(0.00)D(0.00)L(0.00)Q(0.00)A(0.00)Q(0.00)S(0.00)K(0.00)	N(0)N(2)A(0)T(0)V(0)H(0)E(0)Q(0)V(0)G(0)G(0)P(0)S(0)L(0)T(0)S(0)D(0)L(0)Q(0)A(0)Q(0)S(0)K(0)	31.159506	8	0	0	29.76976	7	16.869251	2	0	0	0	FALSE	FALSE	FALSE	sp|P04004|VTNC_HUMAN	P04004	VTNC_HUMAN	VTN	Vitronectin		tr|F5GX75|F5GX75_HUMAN	25607	0	0	0	0	0	0
240419_ES_R00006_MG_c00001_SA_NPB_3_i2.25680.25680.3	D:\SHARE\Tim\25-12-03_GD_Dataset\GD_dataset\NPB_3_i2\interact.pep.xml	NGSLFAFR	N[1737]GSLFAFR	FDAFTDLK.NGSLFAFR.GQYCYELD	K	G	8	3	2495.3218	2533.0513	2533.0466	845.3577	845.3561	2533.0476	845.3564	-0.0011	0.006625977	15.215	0	0.9964	0	2	0	169	176	17204030	1N(1622.5815)	NA	HexNAc(4)Hex(5) % 1622.5816	3.57	0	nGSLFAFR	N(14.17)G(0.00)S(0.00)L(0.00)F(0.00)A(0.00)F(0.00)R(0.00)	N1	1	N(12.17)G(0.00)S(0.00)L(0.00)F(0.00)A(0.00)F(0.00)R(0.00)	N(0)G(0)S(0)L(0)F(0)A(0)F(0)R(0)	14.169197	1	0	0	15.215815	2	12.170932	0	0	0	0	FALSE	FALSE	TRUE	sp|P04004|VTNC_HUMAN	P04004	VTNC_HUMAN	VTN	Vitronectin			25639	2480.5952	25494	2425.5422	2515.8801	16.54	47
240419_ES_R00006_MG_c00001_SA_NPB_3_i2.25707.25707.4	D:\SHARE\Tim\25-12-03_GD_Dataset\GD_dataset\NPB_3_i2\interact.pep.xml	NNATVHEQVGGPSLTSDLQAQSK	NN[2465]ATVHEQVGGPSLTSDLQAQSK	VYDDGEEK.NNATVHEQVGGPSLTSDLQAQSK.GNPEQTPV	K	G	23	4	2497.4805	4731.005	4730.989	1183.7585	1183.7545	4730.9922	1183.7554	-0.0034	8.72E-12	56.737	16.309	1	0	2	0	85	107	2584223740	2N(2350.8303)	NA	HexNAc(4)Hex(5)Fuc(1)NeuAc(2) % 2350.8303	5.51	0	NnATVHEQVGGPSLTSDLQAQSK	N(0.00)N(56.74)A(0.00)T(0.00)V(0.00)H(0.00)E(0.00)Q(0.00)V(0.00)G(0.00)G(0.00)P(0.00)S(0.00)L(0.00)T(0.00)S(0.00)D(0.00)L(0.00)Q(0.00)A(0.00)Q(0.00)S(0.00)K(0.00)	N2	1	N(0.00)N(19.55)A(0.00)T(0.00)V(0.00)H(0.00)E(0.00)Q(0.00)V(0.00)G(0.00)G(0.00)P(0.00)S(0.00)L(0.00)T(0.00)S(0.00)D(0.00)L(0.00)Q(0.00)A(0.00)Q(0.00)S(0.00)K(0.00)	N(0)N(4)A(0)T(0)V(0)H(0)E(0)Q(0)V(0)G(0)G(0)P(0)S(0)L(0)T(0)S(0)D(0)L(0)Q(0)A(0)Q(0)S(0)K(0)	56.737602	18	0	0	56.56414	18	19.554016	4	0	0	0	FALSE	FALSE	FALSE	sp|P04004|VTNC_HUMAN	P04004	VTNC_HUMAN	VTN	Vitronectin		tr|F5GX75|F5GX75_HUMAN	25676	2519.5151	26001	2455.205	2913.2751	30.538002	215
240419_ES_R00006_MG_c00001_SA_NPB_3_i2.25725.25725.3	D:\SHARE\Tim\25-12-03_GD_Dataset\GD_dataset\NPB_3_i2\interact.pep.xml	NNATVHEQVGGPSLTSDLQAQSK	NN[2465]ATVHEQVGGPSLTSDLQAQSK	VYDDGEEK.NNATVHEQVGGPSLTSDLQAQSK.GNPEQTPV	K	G	23	3	2498.7139	4731.045	4731.0054	1578.0223	1578.0091	4730.9922	1578.0048	0.0132	1.89E-09	45.392	8.811	1	0	2	0	85	107	528959776	2N(2350.8303)	NA	HexNAc(4)Hex(5)Fuc(1)NeuAc(2) % 2350.8303	3.41	0	NnATVHEQVGGPSLTSDLQAQSK	N(0.00)N(45.39)A(0.00)T(0.00)V(0.00)H(0.00)E(0.00)Q(0.00)V(0.00)G(0.00)G(0.00)P(0.00)S(0.00)L(0.00)T(0.00)S(0.00)D(0.00)L(0.00)Q(0.00)A(0.00)Q(0.00)S(0.00)K(0.00)	N2	1	N(0.00)N(15.21)A(0.00)T(0.00)V(0.00)H(0.00)E(0.00)Q(0.00)V(0.00)G(0.00)G(0.00)P(0.00)S(0.00)L(0.00)T(0.00)S(0.00)D(0.00)L(0.00)Q(0.00)A(0.00)Q(0.00)S(0.00)K(0.00)	N(0)N(2)A(0)T(0)V(0)H(0)E(0)Q(0)V(0)G(0)G(0)P(0)S(0)L(0)T(0)S(0)D(0)L(0)Q(0)A(0)Q(0)S(0)K(0)	45.392258	14	0	0	43.68956	13	15.208988	2	0	0	0	FALSE	FALSE	FALSE	sp|P04004|VTNC_HUMAN	P04004	VTNC_HUMAN	VTN	Vitronectin		tr|F5GX75|F5GX75_HUMAN	25676	2521.476	26027	2494.923	2615.5151	30.538002	69
240419_ES_R00006_MG_c00001_SA_NPB_3_i2.25731.25731.3	D:\SHARE\Tim\25-12-03_GD_Dataset\GD_dataset\NPB_3_i2\interact.pep.xml	NNATVHEQVGGPSLTSDLQAQSK	NN[2975]ATVHEQVGGPSLTSDLQAQSK	VYDDGEEK.NNATVHEQVGGPSLTSDLQAQSK.GNPEQTPV	K	G	23	3	2499.13	5243.224	5243.224	1748.7486	1748.7486	5241.1621	1748.0614	2.0623	0.05878275	13.423	0	0.9999	0	2	0	85	107	0	2N(2861.0000)	NA	HexNAc(5)Hex(6)NeuAc(3) % 2861.0000	-1.68	0.001120448	NnATVHEQVGGPSLTSDLQAQSK	N(0.00)N(13.42)A(0.00)T(0.00)V(0.00)H(0.00)E(0.00)Q(0.00)V(0.00)G(0.00)G(0.00)P(0.00)S(0.00)L(0.00)T(0.00)S(0.00)D(0.00)L(0.00)Q(0.00)A(0.00)Q(0.00)S(0.00)K(0.00)	N2	1	N(0.00)N(6.16)A(0.00)T(0.00)V(0.00)H(0.00)E(0.00)Q(0.00)V(0.00)G(0.00)G(0.00)P(0.00)S(0.00)L(0.00)T(0.00)S(0.00)D(0.00)L(0.00)Q(0.00)A(0.00)Q(0.00)S(0.00)K(0.00)	N(0)N(0)A(0)T(0)V(0)H(0)E(0)Q(0)V(0)G(0)G(0)P(0)S(0)L(0)T(0)S(0)D(0)L(0)Q(0)A(0)Q(0)S(0)K(0)	13.423777	4	0	0	13.423777	4	6.1635213	0	0	0	0	FALSE	FALSE	FALSE	sp|P04004|VTNC_HUMAN	P04004	VTNC_HUMAN	VTN	Vitronectin		tr|F5GX75|F5GX75_HUMAN	25676	0	0	0	0	0	0
240419_ES_R00006_MG_c00001_SA_NPB_3_i2.25755.25755.3	D:\SHARE\Tim\25-12-03_GD_Dataset\GD_dataset\NPB_3_i2\interact.pep.xml	NNATVHEQVGGPSLTSDLQAQSK	NN[2465]ATVHEQVGGPSLTSDLQAQSK	VYDDGEEK.NNATVHEQVGGPSLTSDLQAQSK.GNPEQTPV	K	G	23	3	2500.995	4731.0093	4730.997	1578.0104	1578.0063	4730.9922	1578.0048	0.0049	0	57.32	9.358	1	0	2	0	85	107	528959776	2N(2350.8303)	NA	HexNAc(4)Hex(5)Fuc(1)NeuAc(2) % 2350.8303	4.15	0	NnATVHEQVGGPSLTSDLQAQSK	N(0.00)N(52.37)A(0.00)T(0.00)V(0.00)H(0.00)E(0.00)Q(0.00)V(0.00)G(0.00)G(0.00)P(0.00)S(0.00)L(0.00)T(0.00)S(0.00)D(0.00)L(0.00)Q(0.00)A(0.00)Q(0.00)S(0.00)K(0.00)	N2	1	N(0.00)N(15.10)A(0.00)T(0.00)V(0.00)H(0.00)E(0.00)Q(0.00)V(0.00)G(0.00)G(0.00)P(0.00)S(0.00)L(0.00)T(0.00)S(0.00)D(0.00)L(0.00)Q(0.00)A(0.00)Q(0.00)S(0.00)K(0.00)	N(0)N(1)A(0)T(0)V(0)H(0)E(0)Q(0)V(0)G(0)G(0)P(0)S(0)L(0)T(0)S(0)D(0)L(0)Q(0)A(0)Q(0)S(0)K(0)	52.365307	15	0	0	57.320583	18	15.104543	1	0	0	0	FALSE	FALSE	FALSE	sp|P04004|VTNC_HUMAN	P04004	VTNC_HUMAN	VTN	Vitronectin		tr|F5GX75|F5GX75_HUMAN	25703	2521.476	26027	2494.923	2753.414	30.538002	133
240419_ES_R00006_MG_c00001_SA_NPB_3_i2.25762.25762.3	D:\SHARE\Tim\25-12-03_GD_Dataset\GD_dataset\NPB_3_i2\interact.pep.xml	NNATVHEQVGGPSLTSDLQAQSK	NN[2174]ATVHEQVGGPSLTSDLQAQSK	VYDDGEEK.NNATVHEQVGGPSLTSDLQAQSK.GNPEQTPV	K	G	23	3	2501.4727	4441.876	4441.894	1481.6326	1481.6386	4439.8965	1480.9728	1.9973	8.46E-10	46.79	16.734	1	0	2	0	85	107	0	2N(2059.7349)	NA	HexNAc(4)Hex(5)Fuc(1)NeuAc(1) % 2059.7349	2.42	0	NnATVHEQVGGPSLTSDLQAQSK	N(0.00)N(40.72)A(0.00)T(0.00)V(0.00)H(0.00)E(0.00)Q(0.00)V(0.00)G(0.00)G(0.00)P(0.00)S(0.00)L(0.00)T(0.00)S(0.00)D(0.00)L(0.00)Q(0.00)A(0.00)Q(0.00)S(0.00)K(0.00)	N2	1	N(0.00)N(15.39)A(0.00)T(0.00)V(0.00)H(0.00)E(0.00)Q(0.00)V(0.00)G(0.00)G(0.00)P(0.00)S(0.00)L(0.00)T(0.00)S(0.00)D(0.00)L(0.00)Q(0.00)A(0.00)Q(0.00)S(0.00)K(0.00)	N(0)N(1)A(0)T(0)V(0)H(0)E(0)Q(0)V(0)G(0)G(0)P(0)S(0)L(0)T(0)S(0)D(0)L(0)Q(0)A(0)Q(0)S(0)K(0)	40.72367	11	0	0	46.79061	15	15.386032	1	0	0	0	FALSE	FALSE	FALSE	sp|P04004|VTNC_HUMAN	P04004	VTNC_HUMAN	VTN	Vitronectin		tr|F5GX75|F5GX75_HUMAN	25703	0	0	0	0	0	0
240419_ES_R00006_MG_c00001_SA_NPB_3_i2.25793.25793.3	D:\SHARE\Tim\25-12-03_GD_Dataset\GD_dataset\NPB_3_i2\interact.pep.xml	FSDGLESNSSTQFEVK	FSDGLESN[1979]SSTQFEVK	GTWKISAR.FSDGLESNSSTQFEVK.KYVLPNFE	R	K	16	3	2503.8438	3639.4443	3639.436	1214.1554	1214.1526	3638.4399	1213.8206	0.9961	5.63E-06	32.924	0	1	0	2	0	219	234	12516852	8N(1864.6342)	NA	HexNAc(2)Hex(9) % 1864.6341	3.82	0	FSDGLESnSSTQFEVK	F(0.00)S(0.00)D(0.00)G(0.00)L(0.00)E(0.00)S(0.00)N(32.92)S(0.00)S(0.00)T(0.00)Q(0.00)F(0.00)E(0.00)V(0.00)K(0.00)	N8	1	F(0.00)S(0.00)D(0.00)G(0.00)L(0.00)E(0.00)S(0.00)N(11.26)S(0.00)S(0.00)T(0.00)Q(0.00)F(0.00)E(0.00)V(0.00)K(0.00)	F(0)S(0)D(0)G(0)L(0)E(0)S(0)N(0)S(0)S(0)T(0)Q(0)F(0)E(0)V(0)K(0)	32.92474	10	0	0	32.92474	10	11.262899	0	0	0	0	FALSE	FALSE	FALSE	sp|P0C0L4|CO4A_HUMAN	P0C0L4	CO4A_HUMAN	C4A	Complement C4-A	C4B	"sp|P0C0L5|CO4B_HUMAN, tr|A0A0G2JPR0|A0A0G2JPR0_HUMAN, tr|A0A140TA49|A0A140TA49_HUMAN, tr|F5GXS0|F5GXS0_HUMAN"	25744	2500.124	25744	2385.875	2512.854	26.206001	67
240419_ES_R00006_MG_c00001_SA_NPB_3_i2.25813.25813.4	D:\SHARE\Tim\25-12-03_GD_Dataset\GD_dataset\NPB_3_i2\interact.pep.xml	NNATVHEQVGGPSLTSDLQAQSK	NN[2319]ATVHEQVGGPSLTSDLQAQSK	VYDDGEEK.NNATVHEQVGGPSLTSDLQAQSK.GNPEQTPV	K	G	23	4	2505.384	4584.95	4584.9365	1147.2448	1147.2414	4584.9346	1147.241	0.0022	4.86E-08	41.755	12.815	1	0	2	0	85	107	13442069500	2N(2204.7725)	NA	HexNAc(4)Hex(5)NeuAc(2) % 2204.7724	7.1	0	NnATVHEQVGGPSLTSDLQAQSK	N(0.00)N(41.76)A(0.00)T(0.00)V(0.00)H(0.00)E(0.00)Q(0.00)V(0.00)G(0.00)G(0.00)P(0.00)S(0.00)L(0.00)T(0.00)S(0.00)D(0.00)L(0.00)Q(0.00)A(0.00)Q(0.00)S(0.00)K(0.00)	N2	1	N(0.00)N(12.85)A(0.00)T(0.00)V(0.00)H(0.00)E(0.00)Q(0.00)V(0.00)G(0.00)G(0.00)P(0.00)S(0.00)L(0.00)T(0.00)S(0.00)D(0.00)L(0.00)Q(0.00)A(0.00)Q(0.00)S(0.00)K(0.00)	N(0)N(2)A(0)T(0)V(0)H(0)E(0)Q(0)V(0)G(0)G(0)P(0)S(0)L(0)T(0)S(0)D(0)L(0)Q(0)A(0)Q(0)S(0)K(0)	41.75515	14	0	0	41.6968	14	12.845071	2	0	0	0	FALSE	FALSE	FALSE	sp|P04004|VTNC_HUMAN	P04004	VTNC_HUMAN	VTN	Vitronectin		tr|F5GX75|F5GX75_HUMAN	25782	2528.664	26117	2433.0452	3472.8071	38.528004	483
240419_ES_R00006_MG_c00001_SA_NPB_3_i2.25858.25858.5	D:\SHARE\Tim\25-12-03_GD_Dataset\GD_dataset\NPB_3_i2\interact.pep.xml	NNATVHEQVGGPSLTSDLQAQSK	NN[2465]ATVHEQVGGPSLTSDLQAQSK	VYDDGEEK.NNATVHEQVGGPSLTSDLQAQSK.GNPEQTPV	K	G	23	5	2508.6697	4731.003	4730.9937	947.2079	947.206	4730.9922	947.2057	0.0015	0.002508059	15.15	7.779	0.9999	0	2	0	85	107	54614680	2N(2350.8303)	NA	HexNAc(4)Hex(5)Fuc(1)NeuAc(2) % 2350.8303	0.8	0	NnATVHEQVGGPSLTSDLQAQSK	N(0.00)N(15.15)A(0.00)T(0.00)V(0.00)H(0.00)E(0.00)Q(0.00)V(0.00)G(0.00)G(0.00)P(0.00)S(0.00)L(0.00)T(0.00)S(0.00)D(0.00)L(0.00)Q(0.00)A(0.00)Q(0.00)S(0.00)K(0.00)	N2	1	N(0.00)N(11.01)A(0.00)T(0.00)V(0.00)H(0.00)E(0.00)Q(0.00)V(0.00)G(0.00)G(0.00)P(0.00)S(0.00)L(0.00)T(0.00)S(0.00)D(0.00)L(0.00)Q(0.00)A(0.00)Q(0.00)S(0.00)K(0.00)	N(0)N(1)A(0)T(0)V(0)H(0)E(0)Q(0)V(0)G(0)G(0)P(0)S(0)L(0)T(0)S(0)D(0)L(0)Q(0)A(0)Q(0)S(0)K(0)	15.1502075	3	0	0	14.440695	2	11.011755	1	0	0	0	FALSE	FALSE	FALSE	sp|P04004|VTNC_HUMAN	P04004	VTNC_HUMAN	VTN	Vitronectin		tr|F5GX75|F5GX75_HUMAN	25811	2519.5151	26001	2505.174	2531.654	8.425	14
240419_ES_R00006_MG_c00001_SA_NPB_3_i2.25868.25868.5	D:\SHARE\Tim\25-12-03_GD_Dataset\GD_dataset\NPB_3_i2\interact.pep.xml	NNATVHEQVGGPSLTSDLQAQSK	NN[2319]ATVHEQVGGPSLTSDLQAQSK	VYDDGEEK.NNATVHEQVGGPSLTSDLQAQSK.GNPEQTPV	K	G	23	5	2509.6616	4584.9424	4584.933	917.9958	917.9939	4584.9346	917.9943	-0.0012	2.00E-14	49.147	15.333	1	0	2	0	85	107	274403040	2N(2204.7725)	NA	HexNAc(4)Hex(5)NeuAc(2) % 2204.7724	6.74	0	NnATVHEQVGGPSLTSDLQAQSK	N(0.00)N(49.15)A(0.00)T(0.00)V(0.00)H(0.00)E(0.00)Q(0.00)V(0.00)G(0.00)G(0.00)P(0.00)S(0.00)L(0.00)T(0.00)S(0.00)D(0.00)L(0.00)Q(0.00)A(0.00)Q(0.00)S(0.00)K(0.00)	N2	1	N(0.00)N(16.00)A(0.00)T(0.00)V(0.00)H(0.00)E(0.00)Q(0.00)V(0.00)G(0.00)G(0.00)P(0.00)S(0.00)L(0.00)T(0.00)S(0.00)D(0.00)L(0.00)Q(0.00)A(0.00)Q(0.00)S(0.00)K(0.00)	N(0)N(3)A(0)T(0)V(0)H(0)E(0)Q(0)V(0)G(0)G(0)P(0)S(0)L(0)T(0)S(0)D(0)L(0)Q(0)A(0)Q(0)S(0)K(0)	49.14765	16	0	0	45.798885	14	15.997605	3	0	0	0	FALSE	FALSE	FALSE	sp|P04004|VTNC_HUMAN	P04004	VTNC_HUMAN	VTN	Vitronectin		tr|F5GX75|F5GX75_HUMAN	25811	2528.664	26117	2494.923	2608.561	19.567001	64
240419_ES_R00006_MG_c00001_SA_NPB_3_i2.25877.25877.3	D:\SHARE\Tim\25-12-03_GD_Dataset\GD_dataset\NPB_3_i2\interact.pep.xml	NNATVHEQVGGPSLTSDLQAQSK	NN[2028]ATVHEQVGGPSLTSDLQAQSK	VYDDGEEK.NNATVHEQVGGPSLTSDLQAQSK.GNPEQTPV	K	G	23	3	2510.4338	4293.847	4293.839	1432.2896	1432.2869	4293.8389	1432.287	0	2.20E-10	46.134	7.134	1	0	2	0	85	107	0	2N(1913.6770)	NA	HexNAc(4)Hex(5)NeuAc(1) % 1913.6770	8.62	0	NnATVHEQVGGPSLTSDLQAQSK	N(0.00)N(44.37)A(0.00)T(0.00)V(0.00)H(0.00)E(0.00)Q(0.00)V(0.00)G(0.00)G(0.00)P(0.00)S(0.00)L(0.00)T(0.00)S(0.00)D(0.00)L(0.00)Q(0.00)A(0.00)Q(0.00)S(0.00)K(0.00)	N2	1	N(0.00)N(14.11)A(0.00)T(0.00)V(0.00)H(0.00)E(0.00)Q(0.00)V(0.00)G(0.00)G(0.00)P(0.00)S(0.00)L(0.00)T(0.00)S(0.00)D(0.00)L(0.00)Q(0.00)A(0.00)Q(0.00)S(0.00)K(0.00)	N(0)N(3)A(0)T(0)V(0)H(0)E(0)Q(0)V(0)G(0)G(0)P(0)S(0)L(0)T(0)S(0)D(0)L(0)Q(0)A(0)Q(0)S(0)K(0)	44.3711	15	0	0	46.134583	16	14.110235	3	0	0	0	FALSE	FALSE	FALSE	sp|P04004|VTNC_HUMAN	P04004	VTNC_HUMAN	VTN	Vitronectin		tr|F5GX75|F5GX75_HUMAN	25843	0	0	0	0	0	0
240419_ES_R00006_MG_c00001_SA_NPB_3_i2.25981.25981.3	D:\SHARE\Tim\25-12-03_GD_Dataset\GD_dataset\NPB_3_i2\interact.pep.xml	NGSLFAFR	N[2319]GSLFAFR	FDAFTDLK.NGSLFAFR.GQYCYELD	K	G	8	3	2518.0696	3115.2534	3115.2559	1039.4251	1039.4259	3115.2385	1039.42	0.0173	0.01219692	14.155	0	0.9931	0	2	0	169	176	22255146	1N(2204.7725)	NA	HexNAc(4)Hex(5)NeuAc(2) % 2204.7724	3.44	0	nGSLFAFR	N(14.16)G(0.00)S(0.00)L(0.00)F(0.00)A(0.00)F(0.00)R(0.00)	N1	1	N(10.36)G(0.00)S(0.00)L(0.00)F(0.00)A(0.00)F(0.00)R(0.00)	N(0)G(0)S(0)L(0)F(0)A(0)F(0)R(0)	14.155344	2	0	0	14.155344	2	10.355165	0	0	0	0	FALSE	FALSE	TRUE	sp|P04004|VTNC_HUMAN	P04004	VTNC_HUMAN	VTN	Vitronectin			25953	2517.652	25976	2500.124	2530.3372	14.216001	9
240419_ES_R00006_MG_c00001_SA_NPB_3_i2.26024.26024.4	D:\SHARE\Tim\25-12-03_GD_Dataset\GD_dataset\NPB_3_i2\interact.pep.xml	NNATVHEQVGGPSLTSDLQAQSK	NN[2174]ATVHEQVGGPSLTSDLQAQSK	VYDDGEEK.NNATVHEQVGGPSLTSDLQAQSK.GNPEQTPV	K	G	23	4	2521.1812	4442.9087	4442.9	1111.7345	1111.7323	4439.8965	1110.9814	3.0032	0.05357968	13.584	0	0.7728	0.000230947	2	0	85	107	13035214	2N(2059.7349)	NA	HexNAc(4)Hex(5)Fuc(1)NeuAc(1) % 2059.7349	-1.62	0.001120448	NnATVHEQVGGPSLTSDLQAQSK	N(0.00)N(13.58)A(0.00)T(0.00)V(0.00)H(0.00)E(0.00)Q(0.00)V(0.00)G(0.00)G(0.00)P(0.00)S(0.00)L(0.00)T(0.00)S(0.00)D(0.00)L(0.00)Q(0.00)A(0.00)Q(0.00)S(0.00)K(0.00)	N2	1	N(0.00)N(7.95)A(0.00)T(0.00)V(0.00)H(0.00)E(0.00)Q(0.00)V(0.00)G(0.00)G(0.00)P(0.00)S(0.00)L(0.00)T(0.00)S(0.00)D(0.00)L(0.00)Q(0.00)A(0.00)Q(0.00)S(0.00)K(0.00)	N(0)N(0)A(0)T(0)V(0)H(0)E(0)Q(0)V(0)G(0)G(0)P(0)S(0)L(0)T(0)S(0)D(0)L(0)Q(0)A(0)Q(0)S(0)K(0)	13.58493	3	0	0	13.58493	3	7.9528484	0	0	0	0	FALSE	FALSE	FALSE	sp|P04004|VTNC_HUMAN	P04004	VTNC_HUMAN	VTN	Vitronectin		tr|F5GX75|F5GX75_HUMAN	25976	2521.476	26027	2502.9612	2525.5652	9.258	7
240419_ES_R00006_MG_c00001_SA_NPB_3_i2.26028.26028.3	D:\SHARE\Tim\25-12-03_GD_Dataset\GD_dataset\NPB_3_i2\interact.pep.xml	NNATVHEQVGGPSLTSDLQAQSK	NN[2319]ATVHEQVGGPSLTSDLQAQSK	VYDDGEEK.NNATVHEQVGGPSLTSDLQAQSK.GNPEQTPV	K	G	23	3	2521.4912	4584.945	4584.9385	1529.3223	1529.3201	4584.9346	1529.3188	0.0042	1.94E-12	54.353	10.401	1	0	2	0	85	107	4565833200	2N(2204.7725)	NA	HexNAc(4)Hex(5)NeuAc(2) % 2204.7724	5.36	0	NnATVHEQVGGPSLTSDLQAQSK	N(0.00)N(52.49)A(0.00)T(0.00)V(0.00)H(0.00)E(0.00)Q(0.00)V(0.00)G(0.00)G(0.00)P(0.00)S(0.00)L(0.00)T(0.00)S(0.00)D(0.00)L(0.00)Q(0.00)A(0.00)Q(0.00)S(0.00)K(0.00)	N2	1	N(0.00)N(19.42)A(0.00)T(0.00)V(0.00)H(0.00)E(0.00)Q(0.00)V(0.00)G(0.00)G(0.00)P(0.00)S(0.00)L(0.00)T(0.00)S(0.00)D(0.00)L(0.00)Q(0.00)A(0.00)Q(0.00)S(0.00)K(0.00)	N(0)N(5)A(0)T(0)V(0)H(0)E(0)Q(0)V(0)G(0)G(0)P(0)S(0)L(0)T(0)S(0)D(0)L(0)Q(0)A(0)Q(0)S(0)K(0)	52.49229	18	0	0	54.353764	19	19.415993	5	0	0	0	FALSE	FALSE	FALSE	sp|P04004|VTNC_HUMAN	P04004	VTNC_HUMAN	VTN	Vitronectin		tr|F5GX75|F5GX75_HUMAN	26001	2534.412	26191	2461.559	2911.8452	35.525	214
240419_ES_R00006_MG_c00001_SA_NPB_3_i2.26040.26040.4	D:\SHARE\Tim\25-12-03_GD_Dataset\GD_dataset\NPB_3_i2\interact.pep.xml	NNATVHEQVGGPSLTSDLQAQSK	NN[2975]ATVHEQVGGPSLTSDLQAQSK	VYDDGEEK.NNATVHEQVGGPSLTSDLQAQSK.GNPEQTPV	K	G	23	4	2522.4363	5244.2007	5244.194	1312.0575	1312.0558	5241.1621	1311.2979	3.032	2.86E-08	31.661	14.258	1	0	2	0	85	107	0	2N(2861.0000)	NA	HexNAc(5)Hex(6)NeuAc(3) % 2861.0000	0.8	0	NnATVHEQVGGPSLTSDLQAQSK	N(0.00)N(31.66)A(0.00)T(0.00)V(0.00)H(0.00)E(0.00)Q(0.00)V(0.00)G(0.00)G(0.00)P(0.00)S(0.00)L(0.00)T(0.00)S(0.00)D(0.00)L(0.00)Q(0.00)A(0.00)Q(0.00)S(0.00)K(0.00)	N2	1	N(0.00)N(11.64)A(0.00)T(0.00)V(0.00)H(0.00)E(0.00)Q(0.00)V(0.00)G(0.00)G(0.00)P(0.00)S(0.00)L(0.00)T(0.00)S(0.00)D(0.00)L(0.00)Q(0.00)A(0.00)Q(0.00)S(0.00)K(0.00)	N(0)N(3)A(0)T(0)V(0)H(0)E(0)Q(0)V(0)G(0)G(0)P(0)S(0)L(0)T(0)S(0)D(0)L(0)Q(0)A(0)Q(0)S(0)K(0)	31.661022	12	0	0	29.935644	11	11.639352	3	0	0	0	FALSE	FALSE	FALSE	sp|P04004|VTNC_HUMAN	P04004	VTNC_HUMAN	VTN	Vitronectin		tr|F5GX75|F5GX75_HUMAN	26001	0	0	0	0	0	0
240419_ES_R00006_MG_c00001_SA_NPB_3_i2.26074.26074.3	D:\SHARE\Tim\25-12-03_GD_Dataset\GD_dataset\NPB_3_i2\interact.pep.xml	EYESYSDFERNVTEK	EYESYSDFERN[2028]VTEK	GKYEFILK.EYESYSDFERNVTEK.MASKSGFS	K	M	15	3	2524.9233	3809.5056	3809.4998	1270.8425	1270.8405	3808.499	1270.507	1.0007	0.007516228	14.996	5.939	0.8881	0.000230947	2	1	233	247	15834455	11N(1913.6770)	NA	HexNAc(4)Hex(5)NeuAc(1) % 1913.6770	5.1	0	EYESYSDFERnVTEK	E(0.00)Y(0.00)E(0.00)S(0.00)Y(0.00)S(0.00)D(0.00)F(0.00)E(0.00)R(0.00)N(15.00)V(0.00)T(0.00)E(0.00)K(0.00)	N11	1	E(0.00)Y(0.00)E(0.00)S(0.00)Y(0.00)S(0.00)D(0.00)F(0.00)E(0.00)R(0.00)N(10.91)V(0.00)T(0.00)E(0.00)K(0.00)	E(0)Y(0)E(0)S(0)Y(0)S(0)D(0)F(0)E(0)R(0)N(1)V(0)T(0)E(0)K(0)	14.996369	3	0	0	12.889725	2	10.911325	1	0	0	0	FALSE	FALSE	TRUE	sp|P07358|CO8B_HUMAN	P07358	CO8B_HUMAN	C8B	Complement component C8 beta chain			26027	2517.652	25976	2505.174	2534.412	12.711	6
240419_ES_R00006_MG_c00001_SA_NPB_3_i2.26084.26084.4	D:\SHARE\Tim\25-12-03_GD_Dataset\GD_dataset\NPB_3_i2\interact.pep.xml	NNATVHEQVGGPSLTSDLQAQSK	NN[2028]ATVHEQVGGPSLTSDLQAQSK	VYDDGEEK.NNATVHEQVGGPSLTSDLQAQSK.GNPEQTPV	K	G	23	4	2525.7742	4294.8457	4294.8374	1074.7187	1074.7166	4293.8389	1074.467	0.9985	1.30E-13	59.524	13.078	1	0	2	0	85	107	88055984	2N(1913.6770)	NA	HexNAc(4)Hex(5)NeuAc(1) % 1913.6770	3.93	0	NnATVHEQVGGPSLTSDLQAQSK	N(0.00)N(51.76)A(0.00)T(0.00)V(0.00)H(0.00)E(0.00)Q(0.00)V(0.00)G(0.00)G(0.00)P(0.00)S(0.00)L(0.00)T(0.00)S(0.00)D(0.00)L(0.00)Q(0.00)A(0.00)Q(0.00)S(0.00)K(0.00)	N2	1	N(0.00)N(13.98)A(0.00)T(0.00)V(0.00)H(0.00)E(0.00)Q(0.00)V(0.00)G(0.00)G(0.00)P(0.00)S(0.00)L(0.00)T(0.00)S(0.00)D(0.00)L(0.00)Q(0.00)A(0.00)Q(0.00)S(0.00)K(0.00)	N(0)N(3)A(0)T(0)V(0)H(0)E(0)Q(0)V(0)G(0)G(0)P(0)S(0)L(0)T(0)S(0)D(0)L(0)Q(0)A(0)Q(0)S(0)K(0)	51.761795	18	0	0	59.52434	22	13.980543	3	0	0	0	FALSE	FALSE	FALSE	sp|P04004|VTNC_HUMAN	P04004	VTNC_HUMAN	VTN	Vitronectin		tr|F5GX75|F5GX75_HUMAN	26067	2528.664	26117	2104.417	2620.131	29.693	269
240419_ES_R00006_MG_c00001_SA_NPB_3_i2.26110.26110.5	D:\SHARE\Tim\25-12-03_GD_Dataset\GD_dataset\NPB_3_i2\interact.pep.xml	YPHKPEINSTTHPGADLQENFCR	YPHKPEIN[2319]STTHPGADLQENFCR	ECQLWRSR.YPHKPEINSTTHPGADLQENFCR.NPDSSTTG	R	N	23	5	2527.734	4915.0234	4915.015	984.012	984.0103	4915.0283	984.013	-0.0129	4.93E-09	21.281	7.861	1	0	2	1	136	158	50669732	"8N(2204.7725),22C(57.0215)"	NA	HexNAc(4)Hex(5)NeuAc(2) % 2204.7724	3.78	0	YPHKPEInSTTHPGADLQENFCR	Y(0.00)P(0.00)H(0.00)K(0.00)P(0.00)E(0.00)I(0.00)N(21.28)S(0.00)T(0.00)T(0.00)H(0.00)P(0.00)G(0.00)A(0.00)D(0.00)L(0.00)Q(0.00)E(0.00)N(0.00)F(0.00)C(0.00)R(0.00)	N8	1	Y(0.00)P(0.00)H(0.00)K(0.00)P(0.00)E(0.00)I(0.00)N(7.13)S(0.00)T(0.00)T(0.00)H(0.00)P(0.00)G(0.00)A(0.00)D(0.00)L(0.00)Q(0.00)E(0.00)N(0.00)F(0.00)C(0.00)R(0.00)	Y(0)P(0)H(0)K(0)P(0)E(0)I(0)N(0)S(0)T(0)T(0)H(0)P(0)G(0)A(0)D(0)L(0)Q(0)E(0)N(0)F(0)C(0)R(0)	21.281368	7	0	0	21.281368	7	7.125656	0	0	0	0	FALSE	FALSE	FALSE	sp|P00734|THRB_HUMAN	P00734	THRB_HUMAN	F2	Prothrombin		"tr|C9JV37|C9JV37_HUMAN, tr|E9PIT3|E9PIT3_HUMAN"	26082	2519.5151	26001	2383.884	2537.0662	22.818	80
240419_ES_R00006_MG_c00001_SA_NPB_3_i2.26140.26140.4	D:\SHARE\Tim\25-12-03_GD_Dataset\GD_dataset\NPB_3_i2\interact.pep.xml	NNATVHEQVGGPSLTSDLQAQSK	NN[2684]ATVHEQVGGPSLTSDLQAQSK	VYDDGEEK.NNATVHEQVGGPSLTSDLQAQSK.GNPEQTPV	K	G	23	4	2530.3516	4950.0776	4950.065	1238.5267	1238.5235	4950.0664	1238.5239	-0.0015	2.69E-10	49.422	14.844	1	0	2	0	85	107	1801130620	2N(2569.9045)	NA	HexNAc(5)Hex(6)NeuAc(2) % 2569.9046	7.31	0	NnATVHEQVGGPSLTSDLQAQSK	N(0.00)N(49.42)A(0.00)T(0.00)V(0.00)H(0.00)E(0.00)Q(0.00)V(0.00)G(0.00)G(0.00)P(0.00)S(0.00)L(0.00)T(0.00)S(0.00)D(0.00)L(0.00)Q(0.00)A(0.00)Q(0.00)S(0.00)K(0.00)	N2	1	N(0.00)N(17.51)A(0.00)T(0.00)V(0.00)H(0.00)E(0.00)Q(0.00)V(0.00)G(0.00)G(0.00)P(0.00)S(0.00)L(0.00)T(0.00)S(0.00)D(0.00)L(0.00)Q(0.00)A(0.00)Q(0.00)S(0.00)K(0.00)	N(0)N(5)A(0)T(0)V(0)H(0)E(0)Q(0)V(0)G(0)G(0)P(0)S(0)L(0)T(0)S(0)D(0)L(0)Q(0)A(0)Q(0)S(0)K(0)	49.42222	18	0	0	47.74798	17	17.512493	5	0	0	0	FALSE	FALSE	FALSE	sp|P04004|VTNC_HUMAN	P04004	VTNC_HUMAN	VTN	Vitronectin		tr|F5GX75|F5GX75_HUMAN	26117	2507.549	25843	2470.4822	2895.6372	38.137	203
240419_ES_R00006_MG_c00001_SA_NPB_3_i2.26142.26142.3	D:\SHARE\Tim\25-12-03_GD_Dataset\GD_dataset\NPB_3_i2\interact.pep.xml	NNATVHEQVGGPSLTSDLQAQSK	NN[2684]ATVHEQVGGPSLTSDLQAQSK	VYDDGEEK.NNATVHEQVGGPSLTSDLQAQSK.GNPEQTPV	K	G	23	3	2530.615	4950.0664	4950.0767	1651.0294	1651.0328	4950.0664	1651.0294	0.0103	4.88E-11	39.165	15.353	1	0	2	0	85	107	161189424	2N(2569.9045)	NA	HexNAc(5)Hex(6)NeuAc(2) % 2569.9046	2.76	0	NnATVHEQVGGPSLTSDLQAQSK	N(0.00)N(36.38)A(0.00)T(0.00)V(0.00)H(0.00)E(0.00)Q(0.00)V(0.00)G(0.00)G(0.00)P(0.00)S(0.00)L(0.00)T(0.00)S(0.00)D(0.00)L(0.00)Q(0.00)A(0.00)Q(0.00)S(0.00)K(0.00)	N2	1	N(0.00)N(11.89)A(0.00)T(0.00)V(0.00)H(0.00)E(0.00)Q(0.00)V(0.00)G(0.00)G(0.00)P(0.00)S(0.00)L(0.00)T(0.00)S(0.00)D(0.00)L(0.00)Q(0.00)A(0.00)Q(0.00)S(0.00)K(0.00)	N(0)N(0)A(0)T(0)V(0)H(0)E(0)Q(0)V(0)G(0)G(0)P(0)S(0)L(0)T(0)S(0)D(0)L(0)Q(0)A(0)Q(0)S(0)K(0)	36.382683	10	0	0	39.165222	12	11.894426	0	0	0	0	FALSE	FALSE	FALSE	sp|P04004|VTNC_HUMAN	P04004	VTNC_HUMAN	VTN	Vitronectin		tr|F5GX75|F5GX75_HUMAN	26117	2515.8801	25953	2475.884	2600.5742	33.365	68
240419_ES_R00006_MG_c00001_SA_NPB_3_i2.26157.26157.4	D:\SHARE\Tim\25-12-03_GD_Dataset\GD_dataset\NPB_3_i2\interact.pep.xml	NNATVHEQVGGPSLTSDLQAQSK	NN[2830]ATVHEQVGGPSLTSDLQAQSK	VYDDGEEK.NNATVHEQVGGPSLTSDLQAQSK.GNPEQTPV	K	G	23	4	2531.6687	5096.126	5096.1235	1275.0388	1275.0382	5096.124	1275.0383	-7.00E-04	3.71E-07	39.221	9.219	1	0	2	0	85	107	209198592	2N(2715.9624)	NA	HexNAc(5)Hex(6)Fuc(1)NeuAc(2) % 2715.9625	5.4	0	NnATVHEQVGGPSLTSDLQAQSK	N(0.00)N(39.22)A(0.00)T(0.00)V(0.00)H(0.00)E(0.00)Q(0.00)V(0.00)G(0.00)G(0.00)P(0.00)S(0.00)L(0.00)T(0.00)S(0.00)D(0.00)L(0.00)Q(0.00)A(0.00)Q(0.00)S(0.00)K(0.00)	N2	1	N(0.00)N(11.40)A(0.00)T(0.00)V(0.00)H(0.00)E(0.00)Q(0.00)V(0.00)G(0.00)G(0.00)P(0.00)S(0.00)L(0.00)T(0.00)S(0.00)D(0.00)L(0.00)Q(0.00)A(0.00)Q(0.00)S(0.00)K(0.00)	N(0)N(2)A(0)T(0)V(0)H(0)E(0)Q(0)V(0)G(0)G(0)P(0)S(0)L(0)T(0)S(0)D(0)L(0)Q(0)A(0)Q(0)S(0)K(0)	39.22176	14	0	0	37.387848	13	11.398561	2	0	0	0	FALSE	FALSE	FALSE	sp|P04004|VTNC_HUMAN	P04004	VTNC_HUMAN	VTN	Vitronectin		tr|F5GX75|F5GX75_HUMAN	26139	2540.694	26267	2457.415	2816.9941	37.844	172
240419_ES_R00006_MG_c00001_SA_NPB_3_i2.26161.26161.3	D:\SHARE\Tim\25-12-03_GD_Dataset\GD_dataset\NPB_3_i2\interact.pep.xml	NNATVHEQVGGPSLTSDLQAQSK	NN[2684]ATVHEQVGGPSLTSDLQAQSK	VYDDGEEK.NNATVHEQVGGPSLTSDLQAQSK.GNPEQTPV	K	G	23	3	2532.091	4951.079	4951.0776	1651.3669	1651.3665	4950.0664	1651.0294	1.0112	9.00E-13	42.169	12.948	1	0	2	0	85	107	161189424	2N(2569.9045)	NA	HexNAc(5)Hex(6)NeuAc(2) % 2569.9046	3.62	0	NnATVHEQVGGPSLTSDLQAQSK	N(0.00)N(42.17)A(0.00)T(0.00)V(0.00)H(0.00)E(0.00)Q(0.00)V(0.00)G(0.00)G(0.00)P(0.00)S(0.00)L(0.00)T(0.00)S(0.00)D(0.00)L(0.00)Q(0.00)A(0.00)Q(0.00)S(0.00)K(0.00)	N2	1	N(0.00)N(15.93)A(0.00)T(0.00)V(0.00)H(0.00)E(0.00)Q(0.00)V(0.00)G(0.00)G(0.00)P(0.00)S(0.00)L(0.00)T(0.00)S(0.00)D(0.00)L(0.00)Q(0.00)A(0.00)Q(0.00)S(0.00)K(0.00)	N(0)N(4)A(0)T(0)V(0)H(0)E(0)Q(0)V(0)G(0)G(0)P(0)S(0)L(0)T(0)S(0)D(0)L(0)Q(0)A(0)Q(0)S(0)K(0)	42.169804	15	0	0	40.50807	14	15.933311	4	0	0	0	FALSE	FALSE	FALSE	sp|P04004|VTNC_HUMAN	P04004	VTNC_HUMAN	VTN	Vitronectin		tr|F5GX75|F5GX75_HUMAN	26139	2515.8801	25953	2475.884	2600.5742	33.365	68
240419_ES_R00006_MG_c00001_SA_NPB_3_i2.26166.26166.5	D:\SHARE\Tim\25-12-03_GD_Dataset\GD_dataset\NPB_3_i2\interact.pep.xml	NNATVHEQVGGPSLTSDLQAQSK	NN[2465]ATVHEQVGGPSLTSDLQAQSK	VYDDGEEK.NNATVHEQVGGPSLTSDLQAQSK.GNPEQTPV	K	G	23	5	2532.4434	4730.982	4730.9873	947.2037	947.2047	4730.9922	947.2057	-0.0049	1.30E-12	63.047	12.92	1	0	2	0	85	107	69812896	2N(2350.8303)	NA	HexNAc(4)Hex(5)Fuc(1)NeuAc(2) % 2350.8303	4.71	0	NnATVHEQVGGPSLTSDLQAQSK	N(0.00)N(63.05)A(0.00)T(0.00)V(0.00)H(0.00)E(0.00)Q(0.00)V(0.00)G(0.00)G(0.00)P(0.00)S(0.00)L(0.00)T(0.00)S(0.00)D(0.00)L(0.00)Q(0.00)A(0.00)Q(0.00)S(0.00)K(0.00)	N2	1	N(0.00)N(19.49)A(0.00)T(0.00)V(0.00)H(0.00)E(0.00)Q(0.00)V(0.00)G(0.00)G(0.00)P(0.00)S(0.00)L(0.00)T(0.00)S(0.00)D(0.00)L(0.00)Q(0.00)A(0.00)Q(0.00)S(0.00)K(0.00)	N(0)N(4)A(0)T(0)V(0)H(0)E(0)Q(0)V(0)G(0)G(0)P(0)S(0)L(0)T(0)S(0)D(0)L(0)Q(0)A(0)Q(0)S(0)K(0)	63.047012	20	0	0	61.052372	19	19.490091	4	0	0	0	FALSE	FALSE	FALSE	sp|P04004|VTNC_HUMAN	P04004	VTNC_HUMAN	VTN	Vitronectin		tr|F5GX75|F5GX75_HUMAN	26139	2528.664	26117	2502.9612	2577.6711	8.425	45
240419_ES_R00006_MG_c00001_SA_NPB_3_i2.26215.26215.4	D:\SHARE\Tim\25-12-03_GD_Dataset\GD_dataset\NPB_3_i2\interact.pep.xml	NNATVHEQVGGPSLTSDLQAQSK	NN[2028]ATVHEQVGGPSLTSDLQAQSK	VYDDGEEK.NNATVHEQVGGPSLTSDLQAQSK.GNPEQTPV	K	G	23	4	2536.4275	4293.8433	4293.837	1074.4681	1074.4665	4293.8389	1074.467	-0.002	0	52.362	16.617	1	0	2	0	85	107	82171840	2N(1913.6770)	NA	HexNAc(4)Hex(5)NeuAc(1) % 1913.6770	4.47	0	NnATVHEQVGGPSLTSDLQAQSK	N(0.00)N(50.58)A(0.00)T(0.00)V(0.00)H(0.00)E(0.00)Q(0.00)V(0.00)G(0.00)G(0.00)P(0.00)S(0.00)L(0.00)T(0.00)S(0.00)D(0.00)L(0.00)Q(0.00)A(0.00)Q(0.00)S(0.00)K(0.00)	N2	1	N(0.00)N(17.62)A(0.00)T(0.00)V(0.00)H(0.00)E(0.00)Q(0.00)V(0.00)G(0.00)G(0.00)P(0.00)S(0.00)L(0.00)T(0.00)S(0.00)D(0.00)L(0.00)Q(0.00)A(0.00)Q(0.00)S(0.00)K(0.00)	N(0)N(4)A(0)T(0)V(0)H(0)E(0)Q(0)V(0)G(0)G(0)P(0)S(0)L(0)T(0)S(0)D(0)L(0)Q(0)A(0)Q(0)S(0)K(0)	50.580326	17	0	0	52.362816	18	17.61824	4	0	0	0	FALSE	FALSE	FALSE	sp|P04004|VTNC_HUMAN	P04004	VTNC_HUMAN	VTN	Vitronectin		tr|F5GX75|F5GX75_HUMAN	26200	2530.3372	26139	2104.417	2617.739	29.693	269
240419_ES_R00006_MG_c00001_SA_NPB_3_i2.26224.26224.4	D:\SHARE\Tim\25-12-03_GD_Dataset\GD_dataset\NPB_3_i2\interact.pep.xml	NNATVHEQVGGPSLTSDLQAQSK	NN[2830]ATVHEQVGGPSLTSDLQAQSK	VYDDGEEK.NNATVHEQVGGPSLTSDLQAQSK.GNPEQTPV	K	G	23	4	2537.0806	5097.1377	5097.1255	1275.2917	1275.2887	5096.124	1275.0383	1.0012	2.00E-14	52.354	17.717	1	0	2	0	85	107	182867536	2N(2715.9624)	NA	HexNAc(5)Hex(6)Fuc(1)NeuAc(2) % 2715.9625	5.23	0	NnATVHEQVGGPSLTSDLQAQSK	N(0.00)N(52.35)A(0.00)T(0.00)V(0.00)H(0.00)E(0.00)Q(0.00)V(0.00)G(0.00)G(0.00)P(0.00)S(0.00)L(0.00)T(0.00)S(0.00)D(0.00)L(0.00)Q(0.00)A(0.00)Q(0.00)S(0.00)K(0.00)	N2	1	N(0.00)N(18.24)A(0.00)T(0.00)V(0.00)H(0.00)E(0.00)Q(0.00)V(0.00)G(0.00)G(0.00)P(0.00)S(0.00)L(0.00)T(0.00)S(0.00)D(0.00)L(0.00)Q(0.00)A(0.00)Q(0.00)S(0.00)K(0.00)	N(0)N(3)A(0)T(0)V(0)H(0)E(0)Q(0)V(0)G(0)G(0)P(0)S(0)L(0)T(0)S(0)D(0)L(0)Q(0)A(0)Q(0)S(0)K(0)	52.354156	16	0	0	49.090683	14	18.236847	3	0	0	0	FALSE	FALSE	FALSE	sp|P04004|VTNC_HUMAN	P04004	VTNC_HUMAN	VTN	Vitronectin		tr|F5GX75|F5GX75_HUMAN	26212	2542.154	26286	2457.415	2815.12	37.844	171
240419_ES_R00006_MG_c00001_SA_NPB_3_i2.26269.26269.5	D:\SHARE\Tim\25-12-03_GD_Dataset\GD_dataset\NPB_3_i2\interact.pep.xml	NNATVHEQVGGPSLTSDLQAQSK	NN[2684]ATVHEQVGGPSLTSDLQAQSK	VYDDGEEK.NNATVHEQVGGPSLTSDLQAQSK.GNPEQTPV	K	G	23	5	2540.9036	4951.0728	4951.064	991.2218	991.2201	4950.0664	991.0206	0.9976	1.24E-10	51.497	15.288	1	0	2	0	85	107	78826992	2N(2569.9045)	NA	HexNAc(5)Hex(6)NeuAc(2) % 2569.9046	4.35	0	NnATVHEQVGGPSLTSDLQAQSK	N(0.00)N(51.50)A(0.00)T(0.00)V(0.00)H(0.00)E(0.00)Q(0.00)V(0.00)G(0.00)G(0.00)P(0.00)S(0.00)L(0.00)T(0.00)S(0.00)D(0.00)L(0.00)Q(0.00)A(0.00)Q(0.00)S(0.00)K(0.00)	N2	1	N(0.00)N(21.38)A(0.00)T(0.00)V(0.00)H(0.00)E(0.00)Q(0.00)V(0.00)G(0.00)G(0.00)P(0.00)S(0.00)L(0.00)T(0.00)S(0.00)D(0.00)L(0.00)Q(0.00)A(0.00)Q(0.00)S(0.00)K(0.00)	N(0)N(6)A(0)T(0)V(0)H(0)E(0)Q(0)V(0)G(0)G(0)P(0)S(0)L(0)T(0)S(0)D(0)L(0)Q(0)A(0)Q(0)S(0)K(0)	51.497612	18	0	0	45.783363	15	21.381191	6	0	0	0	FALSE	FALSE	FALSE	sp|P04004|VTNC_HUMAN	P04004	VTNC_HUMAN	VTN	Vitronectin		tr|F5GX75|F5GX75_HUMAN	26257	2521.476	26027	2478.936	2579.5242	29.276001	53
240419_ES_R00006_MG_c00001_SA_NPB_3_i2.26284.26284.5	D:\SHARE\Tim\25-12-03_GD_Dataset\GD_dataset\NPB_3_i2\interact.pep.xml	NNATVHEQVGGPSLTSDLQAQSK	NN[2830]ATVHEQVGGPSLTSDLQAQSK	VYDDGEEK.NNATVHEQVGGPSLTSDLQAQSK.GNPEQTPV	K	G	23	5	2541.9443	5096.129	5096.119	1020.2331	1020.2311	5096.124	1020.2321	-0.0051	7.82E-09	40.928	5.583	1	0	2	0	85	107	0	2N(2715.9624)	NA	HexNAc(5)Hex(6)Fuc(1)NeuAc(2) % 2715.9625	2.47	0	NnATVHEQVGGPSLTSDLQAQSK	N(0.00)N(38.64)A(0.00)T(0.00)V(0.00)H(0.00)E(0.00)Q(0.00)V(0.00)G(0.00)G(0.00)P(0.00)S(0.00)L(0.00)T(0.00)S(0.00)D(0.00)L(0.00)Q(0.00)A(0.00)Q(0.00)S(0.00)K(0.00)	N2	1	N(0.00)N(13.29)A(0.00)T(0.00)V(0.00)H(0.00)E(0.00)Q(0.00)V(0.00)G(0.00)G(0.00)P(0.00)S(0.00)L(0.00)T(0.00)S(0.00)D(0.00)L(0.00)Q(0.00)A(0.00)Q(0.00)S(0.00)K(0.00)	N(0)N(0)A(0)T(0)V(0)H(0)E(0)Q(0)V(0)G(0)G(0)P(0)S(0)L(0)T(0)S(0)D(0)L(0)Q(0)A(0)Q(0)S(0)K(0)	38.64205	10	0	0	40.92851	12	13.286549	0	0	0	0	FALSE	FALSE	FALSE	sp|P04004|VTNC_HUMAN	P04004	VTNC_HUMAN	VTN	Vitronectin		tr|F5GX75|F5GX75_HUMAN	26257	0	0	0	0	0	0
240419_ES_R00006_MG_c00001_SA_NPB_3_i2.26350.26350.5	D:\SHARE\Tim\25-12-03_GD_Dataset\GD_dataset\NPB_3_i2\interact.pep.xml	YPHKPEINSTTHPGADLQENFCR	YPHKPEIN[2319]STTHPGADLQENFCR	ECQLWRSR.YPHKPEINSTTHPGADLQENFCR.NPDSSTTG	R	N	23	5	2547.9143	4915.025	4915.0205	984.0123	984.0114	4915.0283	984.013	-0.0076	0.1222503	11.151	6.69	0.8984	0.000230947	2	1	136	158	208311456	"8N(2204.7725),22C(57.0215)"	NA	HexNAc(4)Hex(5)NeuAc(2) % 2204.7724	2.82	0	YPHKPEInSTTHPGADLQENFCR	Y(0.00)P(0.00)H(0.00)K(0.00)P(0.00)E(0.00)I(0.00)N(11.15)S(0.00)T(0.00)T(0.00)H(0.00)P(0.00)G(0.00)A(0.00)D(0.00)L(0.00)Q(0.00)E(0.00)N(0.00)F(0.00)C(0.00)R(0.00)	N8	1	Y(0.00)P(0.00)H(0.00)K(0.00)P(0.00)E(0.00)I(0.00)N(2.85)S(0.00)T(0.00)T(0.00)H(0.00)P(0.00)G(0.00)A(0.00)D(0.00)L(0.00)Q(0.00)E(0.00)N(0.00)F(0.00)C(0.00)R(0.00)	Y(0)P(0)H(0)K(0)P(0)E(0)I(0)N(0)S(0)T(0)T(0)H(0)P(0)G(0)A(0)D(0)L(0)Q(0)E(0)N(0)F(0)C(0)R(0)	11.151079	5	0	0	11.151079	5	2.8470004	0	0	0	0	FALSE	FALSE	FALSE	sp|P00734|THRB_HUMAN	P00734	THRB_HUMAN	F2	Prothrombin		"tr|C9JV37|C9JV37_HUMAN, tr|E9PIT3|E9PIT3_HUMAN"	26337	2562.6511	26518	2536.1501	2669.652	32.819	72
240419_ES_R00006_MG_c00001_SA_NPB_3_i2.26351.26351.5	D:\SHARE\Tim\25-12-03_GD_Dataset\GD_dataset\NPB_3_i2\interact.pep.xml	NNATVHEQVGGPSLTSDLQAQSK	NN[2684]ATVHEQVGGPSLTSDLQAQSK	VYDDGEEK.NNATVHEQVGGPSLTSDLQAQSK.GNPEQTPV	K	G	23	5	2548.004	4950.071	4950.0566	991.0215	991.0186	4950.0664	991.0206	-0.0098	6.00E-14	46.756	15.366	1	0	2	0	85	107	0	2N(2569.9045)	NA	HexNAc(5)Hex(6)NeuAc(2) % 2569.9046	4.15	0	NnATVHEQVGGPSLTSDLQAQSK	N(0.00)N(46.76)A(0.00)T(0.00)V(0.00)H(0.00)E(0.00)Q(0.00)V(0.00)G(0.00)G(0.00)P(0.00)S(0.00)L(0.00)T(0.00)S(0.00)D(0.00)L(0.00)Q(0.00)A(0.00)Q(0.00)S(0.00)K(0.00)	N2	1	N(0.00)N(11.80)A(0.00)T(0.00)V(0.00)H(0.00)E(0.00)Q(0.00)V(0.00)G(0.00)G(0.00)P(0.00)S(0.00)L(0.00)T(0.00)S(0.00)D(0.00)L(0.00)Q(0.00)A(0.00)Q(0.00)S(0.00)K(0.00)	N(0)N(1)A(0)T(0)V(0)H(0)E(0)Q(0)V(0)G(0)G(0)P(0)S(0)L(0)T(0)S(0)D(0)L(0)Q(0)A(0)Q(0)S(0)K(0)	46.756973	15	0	0	45.75348	15	11.804205	1	0	0	0	FALSE	FALSE	FALSE	sp|P04004|VTNC_HUMAN	P04004	VTNC_HUMAN	VTN	Vitronectin		tr|F5GX75|F5GX75_HUMAN	26337	0	0	0	0	0	0
240419_ES_R00006_MG_c00001_SA_NPB_3_i2.26354.26354.3	D:\SHARE\Tim\25-12-03_GD_Dataset\GD_dataset\NPB_3_i2\interact.pep.xml	NNATVHEQVGGPSLTSDLQAQSK	NN[2684]ATVHEQVGGPSLTSDLQAQSK	VYDDGEEK.NNATVHEQVGGPSLTSDLQAQSK.GNPEQTPV	K	G	23	3	2548.2087	4950.071	4950.071	1651.0309	1651.0309	4950.0664	1651.0294	0.0044	1.52E-07	39.772	0	1	0	2	0	85	107	0	2N(2569.9045)	NA	HexNAc(5)Hex(6)NeuAc(2) % 2569.9046	3.87	0	NnATVHEQVGGPSLTSDLQAQSK	N(0.00)N(35.20)A(0.00)T(0.00)V(0.00)H(0.00)E(0.00)Q(0.00)V(0.00)G(0.00)G(0.00)P(0.00)S(0.00)L(0.00)T(0.00)S(0.00)D(0.00)L(0.00)Q(0.00)A(0.00)Q(0.00)S(0.00)K(0.00)	N2	1	N(0.00)N(11.67)A(0.00)T(0.00)V(0.00)H(0.00)E(0.00)Q(0.00)V(0.00)G(0.00)G(0.00)P(0.00)S(0.00)L(0.00)T(0.00)S(0.00)D(0.00)L(0.00)Q(0.00)A(0.00)Q(0.00)S(0.00)K(0.00)	N(0)N(1)A(0)T(0)V(0)H(0)E(0)Q(0)V(0)G(0)G(0)P(0)S(0)L(0)T(0)S(0)D(0)L(0)Q(0)A(0)Q(0)S(0)K(0)	35.203423	11	0	0	39.772903	14	11.667435	1	0	0	0	FALSE	FALSE	FALSE	sp|P04004|VTNC_HUMAN	P04004	VTNC_HUMAN	VTN	Vitronectin		tr|F5GX75|F5GX75_HUMAN	26337	0	0	0	0	0	0
240419_ES_R00006_MG_c00001_SA_NPB_3_i2.26470.26470.4	D:\SHARE\Tim\25-12-03_GD_Dataset\GD_dataset\NPB_3_i2\interact.pep.xml	NNATVHEQVGGPSLTSDLQAQSK	NN[2465]ATVHEQVGGPSLTSDLQAQSK	VYDDGEEK.NNATVHEQVGGPSLTSDLQAQSK.GNPEQTPV	K	G	23	4	2558.0574	4730.9995	4730.989	1183.7572	1183.7545	4730.9922	1183.7554	-0.0034	1.44E-11	53.865	10.716	1	0	2	0	85	107	1803143550	2N(2350.8303)	NA	HexNAc(4)Hex(5)Fuc(1)NeuAc(2) % 2350.8303	5.53	0	NnATVHEQVGGPSLTSDLQAQSK	N(0.00)N(53.87)A(0.00)T(0.00)V(0.00)H(0.00)E(0.00)Q(0.00)V(0.00)G(0.00)G(0.00)P(0.00)S(0.00)L(0.00)T(0.00)S(0.00)D(0.00)L(0.00)Q(0.00)A(0.00)Q(0.00)S(0.00)K(0.00)	N2	1	N(0.00)N(19.79)A(0.00)T(0.00)V(0.00)H(0.00)E(0.00)Q(0.00)V(0.00)G(0.00)G(0.00)P(0.00)S(0.00)L(0.00)T(0.00)S(0.00)D(0.00)L(0.00)Q(0.00)A(0.00)Q(0.00)S(0.00)K(0.00)	N(0)N(4)A(0)T(0)V(0)H(0)E(0)Q(0)V(0)G(0)G(0)P(0)S(0)L(0)T(0)S(0)D(0)L(0)Q(0)A(0)Q(0)S(0)K(0)	53.865784	17	0	0	52.18352	16	19.792795	4	0	0	0	FALSE	FALSE	FALSE	sp|P04004|VTNC_HUMAN	P04004	VTNC_HUMAN	VTN	Vitronectin		tr|F5GX75|F5GX75_HUMAN	26456	2534.412	26191	2455.205	2911.8452	30.538002	215
240419_ES_R00006_MG_c00001_SA_NPB_3_i2.26520.26520.3	D:\SHARE\Tim\25-12-03_GD_Dataset\GD_dataset\NPB_3_i2\interact.pep.xml	NNATVHEQVGGPSLTSDLQAQSK	NN[2465]ATVHEQVGGPSLTSDLQAQSK	VYDDGEEK.NNATVHEQVGGPSLTSDLQAQSK.GNPEQTPV	K	G	23	3	2562.8608	4731.011	4730.997	1578.0109	1578.0063	4730.9922	1578.0048	0.0049	0	51.318	12.757	1	0	2	0	85	107	158213920	2N(2350.8303)	NA	HexNAc(4)Hex(5)Fuc(1)NeuAc(2) % 2350.8303	4.36	0	NnATVHEQVGGPSLTSDLQAQSK	N(0.00)N(45.20)A(0.00)T(0.00)V(0.00)H(0.00)E(0.00)Q(0.00)V(0.00)G(0.00)G(0.00)P(0.00)S(0.00)L(0.00)T(0.00)S(0.00)D(0.00)L(0.00)Q(0.00)A(0.00)Q(0.00)S(0.00)K(0.00)	N2	1	N(0.00)N(14.03)A(0.00)T(0.00)V(0.00)H(0.00)E(0.00)Q(0.00)V(0.00)G(0.00)G(0.00)P(0.00)S(0.00)L(0.00)T(0.00)S(0.00)D(0.00)L(0.00)Q(0.00)A(0.00)Q(0.00)S(0.00)K(0.00)	N(0)N(0)A(0)T(0)V(0)H(0)E(0)Q(0)V(0)G(0)G(0)P(0)S(0)L(0)T(0)S(0)D(0)L(0)Q(0)A(0)Q(0)S(0)K(0)	45.19844	12	0	0	51.318085	16	14.027346	0	0	0	0	FALSE	FALSE	FALSE	sp|P04004|VTNC_HUMAN	P04004	VTNC_HUMAN	VTN	Vitronectin		tr|F5GX75|F5GX75_HUMAN	26507	2555.04	26430	2494.923	2753.414	30.538002	133
240419_ES_R00006_MG_c00001_SA_NPB_3_i2.26530.26530.3	D:\SHARE\Tim\25-12-03_GD_Dataset\GD_dataset\NPB_3_i2\interact.pep.xml	NNATVHEQVGGPSLTSDLQAQSK	NN[2174]ATVHEQVGGPSLTSDLQAQSK	VYDDGEEK.NNATVHEQVGGPSLTSDLQAQSK.GNPEQTPV	K	G	23	3	2563.5442	4440.9014	4440.9014	1481.3077	1481.3077	4439.8965	1480.9728	1.0046	8.61E-08	40.322	10.458	1	0	2	0	85	107	0	2N(2059.7349)	NA	HexNAc(4)Hex(5)Fuc(1)NeuAc(1) % 2059.7349	3.23	0	NnATVHEQVGGPSLTSDLQAQSK	N(0.00)N(38.97)A(0.00)T(0.00)V(0.00)H(0.00)E(0.00)Q(0.00)V(0.00)G(0.00)G(0.00)P(0.00)S(0.00)L(0.00)T(0.00)S(0.00)D(0.00)L(0.00)Q(0.00)A(0.00)Q(0.00)S(0.00)K(0.00)	N2	1	N(0.00)N(13.63)A(0.00)T(0.00)V(0.00)H(0.00)E(0.00)Q(0.00)V(0.00)G(0.00)G(0.00)P(0.00)S(0.00)L(0.00)T(0.00)S(0.00)D(0.00)L(0.00)Q(0.00)A(0.00)Q(0.00)S(0.00)K(0.00)	N(0)N(0)A(0)T(0)V(0)H(0)E(0)Q(0)V(0)G(0)G(0)P(0)S(0)L(0)T(0)S(0)D(0)L(0)Q(0)A(0)Q(0)S(0)K(0)	38.971897	10	0	0	40.322823	11	13.6277685	0	0	0	0	FALSE	FALSE	FALSE	sp|P04004|VTNC_HUMAN	P04004	VTNC_HUMAN	VTN	Vitronectin		tr|F5GX75|F5GX75_HUMAN	26507	0	0	0	0	0	0
240419_ES_R00006_MG_c00001_SA_NPB_3_i2.26564.26564.4	D:\SHARE\Tim\25-12-03_GD_Dataset\GD_dataset\NPB_3_i2\interact.pep.xml	NNATVHEQVGGPSLTSDLQAQSK	NN[2319]ATVHEQVGGPSLTSDLQAQSK	VYDDGEEK.NNATVHEQVGGPSLTSDLQAQSK.GNPEQTPV	K	G	23	4	2566.3071	4584.942	4584.9365	1147.2428	1147.2414	4584.9346	1147.241	0.0022	3.30E-13	58.421	14.885	1	0	2	0	85	107	9192201200	2N(2204.7725)	NA	HexNAc(4)Hex(5)NeuAc(2) % 2204.7724	6.74	0	NnATVHEQVGGPSLTSDLQAQSK	N(0.00)N(55.18)A(0.00)T(0.00)V(0.00)H(0.00)E(0.00)Q(0.00)V(0.00)G(0.00)G(0.00)P(0.00)S(0.00)L(0.00)T(0.00)S(0.00)D(0.00)L(0.00)Q(0.00)A(0.00)Q(0.00)S(0.00)K(0.00)	N2	1	N(0.00)N(16.12)A(0.00)T(0.00)V(0.00)H(0.00)E(0.00)Q(0.00)V(0.00)G(0.00)G(0.00)P(0.00)S(0.00)L(0.00)T(0.00)S(0.00)D(0.00)L(0.00)Q(0.00)A(0.00)Q(0.00)S(0.00)K(0.00)	N(0)N(3)A(0)T(0)V(0)H(0)E(0)Q(0)V(0)G(0)G(0)P(0)S(0)L(0)T(0)S(0)D(0)L(0)Q(0)A(0)Q(0)S(0)K(0)	55.178944	18	0	0	58.42105	20	16.117119	3	0	0	0	FALSE	FALSE	FALSE	sp|P04004|VTNC_HUMAN	P04004	VTNC_HUMAN	VTN	Vitronectin		tr|F5GX75|F5GX75_HUMAN	26549	2547.705	26348	2367.124	3474.7961	38.528004	515
240419_ES_R00006_MG_c00001_SA_NPB_3_i2.26621.26621.5	D:\SHARE\Tim\25-12-03_GD_Dataset\GD_dataset\NPB_3_i2\interact.pep.xml	NNATVHEQVGGPSLTSDLQAQSK	NN[2319]ATVHEQVGGPSLTSDLQAQSK	VYDDGEEK.NNATVHEQVGGPSLTSDLQAQSK.GNPEQTPV	K	G	23	5	2571.291	4584.9463	4584.9326	917.9965	917.9938	4584.9346	917.9943	-0.0017	2.76E-11	58.072	10.898	1	0	2	0	85	107	159690704	2N(2204.7725)	NA	HexNAc(4)Hex(5)NeuAc(2) % 2204.7724	6.77	0	NnATVHEQVGGPSLTSDLQAQSK	N(0.00)N(58.07)A(0.00)T(0.00)V(0.00)H(0.00)E(0.00)Q(0.00)V(0.00)G(0.00)G(0.00)P(0.00)S(0.00)L(0.00)T(0.00)S(0.00)D(0.00)L(0.00)Q(0.00)A(0.00)Q(0.00)S(0.00)K(0.00)	N2	1	N(0.00)N(18.92)A(0.00)T(0.00)V(0.00)H(0.00)E(0.00)Q(0.00)V(0.00)G(0.00)G(0.00)P(0.00)S(0.00)L(0.00)T(0.00)S(0.00)D(0.00)L(0.00)Q(0.00)A(0.00)Q(0.00)S(0.00)K(0.00)	N(0)N(5)A(0)T(0)V(0)H(0)E(0)Q(0)V(0)G(0)G(0)P(0)S(0)L(0)T(0)S(0)D(0)L(0)Q(0)A(0)Q(0)S(0)K(0)	58.072746	20	0	0	57.808857	20	18.923702	5	0	0	0	FALSE	FALSE	FALSE	sp|P04004|VTNC_HUMAN	P04004	VTNC_HUMAN	VTN	Vitronectin		tr|F5GX75|F5GX75_HUMAN	26608	2553.3062	26414	2497.0422	2608.561	19.567001	64
240419_ES_R00006_MG_c00001_SA_NPB_3_i2.26624.26624.3	D:\SHARE\Tim\25-12-03_GD_Dataset\GD_dataset\NPB_3_i2\interact.pep.xml	NNATVHEQVGGPSLTSDLQAQSK	NN[2028]ATVHEQVGGPSLTSDLQAQSK	VYDDGEEK.NNATVHEQVGGPSLTSDLQAQSK.GNPEQTPV	K	G	23	3	2571.6218	4293.8496	4293.8374	1432.2905	1432.2864	4293.8389	1432.287	-0.0015	1.70E-13	64.562	9.719	1	0	2	0	85	107	73745208	2N(1913.6770)	NA	HexNAc(4)Hex(5)NeuAc(1) % 1913.6770	5.27	0	NnATVHEQVGGPSLTSDLQAQSK	N(0.00)N(64.56)A(0.00)T(0.00)V(0.00)H(0.00)E(0.00)Q(0.00)V(0.00)G(0.00)G(0.00)P(0.00)S(0.00)L(0.00)T(0.00)S(0.00)D(0.00)L(0.00)Q(0.00)A(0.00)Q(0.00)S(0.00)K(0.00)	N2	1	N(0.00)N(25.46)A(0.00)T(0.00)V(0.00)H(0.00)E(0.00)Q(0.00)V(0.00)G(0.00)G(0.00)P(0.00)S(0.00)L(0.00)T(0.00)S(0.00)D(0.00)L(0.00)Q(0.00)A(0.00)Q(0.00)S(0.00)K(0.00)	N(0)N(8)A(0)T(0)V(0)H(0)E(0)Q(0)V(0)G(0)G(0)P(0)S(0)L(0)T(0)S(0)D(0)L(0)Q(0)A(0)Q(0)S(0)K(0)	64.56278	23	0	0	60.234676	21	25.462254	8	0	0	0	FALSE	FALSE	FALSE	sp|P04004|VTNC_HUMAN	P04004	VTNC_HUMAN	VTN	Vitronectin		tr|F5GX75|F5GX75_HUMAN	26608	2555.04	26430	2525.5652	2615.5151	17.671001	56
240419_ES_R00006_MG_c00001_SA_NPB_3_i2.26627.26627.5	D:\SHARE\Tim\25-12-03_GD_Dataset\GD_dataset\NPB_3_i2\interact.pep.xml	NNATVHEQVGGPSLTSDLQAQSK	NN[2465]ATVHEQVGGPSLTSDLQAQSK	VYDDGEEK.NNATVHEQVGGPSLTSDLQAQSK.GNPEQTPV	K	G	23	5	2571.8267	4731.0015	4730.9893	947.2076	947.2051	4730.9922	947.2057	-0.0029	2.52E-06	38.784	17.266	1	0	2	0	85	107	14204958	2N(2350.8303)	NA	HexNAc(4)Hex(5)Fuc(1)NeuAc(2) % 2350.8303	4.56	0	NnATVHEQVGGPSLTSDLQAQSK	N(0.00)N(37.32)A(0.00)T(0.00)V(0.00)H(0.00)E(0.00)Q(0.00)V(0.00)G(0.00)G(0.00)P(0.00)S(0.00)L(0.00)T(0.00)S(0.00)D(0.00)L(0.00)Q(0.00)A(0.00)Q(0.00)S(0.00)K(0.00)	N2	1	N(0.00)N(12.63)A(0.00)T(0.00)V(0.00)H(0.00)E(0.00)Q(0.00)V(0.00)G(0.00)G(0.00)P(0.00)S(0.00)L(0.00)T(0.00)S(0.00)D(0.00)L(0.00)Q(0.00)A(0.00)Q(0.00)S(0.00)K(0.00)	N(0)N(1)A(0)T(0)V(0)H(0)E(0)Q(0)V(0)G(0)G(0)P(0)S(0)L(0)T(0)S(0)D(0)L(0)Q(0)A(0)Q(0)S(0)K(0)	37.323433	11	0	0	38.784836	12	12.631358	1	0	0	0	FALSE	FALSE	FALSE	sp|P04004|VTNC_HUMAN	P04004	VTNC_HUMAN	VTN	Vitronectin		tr|F5GX75|F5GX75_HUMAN	26608	2559.281	26485	2542.154	2599.111	12.886001	34
240419_ES_R00006_MG_c00001_SA_NPB_3_i2.26708.26708.3	D:\SHARE\Tim\25-12-03_GD_Dataset\GD_dataset\NPB_3_i2\interact.pep.xml	NNATVHEQVGGPSLTSDLQAQSK	NN[2174]ATVHEQVGGPSLTSDLQAQSK	VYDDGEEK.NNATVHEQVGGPSLTSDLQAQSK.GNPEQTPV	K	G	23	3	2578.9036	4441.915	4441.909	1481.6456	1481.6436	4439.8965	1480.9728	2.0125	2.64E-10	35.401	15.448	1	0	2	0	85	107	0	2N(2059.7349)	NA	HexNAc(4)Hex(5)Fuc(1)NeuAc(1) % 2059.7349	0.69	0	NnATVHEQVGGPSLTSDLQAQSK	N(0.00)N(33.30)A(0.00)T(0.00)V(0.00)H(0.00)E(0.00)Q(0.00)V(0.00)G(0.00)G(0.00)P(0.00)S(0.00)L(0.00)T(0.00)S(0.00)D(0.00)L(0.00)Q(0.00)A(0.00)Q(0.00)S(0.00)K(0.00)	N2	1	N(0.00)N(11.61)A(0.00)T(0.00)V(0.00)H(0.00)E(0.00)Q(0.00)V(0.00)G(0.00)G(0.00)P(0.00)S(0.00)L(0.00)T(0.00)S(0.00)D(0.00)L(0.00)Q(0.00)A(0.00)Q(0.00)S(0.00)K(0.00)	N(0)N(0)A(0)T(0)V(0)H(0)E(0)Q(0)V(0)G(0)G(0)P(0)S(0)L(0)T(0)S(0)D(0)L(0)Q(0)A(0)Q(0)S(0)K(0)	33.29859	9	0	0	35.40114	10	11.609329	0	0	0	0	FALSE	FALSE	FALSE	sp|P04004|VTNC_HUMAN	P04004	VTNC_HUMAN	VTN	Vitronectin		tr|F5GX75|F5GX75_HUMAN	26661	0	0	0	0	0	0
240419_ES_R00006_MG_c00001_SA_NPB_3_i2.26723.26723.3	D:\SHARE\Tim\25-12-03_GD_Dataset\GD_dataset\NPB_3_i2\interact.pep.xml	FSDGLESNSSTQFEVK	FSDGLESN[1979]SSTQFEVK	GTWKISAR.FSDGLESNSSTQFEVK.KYVLPNFE	R	K	16	3	2580.103	3639.458	3639.4502	1214.1599	1214.1573	3638.4399	1213.8206	1.0104	0.000674644	15.212	7.147	1	0	2	0	219	234	0	8N(1864.6342)	NA	HexNAc(2)Hex(9) % 1864.6341	3.07	0	FSDGLESnSSTQFEVK	F(0.00)S(0.00)D(0.00)G(0.00)L(0.00)E(0.00)S(0.00)N(15.21)S(0.00)S(0.00)T(0.00)Q(0.00)F(0.00)E(0.00)V(0.00)K(0.00)	N8	1	F(0.00)S(0.00)D(0.00)G(0.00)L(0.00)E(0.00)S(0.00)N(6.13)S(0.00)S(0.00)T(0.00)Q(0.00)F(0.00)E(0.00)V(0.00)K(0.00)	F(0)S(0)D(0)G(0)L(0)E(0)S(0)N(0)S(0)S(0)T(0)Q(0)F(0)E(0)V(0)K(0)	15.212379	5	0	0	15.212379	5	6.126734	0	0	0	0	FALSE	FALSE	FALSE	sp|P0C0L4|CO4A_HUMAN	P0C0L4	CO4A_HUMAN	C4A	Complement C4-A	C4B	"sp|P0C0L5|CO4B_HUMAN, tr|A0A0G2JPR0|A0A0G2JPR0_HUMAN, tr|A0A140TA49|A0A140TA49_HUMAN, tr|F5GXS0|F5GXS0_HUMAN"	26691	0	0	0	0	0	0
240419_ES_R00006_MG_c00001_SA_NPB_3_i2.26768.26768.3	D:\SHARE\Tim\25-12-03_GD_Dataset\GD_dataset\NPB_3_i2\interact.pep.xml	NNATVHEQVGGPSLTSDLQAQSK	NN[2319]ATVHEQVGGPSLTSDLQAQSK	VYDDGEEK.NNATVHEQVGGPSLTSDLQAQSK.GNPEQTPV	K	G	23	3	2584.1506	4584.945	4584.9385	1529.3223	1529.3201	4584.9346	1529.3188	0.0042	0	59.85	15.128	1	0	2	0	85	107	586872700	2N(2204.7725)	NA	HexNAc(4)Hex(5)NeuAc(2) % 2204.7724	6.06	0	NnATVHEQVGGPSLTSDLQAQSK	N(0.00)N(59.85)A(0.00)T(0.00)V(0.00)H(0.00)E(0.00)Q(0.00)V(0.00)G(0.00)G(0.00)P(0.00)S(0.00)L(0.00)T(0.00)S(0.00)D(0.00)L(0.00)Q(0.00)A(0.00)Q(0.00)S(0.00)K(0.00)	N2	1	N(0.00)N(17.61)A(0.00)T(0.00)V(0.00)H(0.00)E(0.00)Q(0.00)V(0.00)G(0.00)G(0.00)P(0.00)S(0.00)L(0.00)T(0.00)S(0.00)D(0.00)L(0.00)Q(0.00)A(0.00)Q(0.00)S(0.00)K(0.00)	N(0)N(4)A(0)T(0)V(0)H(0)E(0)Q(0)V(0)G(0)G(0)P(0)S(0)L(0)T(0)S(0)D(0)L(0)Q(0)A(0)Q(0)S(0)K(0)	59.850426	20	0	0	59.789238	20	17.612473	4	0	0	0	FALSE	FALSE	FALSE	sp|P04004|VTNC_HUMAN	P04004	VTNC_HUMAN	VTN	Vitronectin		tr|F5GX75|F5GX75_HUMAN	26755	2581.301	26734	2461.559	2913.2751	35.525	214
240419_ES_R00006_MG_c00001_SA_NPB_3_i2.26781.26781.4	D:\SHARE\Tim\25-12-03_GD_Dataset\GD_dataset\NPB_3_i2\interact.pep.xml	CGPCPAGFTGNGSHCTDVNECNAHPCFPR	CGPCPAGFTGN[1883]GSHCTDVNECNAHPCFPR	IQTESGAR.CGPCPAGFTGNGSHCTDVNECNAHPCFPR.VRCINTSP	R	V	29	4	2585.3887	5045.919	5045.9155	1262.487	1262.4862	5043.9243	1261.9884	1.9911	0.06176608	10.337	0	0.9547	0.000230947	2	0	111	139	14762337	"1C(57.0215),4C(57.0215),11N(1768.6395),15C(57.0215),21C(57.0215),26C(57.0215)"	NA	HexNAc(4)Hex(5)Fuc(1) % 1768.6395	-2.08	0.001120448	CGPCPAGFTGnGSHCTDVNECNAHPCFPR	C(0.00)G(0.00)P(0.00)C(0.00)P(0.00)A(0.00)G(0.00)F(0.00)T(0.00)G(0.00)N(10.34)G(0.00)S(0.00)H(0.00)C(0.00)T(0.00)D(0.00)V(0.00)N(0.00)E(0.00)C(0.00)N(0.00)A(0.00)H(0.00)P(0.00)C(0.00)F(0.00)P(0.00)R(0.00)	N11	1	C(0.00)G(0.00)P(0.00)C(0.00)P(0.00)A(0.00)G(0.00)F(0.00)T(0.00)G(0.00)N(0.00)G(0.00)S(0.00)H(0.00)C(0.00)T(0.00)D(0.00)V(0.00)N(0.00)E(0.00)C(0.00)N(0.00)A(0.00)H(0.00)P(0.00)C(0.00)F(0.00)P(0.00)R(0.00)	C(0)G(0)P(0)C(0)P(0)A(0)G(0)F(0)T(0)G(0)N(0)G(0)S(0)H(0)C(0)T(0)D(0)V(0)N(0)E(0)C(0)N(0)A(0)H(0)P(0)C(0)F(0)P(0)R(0)	10.3376045	6	0	0	10.3376045	6	0	0	0	0	0	FALSE	FALSE	FALSE	sp|P49747|COMP_HUMAN	P49747	COMP_HUMAN	COMP	Cartilage oligomeric matrix protein		tr|G3XAP6|G3XAP6_HUMAN	26755	2599.111	26949	2579.5242	2615.5151	19.85	13
240419_ES_R00006_MG_c00001_SA_NPB_3_i2.26785.26785.4	D:\SHARE\Tim\25-12-03_GD_Dataset\GD_dataset\NPB_3_i2\interact.pep.xml	NNATVHEQVGGPSLTSDLQAQSK	NN[2975]ATVHEQVGGPSLTSDLQAQSK	VYDDGEEK.NNATVHEQVGGPSLTSDLQAQSK.GNPEQTPV	K	G	23	4	2586.115	5244.2134	5244.1865	1312.0606	1312.0539	5241.1621	1311.2979	3.0247	7.18E-06	31.075	0	0.9987	0	2	0	85	107	0	2N(2861.0000)	NA	HexNAc(5)Hex(6)NeuAc(3) % 2861.0000	0.76	0	NnATVHEQVGGPSLTSDLQAQSK	N(0.00)N(28.46)A(0.00)T(0.00)V(0.00)H(0.00)E(0.00)Q(0.00)V(0.00)G(0.00)G(0.00)P(0.00)S(0.00)L(0.00)T(0.00)S(0.00)D(0.00)L(0.00)Q(0.00)A(0.00)Q(0.00)S(0.00)K(0.00)	N2	1	N(0.00)N(9.76)A(0.00)T(0.00)V(0.00)H(0.00)E(0.00)Q(0.00)V(0.00)G(0.00)G(0.00)P(0.00)S(0.00)L(0.00)T(0.00)S(0.00)D(0.00)L(0.00)Q(0.00)A(0.00)Q(0.00)S(0.00)K(0.00)	N(0)N(1)A(0)T(0)V(0)H(0)E(0)Q(0)V(0)G(0)G(0)P(0)S(0)L(0)T(0)S(0)D(0)L(0)Q(0)A(0)Q(0)S(0)K(0)	28.458595	9	0	0	31.075556	11	9.760522	1	0	0	0	FALSE	FALSE	FALSE	sp|P04004|VTNC_HUMAN	P04004	VTNC_HUMAN	VTN	Vitronectin		tr|F5GX75|F5GX75_HUMAN	26755	0	0	0	0	0	0
240419_ES_R00006_MG_c00001_SA_NPB_3_i2.26786.26786.4	D:\SHARE\Tim\25-12-03_GD_Dataset\GD_dataset\NPB_3_i2\interact.pep.xml	NNATVHEQVGGPSLTSDLQAQSK	NN[2174]ATVHEQVGGPSLTSDLQAQSK	VYDDGEEK.NNATVHEQVGGPSLTSDLQAQSK.GNPEQTPV	K	G	23	4	2586.1833	4439.9146	4439.9053	1110.9859	1110.9836	4439.8965	1110.9814	0.0085	7.88E-05	28.913	6.289	1	0	2	0	85	107	4264571	2N(2059.7349)	NA	HexNAc(4)Hex(5)Fuc(1)NeuAc(1) % 2059.7349	0.16	0	NnATVHEQVGGPSLTSDLQAQSK	N(0.00)N(28.91)A(0.00)T(0.00)V(0.00)H(0.00)E(0.00)Q(0.00)V(0.00)G(0.00)G(0.00)P(0.00)S(0.00)L(0.00)T(0.00)S(0.00)D(0.00)L(0.00)Q(0.00)A(0.00)Q(0.00)S(0.00)K(0.00)	N2	1	N(0.00)N(10.73)A(0.00)T(0.00)V(0.00)H(0.00)E(0.00)Q(0.00)V(0.00)G(0.00)G(0.00)P(0.00)S(0.00)L(0.00)T(0.00)S(0.00)D(0.00)L(0.00)Q(0.00)A(0.00)Q(0.00)S(0.00)K(0.00)	N(0)N(1)A(0)T(0)V(0)H(0)E(0)Q(0)V(0)G(0)G(0)P(0)S(0)L(0)T(0)S(0)D(0)L(0)Q(0)A(0)Q(0)S(0)K(0)	28.913502	9	0	0	28.7842	9	10.73263	1	0	0	0	FALSE	FALSE	FALSE	sp|P04004|VTNC_HUMAN	P04004	VTNC_HUMAN	VTN	Vitronectin		tr|F5GX75|F5GX75_HUMAN	26755	2595.079	26896	2577.6711	2596.548	13.642	8
240419_ES_R00006_MG_c00001_SA_NPB_3_i2.26863.26863.4	D:\SHARE\Tim\25-12-03_GD_Dataset\GD_dataset\NPB_3_i2\interact.pep.xml	NNATVHEQVGGPSLTSDLQAQSK	NN[2684]ATVHEQVGGPSLTSDLQAQSK	VYDDGEEK.NNATVHEQVGGPSLTSDLQAQSK.GNPEQTPV	K	G	23	4	2592.5864	4950.0806	4950.0645	1238.5274	1238.5234	4950.0664	1238.5239	-0.002	8.96E-10	45.69	8.35	1	0	2	0	85	107	184218704	2N(2569.9045)	NA	HexNAc(5)Hex(6)NeuAc(2) % 2569.9046	5.95	0	NnATVHEQVGGPSLTSDLQAQSK	N(0.00)N(44.47)A(0.00)T(0.00)V(0.00)H(0.00)E(0.00)Q(0.00)V(0.00)G(0.00)G(0.00)P(0.00)S(0.00)L(0.00)T(0.00)S(0.00)D(0.00)L(0.00)Q(0.00)A(0.00)Q(0.00)S(0.00)K(0.00)	N2	1	N(0.00)N(14.32)A(0.00)T(0.00)V(0.00)H(0.00)E(0.00)Q(0.00)V(0.00)G(0.00)G(0.00)P(0.00)S(0.00)L(0.00)T(0.00)S(0.00)D(0.00)L(0.00)Q(0.00)A(0.00)Q(0.00)S(0.00)K(0.00)	N(0)N(2)A(0)T(0)V(0)H(0)E(0)Q(0)V(0)G(0)G(0)P(0)S(0)L(0)T(0)S(0)D(0)L(0)Q(0)A(0)Q(0)S(0)K(0)	44.47407	14	0	0	45.690716	15	14.321239	2	0	0	0	FALSE	FALSE	FALSE	sp|P04004|VTNC_HUMAN	P04004	VTNC_HUMAN	VTN	Vitronectin		tr|F5GX75|F5GX75_HUMAN	26841	2571.2761	26620	2451.5881	2871.4712	38.137	200
240419_ES_R00006_MG_c00001_SA_NPB_3_i2.26897.26897.4	D:\SHARE\Tim\25-12-03_GD_Dataset\GD_dataset\NPB_3_i2\interact.pep.xml	NNATVHEQVGGPSLTSDLQAQSK	NN[2830]ATVHEQVGGPSLTSDLQAQSK	VYDDGEEK.NNATVHEQVGGPSLTSDLQAQSK.GNPEQTPV	K	G	23	4	2595.0945	5096.131	5096.1235	1275.04	1275.0382	5096.124	1275.0383	-7.00E-04	1.33E-07	36.999	6.607	1	0	2	0	85	107	66847848	2N(2715.9624)	NA	HexNAc(5)Hex(6)Fuc(1)NeuAc(2) % 2715.9625	4.77	0	NnATVHEQVGGPSLTSDLQAQSK	N(0.00)N(37.00)A(0.00)T(0.00)V(0.00)H(0.00)E(0.00)Q(0.00)V(0.00)G(0.00)G(0.00)P(0.00)S(0.00)L(0.00)T(0.00)S(0.00)D(0.00)L(0.00)Q(0.00)A(0.00)Q(0.00)S(0.00)K(0.00)	N2	1	N(0.00)N(12.48)A(0.00)T(0.00)V(0.00)H(0.00)E(0.00)Q(0.00)V(0.00)G(0.00)G(0.00)P(0.00)S(0.00)L(0.00)T(0.00)S(0.00)D(0.00)L(0.00)Q(0.00)A(0.00)Q(0.00)S(0.00)K(0.00)	N(0)N(1)A(0)T(0)V(0)H(0)E(0)Q(0)V(0)G(0)G(0)P(0)S(0)L(0)T(0)S(0)D(0)L(0)Q(0)A(0)Q(0)S(0)K(0)	36.99932	11	0	0	36.955223	11	12.477803	1	0	0	0	FALSE	FALSE	FALSE	sp|P04004|VTNC_HUMAN	P04004	VTNC_HUMAN	VTN	Vitronectin		tr|F5GX75|F5GX75_HUMAN	26862	2577.6711	26691	2459.569	2815.12	37.844	171
240419_ES_R00006_MG_c00001_SA_NPB_3_i2.26950.26950.4	D:\SHARE\Tim\25-12-03_GD_Dataset\GD_dataset\NPB_3_i2\interact.pep.xml	NNATVHEQVGGPSLTSDLQAQSK	NN[2028]ATVHEQVGGPSLTSDLQAQSK	VYDDGEEK.NNATVHEQVGGPSLTSDLQAQSK.GNPEQTPV	K	G	23	4	2599.1262	4293.8477	4293.8364	1074.4692	1074.4664	4293.8389	1074.467	-0.0024	1.03E-11	54.452	11.655	1	0	2	0	85	107	48839312	2N(1913.6770)	NA	HexNAc(4)Hex(5)NeuAc(1) % 1913.6770	3.96	0	NnATVHEQVGGPSLTSDLQAQSK	N(0.00)N(50.37)A(0.00)T(0.00)V(0.00)H(0.00)E(0.00)Q(0.00)V(0.00)G(0.00)G(0.00)P(0.00)S(0.00)L(0.00)T(0.00)S(0.00)D(0.00)L(0.00)Q(0.00)A(0.00)Q(0.00)S(0.00)K(0.00)	N2	1	N(0.00)N(17.40)A(0.00)T(0.00)V(0.00)H(0.00)E(0.00)Q(0.00)V(0.00)G(0.00)G(0.00)P(0.00)S(0.00)L(0.00)T(0.00)S(0.00)D(0.00)L(0.00)Q(0.00)A(0.00)Q(0.00)S(0.00)K(0.00)	N(0)N(4)A(0)T(0)V(0)H(0)E(0)Q(0)V(0)G(0)G(0)P(0)S(0)L(0)T(0)S(0)D(0)L(0)Q(0)A(0)Q(0)S(0)K(0)	50.374218	17	0	0	54.45253	19	17.401451	4	0	0	0	FALSE	FALSE	FALSE	sp|P04004|VTNC_HUMAN	P04004	VTNC_HUMAN	VTN	Vitronectin		tr|F5GX75|F5GX75_HUMAN	26914	2587.124	26798	2104.417	2617.739	29.693	269
240419_ES_R00006_MG_c00001_SA_NPB_3_i2.26963.26963.3	D:\SHARE\Tim\25-12-03_GD_Dataset\GD_dataset\NPB_3_i2\interact.pep.xml	FSDGLESNSSTQFEVK	FSDGLESN[1979]SSTQFEVK	GTWKISAR.FSDGLESNSSTQFEVK.KYVLPNFE	R	K	16	3	2600.16	3639.421	3639.4404	1214.1476	1214.1541	3638.4399	1213.8206	1.0005	0.000815643	19.854	6.978	1	0	2	0	219	234	0	8N(1864.6342)	NA	HexNAc(2)Hex(9) % 1864.6341	4.54	0	FSDGLESnSSTQFEVK	F(0.00)S(0.00)D(0.00)G(0.00)L(0.00)E(0.00)S(0.00)N(19.85)S(0.00)S(0.00)T(0.00)Q(0.00)F(0.00)E(0.00)V(0.00)K(0.00)	N8	1	F(0.00)S(0.00)D(0.00)G(0.00)L(0.00)E(0.00)S(0.00)N(9.33)S(0.00)S(0.00)T(0.00)Q(0.00)F(0.00)E(0.00)V(0.00)K(0.00)	F(0)S(0)D(0)G(0)L(0)E(0)S(0)N(0)S(0)S(0)T(0)Q(0)F(0)E(0)V(0)K(0)	19.85499	5	0	0	19.85499	5	9.3256035	0	0	0	0	FALSE	FALSE	FALSE	sp|P0C0L4|CO4A_HUMAN	P0C0L4	CO4A_HUMAN	C4A	Complement C4-A	C4B	"sp|P0C0L5|CO4B_HUMAN, tr|A0A0G2JPR0|A0A0G2JPR0_HUMAN, tr|A0A140TA49|A0A140TA49_HUMAN, tr|F5GXS0|F5GXS0_HUMAN"	26914	0	0	0	0	0	0
240419_ES_R00006_MG_c00001_SA_NPB_3_i2.26978.26978.3	D:\SHARE\Tim\25-12-03_GD_Dataset\GD_dataset\NPB_3_i2\interact.pep.xml	FSDGLESNSSTQFEVK	FSDGLESN[1979]SSTQFEVK	GTWKISAR.FSDGLESNSSTQFEVK.KYVLPNFE	R	K	16	3	2601.4033	3640.4407	3640.448	1214.4875	1214.4899	3638.4399	1213.8206	2.0082	0.000352777	21.31	0	1	0	2	0	219	234	5631421	8N(1864.6342)	NA	HexNAc(2)Hex(9) % 1864.6341	3.26	0	FSDGLESnSSTQFEVK	F(0.00)S(0.00)D(0.00)G(0.00)L(0.00)E(0.00)S(0.00)N(21.31)S(0.00)S(0.00)T(0.00)Q(0.00)F(0.00)E(0.00)V(0.00)K(0.00)	N8	1	F(0.00)S(0.00)D(0.00)G(0.00)L(0.00)E(0.00)S(0.00)N(11.22)S(0.00)S(0.00)T(0.00)Q(0.00)F(0.00)E(0.00)V(0.00)K(0.00)	F(0)S(0)D(0)G(0)L(0)E(0)S(0)N(0)S(0)S(0)T(0)Q(0)F(0)E(0)V(0)K(0)	21.310137	5	0	0	21.310137	5	11.216986	0	0	0	0	FALSE	FALSE	FALSE	sp|P0C0L4|CO4A_HUMAN	P0C0L4	CO4A_HUMAN	C4A	Complement C4-A	C4B	"sp|P0C0L5|CO4B_HUMAN, tr|A0A0G2JPR0|A0A0G2JPR0_HUMAN, tr|A0A140TA49|A0A140TA49_HUMAN, tr|F5GXS0|F5GXS0_HUMAN"	26949	2590.9631	26841	2587.124	2622.822	9.424001	11
240419_ES_R00006_MG_c00001_SA_NPB_3_i2.27002.27002.4	D:\SHARE\Tim\25-12-03_GD_Dataset\GD_dataset\NPB_3_i2\interact.pep.xml	YPHKPEINSTTHPGADLQENFCR	YPHKPEIN[2319]STTHPGADLQENFCR	ECQLWRSR.YPHKPEINSTTHPGADLQENFCR.NPDSSTTG	R	N	23	4	2603.0864	4916.0264	4916.0156	1230.0139	1230.0112	4915.0283	1229.7644	0.9875	0.02294971	12.863	7.973	0.9256	0.000230947	2	1	136	158	117331264	"8N(2204.7725),22C(57.0215)"	NA	HexNAc(4)Hex(5)NeuAc(2) % 2204.7724	1.03	0	YPHKPEInSTTHPGADLQENFCR	Y(0.00)P(0.00)H(0.00)K(0.00)P(0.00)E(0.00)I(0.00)N(12.86)S(0.00)T(0.00)T(0.00)H(0.00)P(0.00)G(0.00)A(0.00)D(0.00)L(0.00)Q(0.00)E(0.00)N(0.00)F(0.00)C(0.00)R(0.00)	N8	1	Y(0.00)P(0.00)H(0.00)K(0.00)P(0.00)E(0.00)I(0.00)N(0.00)S(0.00)T(0.00)T(0.00)H(0.00)P(0.00)G(0.00)A(0.00)D(0.00)L(0.00)Q(0.00)E(0.00)N(0.00)F(0.00)C(0.00)R(0.00)	Y(0)P(0)H(0)K(0)P(0)E(0)I(0)N(0)S(0)T(0)T(0)H(0)P(0)G(0)A(0)D(0)L(0)Q(0)E(0)N(0)F(0)C(0)R(0)	12.8633795	8	0	0	12.8633795	8	0	0	0	0	0	FALSE	FALSE	FALSE	sp|P00734|THRB_HUMAN	P00734	THRB_HUMAN	F2	Prothrombin		"tr|C9JV37|C9JV37_HUMAN, tr|E9PIT3|E9PIT3_HUMAN"	26967	2582.906	26755	2537.0662	2635.1482	52.602	52
240419_ES_R00006_MG_c00001_SA_NPB_3_i2.27003.27003.4	D:\SHARE\Tim\25-12-03_GD_Dataset\GD_dataset\NPB_3_i2\interact.pep.xml	NNATVHEQVGGPSLTSDLQAQSK	NN[2465]ATVHEQVGGPSLTSDLQAQSK	VYDDGEEK.NNATVHEQVGGPSLTSDLQAQSK.GNPEQTPV	K	G	23	4	2603.2808	4731	4730.989	1183.7573	1183.7545	4730.9922	1183.7554	-0.0034	0.0322478	12.466	0	0.9864	0.000230947	2	0	85	107	248149600	2N(2350.8303)	NA	HexNAc(4)Hex(5)Fuc(1)NeuAc(2) % 2350.8303	0.87	0	NnATVHEQVGGPSLTSDLQAQSK	N(0.00)N(12.47)A(0.00)T(0.00)V(0.00)H(0.00)E(0.00)Q(0.00)V(0.00)G(0.00)G(0.00)P(0.00)S(0.00)L(0.00)T(0.00)S(0.00)D(0.00)L(0.00)Q(0.00)A(0.00)Q(0.00)S(0.00)K(0.00)	N2	1	N(0.00)N(3.95)A(0.00)T(0.00)V(0.00)H(0.00)E(0.00)Q(0.00)V(0.00)G(0.00)G(0.00)P(0.00)S(0.00)L(0.00)T(0.00)S(0.00)D(0.00)L(0.00)Q(0.00)A(0.00)Q(0.00)S(0.00)K(0.00)	N(0)N(0)A(0)T(0)V(0)H(0)E(0)Q(0)V(0)G(0)G(0)P(0)S(0)L(0)T(0)S(0)D(0)L(0)Q(0)A(0)Q(0)S(0)K(0)	12.466996	5	0	0	12.466996	5	3.9516666	0	0	0	0	FALSE	FALSE	FALSE	sp|P04004|VTNC_HUMAN	P04004	VTNC_HUMAN	VTN	Vitronectin		tr|F5GX75|F5GX75_HUMAN	26967	2587.124	26798	2457.415	2911.8452	30.538002	215
240419_ES_R00006_MG_c00001_SA_NPB_3_i2.27063.27063.5	D:\SHARE\Tim\25-12-03_GD_Dataset\GD_dataset\NPB_3_i2\interact.pep.xml	NNATVHEQVGGPSLTSDLQAQSK	NN[2830]ATVHEQVGGPSLTSDLQAQSK	VYDDGEEK.NNATVHEQVGGPSLTSDLQAQSK.GNPEQTPV	K	G	23	5	2607.6372	5096.129	5096.119	1020.2331	1020.2311	5096.124	1020.2321	-0.0051	0.001754824	19.694	0	1	0	2	0	85	107	0	2N(2715.9624)	NA	HexNAc(5)Hex(6)Fuc(1)NeuAc(2) % 2715.9625	0.72	0	NnATVHEQVGGPSLTSDLQAQSK	N(0.00)N(19.69)A(0.00)T(0.00)V(0.00)H(0.00)E(0.00)Q(0.00)V(0.00)G(0.00)G(0.00)P(0.00)S(0.00)L(0.00)T(0.00)S(0.00)D(0.00)L(0.00)Q(0.00)A(0.00)Q(0.00)S(0.00)K(0.00)	N2	1	N(0.00)N(9.00)A(0.00)T(0.00)V(0.00)H(0.00)E(0.00)Q(0.00)V(0.00)G(0.00)G(0.00)P(0.00)S(0.00)L(0.00)T(0.00)S(0.00)D(0.00)L(0.00)Q(0.00)A(0.00)Q(0.00)S(0.00)K(0.00)	N(0)N(0)A(0)T(0)V(0)H(0)E(0)Q(0)V(0)G(0)G(0)P(0)S(0)L(0)T(0)S(0)D(0)L(0)Q(0)A(0)Q(0)S(0)K(0)	19.694206	5	0	0	19.694206	5	9.004261	0	0	0	0	FALSE	FALSE	FALSE	sp|P04004|VTNC_HUMAN	P04004	VTNC_HUMAN	VTN	Vitronectin		tr|F5GX75|F5GX75_HUMAN	27001	0	0	0	0	0	0
240419_ES_R00006_MG_c00001_SA_NPB_3_i2.27076.27076.5	D:\SHARE\Tim\25-12-03_GD_Dataset\GD_dataset\NPB_3_i2\interact.pep.xml	YPHKPEINSTTHPGADLQENFCR	YPHKPEIN[2319]STTHPGADLQENFCR	ECQLWRSR.YPHKPEINSTTHPGADLQENFCR.NPDSSTTG	R	N	23	5	2608.5767	4915.032	4915.014	984.0137	984.0101	4915.0283	984.013	-0.0139	0.103992	11.432	6.278	0.9213	0.000230947	2	1	136	158	42759284	"8N(2204.7725),22C(57.0215)"	NA	HexNAc(4)Hex(5)NeuAc(2) % 2204.7724	2.84	0	YPHKPEInSTTHPGADLQENFCR	Y(0.00)P(0.00)H(0.00)K(0.00)P(0.00)E(0.00)I(0.00)N(11.43)S(0.00)T(0.00)T(0.00)H(0.00)P(0.00)G(0.00)A(0.00)D(0.00)L(0.00)Q(0.00)E(0.00)N(0.00)F(0.00)C(0.00)R(0.00)	N8	1	Y(0.00)P(0.00)H(0.00)K(0.00)P(0.00)E(0.00)I(0.00)N(2.89)S(0.00)T(0.00)T(0.00)H(0.00)P(0.00)G(0.00)A(0.00)D(0.00)L(0.00)Q(0.00)E(0.00)N(0.00)F(0.00)C(0.00)R(0.00)	Y(0)P(0)H(0)K(0)P(0)E(0)I(0)N(0)S(0)T(0)T(0)H(0)P(0)G(0)A(0)D(0)L(0)Q(0)E(0)N(0)F(0)C(0)R(0)	11.432959	5	0	0	11.432959	5	2.8945851	0	0	0	0	FALSE	FALSE	FALSE	sp|P00734|THRB_HUMAN	P00734	THRB_HUMAN	F2	Prothrombin		"tr|C9JV37|C9JV37_HUMAN, tr|E9PIT3|E9PIT3_HUMAN"	27035	2610.7861	27104	2536.1501	2667.746	32.819	71
240419_ES_R00006_MG_c00001_SA_NPB_3_i2.27077.27077.4	D:\SHARE\Tim\25-12-03_GD_Dataset\GD_dataset\NPB_3_i2\interact.pep.xml	YPHKPEINSTTHPGADLQENFCR	YPHKPEIN[2319]STTHPGADLQENFCR	ECQLWRSR.YPHKPEINSTTHPGADLQENFCR.NPDSSTTG	R	N	23	4	2608.7712	4915.032	4915.0215	1229.7653	1229.7627	4915.0283	1229.7644	-0.0066	0.4617379	10.938	6.05	0.4431	0.000230947	2	1	136	158	0	"8N(2204.7725),22C(57.0215)"	NA	HexNAc(4)Hex(5)NeuAc(2) % 2204.7724	2.09	0	YPHKPEInSTTHPGADLQENFCR	Y(0.00)P(0.00)H(0.00)K(0.00)P(0.00)E(0.00)I(0.00)N(10.94)S(0.00)T(0.00)T(0.00)H(0.00)P(0.00)G(0.00)A(0.00)D(0.00)L(0.00)Q(0.00)E(0.00)N(0.00)F(0.00)C(0.00)R(0.00)	N8	1	Y(0.00)P(0.00)H(0.00)K(0.00)P(0.00)E(0.00)I(0.00)N(0.00)S(0.00)T(0.00)T(0.00)H(0.00)P(0.00)G(0.00)A(0.00)D(0.00)L(0.00)Q(0.00)E(0.00)N(0.00)F(0.00)C(0.00)R(0.00)	Y(0)P(0)H(0)K(0)P(0)E(0)I(0)N(0)S(0)T(0)T(0)H(0)P(0)G(0)A(0)D(0)L(0)Q(0)E(0)N(0)F(0)C(0)R(0)	10.938057	7	0	0	10.938057	7	0	0	0	0	0	FALSE	FALSE	FALSE	sp|P00734|THRB_HUMAN	P00734	THRB_HUMAN	F2	Prothrombin		"tr|C9JV37|C9JV37_HUMAN, tr|E9PIT3|E9PIT3_HUMAN"	27035	0	0	0	0	0	0
240419_ES_R00006_MG_c00001_SA_NPB_3_i2.27109.27109.3	D:\SHARE\Tim\25-12-03_GD_Dataset\GD_dataset\NPB_3_i2\interact.pep.xml	NNATVHEQVGGPSLTSDLQAQSK	NN[2684]ATVHEQVGGPSLTSDLQAQSK	VYDDGEEK.NNATVHEQVGGPSLTSDLQAQSK.GNPEQTPV	K	G	23	3	2611.2024	4950.0664	4950.0664	1651.0294	1651.0294	4950.0664	1651.0294	0	0.008739769	14.734	0	0.9943	0	2	0	85	107	0	2N(2569.9045)	NA	HexNAc(5)Hex(6)NeuAc(2) % 2569.9046	6.06	0	NnATVHEQVGGPSLTSDLQAQSK	N(0.00)N(13.16)A(0.00)T(0.00)V(0.00)H(0.00)E(0.00)Q(0.00)V(0.00)G(0.00)G(0.00)P(0.00)S(0.00)L(0.00)T(0.00)S(0.00)D(0.00)L(0.00)Q(0.00)A(0.00)Q(0.00)S(0.00)K(0.00)	N2	1	N(0.00)N(4.66)A(0.00)T(0.00)V(0.00)H(0.00)E(0.00)Q(0.00)V(0.00)G(0.00)G(0.00)P(0.00)S(0.00)L(0.00)T(0.00)S(0.00)D(0.00)L(0.00)Q(0.00)A(0.00)Q(0.00)S(0.00)K(0.00)	N(0)N(0)A(0)T(0)V(0)H(0)E(0)Q(0)V(0)G(0)G(0)P(0)S(0)L(0)T(0)S(0)D(0)L(0)Q(0)A(0)Q(0)S(0)K(0)	13.162034	5	0	0	14.734393	6	4.660775	0	0	0	0	FALSE	FALSE	FALSE	sp|P04004|VTNC_HUMAN	P04004	VTNC_HUMAN	VTN	Vitronectin		tr|F5GX75|F5GX75_HUMAN	27075	0	0	0	0	0	0
240419_ES_R00006_MG_c00001_SA_NPB_3_i2.27127.27127.5	D:\SHARE\Tim\25-12-03_GD_Dataset\GD_dataset\NPB_3_i2\interact.pep.xml	NNATVHEQVGGPSLTSDLQAQSK	NN[2319]ATVHEQVGGPSLTSDLQAQSK	VYDDGEEK.NNATVHEQVGGPSLTSDLQAQSK.GNPEQTPV	K	G	23	5	2612.4753	4584.88	4584.929	917.9833	917.9931	4584.9346	917.9943	-0.0051	1.68E-07	25.296	9.474	1	0	2	0	85	107	0	2N(2204.7725)	NA	HexNAc(4)Hex(5)NeuAc(2) % 2204.7724	4.85	0	NnATVHEQVGGPSLTSDLQAQSK	N(0.00)N(25.30)A(0.00)T(0.00)V(0.00)H(0.00)E(0.00)Q(0.00)V(0.00)G(0.00)G(0.00)P(0.00)S(0.00)L(0.00)T(0.00)S(0.00)D(0.00)L(0.00)Q(0.00)A(0.00)Q(0.00)S(0.00)K(0.00)	N2	1	N(0.00)N(8.12)A(0.00)T(0.00)V(0.00)H(0.00)E(0.00)Q(0.00)V(0.00)G(0.00)G(0.00)P(0.00)S(0.00)L(0.00)T(0.00)S(0.00)D(0.00)L(0.00)Q(0.00)A(0.00)Q(0.00)S(0.00)K(0.00)	N(0)N(0)A(0)T(0)V(0)H(0)E(0)Q(0)V(0)G(0)G(0)P(0)S(0)L(0)T(0)S(0)D(0)L(0)Q(0)A(0)Q(0)S(0)K(0)	25.296156	8	0	0	25.296156	8	8.11871	0	0	0	0	FALSE	FALSE	FALSE	sp|P04004|VTNC_HUMAN	P04004	VTNC_HUMAN	VTN	Vitronectin		tr|F5GX75|F5GX75_HUMAN	27104	0	0	0	0	0	0
240419_ES_R00006_MG_c00001_SA_NPB_3_i2.27134.27134.5	D:\SHARE\Tim\25-12-03_GD_Dataset\GD_dataset\NPB_3_i2\interact.pep.xml	NNATVHEQVGGPSLTSDLQAQSK	NN[2684]ATVHEQVGGPSLTSDLQAQSK	VYDDGEEK.NNATVHEQVGGPSLTSDLQAQSK.GNPEQTPV	K	G	23	5	2613.0808	4950.0737	4950.053	991.022	991.0179	4950.0664	991.0206	-0.0132	3.43E-10	36.795	12.293	1	0	2	0	85	107	0	2N(2569.9045)	NA	HexNAc(5)Hex(6)NeuAc(2) % 2569.9046	3.18	0	NnATVHEQVGGPSLTSDLQAQSK	N(0.00)N(35.61)A(0.00)T(0.00)V(0.00)H(0.00)E(0.00)Q(0.00)V(0.00)G(0.00)G(0.00)P(0.00)S(0.00)L(0.00)T(0.00)S(0.00)D(0.00)L(0.00)Q(0.00)A(0.00)Q(0.00)S(0.00)K(0.00)	N2	1	N(0.00)N(7.50)A(0.00)T(0.00)V(0.00)H(0.00)E(0.00)Q(0.00)V(0.00)G(0.00)G(0.00)P(0.00)S(0.00)L(0.00)T(0.00)S(0.00)D(0.00)L(0.00)Q(0.00)A(0.00)Q(0.00)S(0.00)K(0.00)	N(0)N(0)A(0)T(0)V(0)H(0)E(0)Q(0)V(0)G(0)G(0)P(0)S(0)L(0)T(0)S(0)D(0)L(0)Q(0)A(0)Q(0)S(0)K(0)	35.607155	12	0	0	36.79561	13	7.502862	0	0	0	0	FALSE	FALSE	FALSE	sp|P04004|VTNC_HUMAN	P04004	VTNC_HUMAN	VTN	Vitronectin		tr|F5GX75|F5GX75_HUMAN	27104	0	0	0	0	0	0
240419_ES_R00006_MG_c00001_SA_NPB_3_i2.27146.27146.4	D:\SHARE\Tim\25-12-03_GD_Dataset\GD_dataset\NPB_3_i2\interact.pep.xml	NNATVHEQVGGPSLTSDLQAQSK	NN[2174]ATVHEQVGGPSLTSDLQAQSK	VYDDGEEK.NNATVHEQVGGPSLTSDLQAQSK.GNPEQTPV	K	G	23	4	2613.8992	4440.896	4440.913	1111.2313	1111.2355	4439.8965	1110.9814	1.0164	0.03400164	17.374	10.29	0.9926	0	2	0	85	107	0	2N(2059.7349)	NA	HexNAc(4)Hex(5)Fuc(1)NeuAc(1) % 2059.7349	1.82	0	NnATVHEQVGGPSLTSDLQAQSK	N(0.00)N(17.37)A(0.00)T(0.00)V(0.00)H(0.00)E(0.00)Q(0.00)V(0.00)G(0.00)G(0.00)P(0.00)S(0.00)L(0.00)T(0.00)S(0.00)D(0.00)L(0.00)Q(0.00)A(0.00)Q(0.00)S(0.00)K(0.00)	N2	1	N(0.00)N(9.13)A(0.00)T(0.00)V(0.00)H(0.00)E(0.00)Q(0.00)V(0.00)G(0.00)G(0.00)P(0.00)S(0.00)L(0.00)T(0.00)S(0.00)D(0.00)L(0.00)Q(0.00)A(0.00)Q(0.00)S(0.00)K(0.00)	N(0)N(0)A(0)T(0)V(0)H(0)E(0)Q(0)V(0)G(0)G(0)P(0)S(0)L(0)T(0)S(0)D(0)L(0)Q(0)A(0)Q(0)S(0)K(0)	17.374784	4	0	0	17.374784	4	9.12669	0	0	0	0	FALSE	FALSE	FALSE	sp|P04004|VTNC_HUMAN	P04004	VTNC_HUMAN	VTN	Vitronectin		tr|F5GX75|F5GX75_HUMAN	27104	0	0	0	0	0	0
240419_ES_R00006_MG_c00001_SA_NPB_3_i2.27208.27208.4	D:\SHARE\Tim\25-12-03_GD_Dataset\GD_dataset\NPB_3_i2\interact.pep.xml	YPHKPEINSTTHPGADLQENFCR	YPHKPEIN[2319]STTHPGADLQENFCR	ECQLWRSR.YPHKPEINSTTHPGADLQENFCR.NPDSSTTG	R	N	23	4	2618.5251	4916.059	4916.0195	1230.022	1230.0122	4915.0283	1229.7644	0.9915	0.000500377	11.921	0	1	0	2	1	136	158	0	"8N(2204.7725),22C(57.0215)"	NA	HexNAc(4)Hex(5)NeuAc(2) % 2204.7724	2.04	0	YPHKPEInSTTHPGADLQENFCR	Y(0.00)P(0.00)H(0.00)K(0.00)P(0.00)E(0.00)I(0.00)N(11.92)S(0.00)T(0.00)T(0.00)H(0.00)P(0.00)G(0.00)A(0.00)D(0.00)L(0.00)Q(0.00)E(0.00)N(0.00)F(0.00)C(0.00)R(0.00)	N8	1	Y(0.00)P(0.00)H(0.00)K(0.00)P(0.00)E(0.00)I(0.00)N(3.41)S(0.00)T(0.00)T(0.00)H(0.00)P(0.00)G(0.00)A(0.00)D(0.00)L(0.00)Q(0.00)E(0.00)N(0.00)F(0.00)C(0.00)R(0.00)	Y(0)P(0)H(0)K(0)P(0)E(0)I(0)N(0)S(0)T(0)T(0)H(0)P(0)G(0)A(0)D(0)L(0)Q(0)E(0)N(0)F(0)C(0)R(0)	11.921928	5	0	0	11.921928	5	3.4133236	0	0	0	0	FALSE	FALSE	FALSE	sp|P00734|THRB_HUMAN	P00734	THRB_HUMAN	F2	Prothrombin		"tr|C9JV37|C9JV37_HUMAN, tr|E9PIT3|E9PIT3_HUMAN"	27168	0	0	0	0	0	0
240419_ES_R00006_MG_c00001_SA_NPB_3_i2.27262.27262.4	D:\SHARE\Tim\25-12-03_GD_Dataset\GD_dataset\NPB_3_i2\interact.pep.xml	NNATVHEQVGGPSLTSDLQAQSK	NN[2465]ATVHEQVGGPSLTSDLQAQSK	VYDDGEEK.NNATVHEQVGGPSLTSDLQAQSK.GNPEQTPV	K	G	23	4	2622.8374	4730.9956	4730.9883	1183.7562	1183.7544	4730.9922	1183.7554	-0.0039	1.64E-06	38.641	9.533	1	0	2	0	85	107	175166624	2N(2350.8303)	NA	HexNAc(4)Hex(5)Fuc(1)NeuAc(2) % 2350.8303	5.12	0	NnATVHEQVGGPSLTSDLQAQSK	N(0.00)N(36.01)A(0.00)T(0.00)V(0.00)H(0.00)E(0.00)Q(0.00)V(0.00)G(0.00)G(0.00)P(0.00)S(0.00)L(0.00)T(0.00)S(0.00)D(0.00)L(0.00)Q(0.00)A(0.00)Q(0.00)S(0.00)K(0.00)	N2	1	N(0.00)N(11.49)A(0.00)T(0.00)V(0.00)H(0.00)E(0.00)Q(0.00)V(0.00)G(0.00)G(0.00)P(0.00)S(0.00)L(0.00)T(0.00)S(0.00)D(0.00)L(0.00)Q(0.00)A(0.00)Q(0.00)S(0.00)K(0.00)	N(0)N(0)A(0)T(0)V(0)H(0)E(0)Q(0)V(0)G(0)G(0)P(0)S(0)L(0)T(0)S(0)D(0)L(0)Q(0)A(0)Q(0)S(0)K(0)	36.01408	10	0	0	38.6415	12	11.487078	0	0	0	0	FALSE	FALSE	FALSE	sp|P04004|VTNC_HUMAN	P04004	VTNC_HUMAN	VTN	Vitronectin		tr|F5GX75|F5GX75_HUMAN	27230	2615.5151	27168	2455.205	2913.2751	30.538002	215
240419_ES_R00006_MG_c00001_SA_NPB_3_i2.27264.27264.3	D:\SHARE\Tim\25-12-03_GD_Dataset\GD_dataset\NPB_3_i2\interact.pep.xml	NNATVHEQVGGPSLTSDLQAQSK	NN[2684]ATVHEQVGGPSLTSDLQAQSK	VYDDGEEK.NNATVHEQVGGPSLTSDLQAQSK.GNPEQTPV	K	G	23	3	2623.1	4952.0703	4952.075	1651.6974	1651.6989	4950.0664	1651.0294	2.0088	1.70E-05	18.8	11.002	1	0	2	0	85	107	0	2N(2569.9045)	NA	HexNAc(5)Hex(6)NeuAc(2) % 2569.9046	1.77	0	NnATVHEQVGGPSLTSDLQAQSK	N(0.00)N(17.40)A(0.00)T(0.00)V(0.00)H(0.00)E(0.00)Q(0.00)V(0.00)G(0.00)G(0.00)P(0.00)S(0.00)L(0.00)T(0.00)S(0.00)D(0.00)L(0.00)Q(0.00)A(0.00)Q(0.00)S(0.00)K(0.00)	N2	1	N(0.00)N(7.27)A(0.00)T(0.00)V(0.00)H(0.00)E(0.00)Q(0.00)V(0.00)G(0.00)G(0.00)P(0.00)S(0.00)L(0.00)T(0.00)S(0.00)D(0.00)L(0.00)Q(0.00)A(0.00)Q(0.00)S(0.00)K(0.00)	N(0)N(0)A(0)T(0)V(0)H(0)E(0)Q(0)V(0)G(0)G(0)P(0)S(0)L(0)T(0)S(0)D(0)L(0)Q(0)A(0)Q(0)S(0)K(0)	17.399822	5	0	0	18.800018	6	7.2742634	0	0	0	0	FALSE	FALSE	FALSE	sp|P04004|VTNC_HUMAN	P04004	VTNC_HUMAN	VTN	Vitronectin		tr|F5GX75|F5GX75_HUMAN	27230	0	0	0	0	0	0
240419_ES_R00006_MG_c00001_SA_NPB_3_i2.27298.27298.3	D:\SHARE\Tim\25-12-03_GD_Dataset\GD_dataset\NPB_3_i2\interact.pep.xml	NNATVHEQVGGPSLTSDLQAQSK	NN[2465]ATVHEQVGGPSLTSDLQAQSK	VYDDGEEK.NNATVHEQVGGPSLTSDLQAQSK.GNPEQTPV	K	G	23	3	2625.6033	4730.992	4730.997	1578.0046	1578.0063	4730.9922	1578.0048	0.0049	9.50E-09	41.59	6.769	1	0	2	0	85	107	29925148	2N(2350.8303)	NA	HexNAc(4)Hex(5)Fuc(1)NeuAc(2) % 2350.8303	4.79	0	NnATVHEQVGGPSLTSDLQAQSK	N(0.00)N(38.88)A(0.00)T(0.00)V(0.00)H(0.00)E(0.00)Q(0.00)V(0.00)G(0.00)G(0.00)P(0.00)S(0.00)L(0.00)T(0.00)S(0.00)D(0.00)L(0.00)Q(0.00)A(0.00)Q(0.00)S(0.00)K(0.00)	N2	1	N(0.00)N(11.43)A(0.00)T(0.00)V(0.00)H(0.00)E(0.00)Q(0.00)V(0.00)G(0.00)G(0.00)P(0.00)S(0.00)L(0.00)T(0.00)S(0.00)D(0.00)L(0.00)Q(0.00)A(0.00)Q(0.00)S(0.00)K(0.00)	N(0)N(0)A(0)T(0)V(0)H(0)E(0)Q(0)V(0)G(0)G(0)P(0)S(0)L(0)T(0)S(0)D(0)L(0)Q(0)A(0)Q(0)S(0)K(0)	38.880695	11	0	0	41.590343	13	11.429687	0	0	0	0	FALSE	FALSE	FALSE	sp|P04004|VTNC_HUMAN	P04004	VTNC_HUMAN	VTN	Vitronectin		tr|F5GX75|F5GX75_HUMAN	27261	2628.248	27334	2492.2002	2753.414	30.538002	134
240419_ES_R00006_MG_c00001_SA_NPB_3_i2.27364.27364.4	D:\SHARE\Tim\25-12-03_GD_Dataset\GD_dataset\NPB_3_i2\interact.pep.xml	NNATVHEQVGGPSLTSDLQAQSK	NN[2319]ATVHEQVGGPSLTSDLQAQSK	VYDDGEEK.NNATVHEQVGGPSLTSDLQAQSK.GNPEQTPV	K	G	23	4	2630.7795	4584.9443	4584.936	1147.2434	1147.2413	4584.9346	1147.241	0.0017	0	55.697	16.786	1	0	2	0	85	107	1168330110	2N(2204.7725)	NA	HexNAc(4)Hex(5)NeuAc(2) % 2204.7724	7.23	0	NnATVHEQVGGPSLTSDLQAQSK	N(0.00)N(55.58)A(0.00)T(0.00)V(0.00)H(0.00)E(0.00)Q(0.00)V(0.00)G(0.00)G(0.00)P(0.00)S(0.00)L(0.00)T(0.00)S(0.00)D(0.00)L(0.00)Q(0.00)A(0.00)Q(0.00)S(0.00)K(0.00)	N2	1	N(0.00)N(17.73)A(0.00)T(0.00)V(0.00)H(0.00)E(0.00)Q(0.00)V(0.00)G(0.00)G(0.00)P(0.00)S(0.00)L(0.00)T(0.00)S(0.00)D(0.00)L(0.00)Q(0.00)A(0.00)Q(0.00)S(0.00)K(0.00)	N(0)N(5)A(0)T(0)V(0)H(0)E(0)Q(0)V(0)G(0)G(0)P(0)S(0)L(0)T(0)S(0)D(0)L(0)Q(0)A(0)Q(0)S(0)K(0)	55.575478	20	0	0	55.69754	20	17.72853	5	0	0	0	FALSE	FALSE	FALSE	sp|P04004|VTNC_HUMAN	P04004	VTNC_HUMAN	VTN	Vitronectin		tr|F5GX75|F5GX75_HUMAN	27334	2612.4602	27126	2431.745	3472.8071	38.528004	484
240419_ES_R00006_MG_c00001_SA_NPB_3_i2.27365.27365.4	D:\SHARE\Tim\25-12-03_GD_Dataset\GD_dataset\NPB_3_i2\interact.pep.xml	NNATVHEQVGGPSLTSDLQAQSK	NN[2975]ATVHEQVGGPSLTSDLQAQSK	VYDDGEEK.NNATVHEQVGGPSLTSDLQAQSK.GNPEQTPV	K	G	23	4	2630.974	5241.2095	5241.1978	1311.3097	1311.3067	5241.1621	1311.2979	0.0359	1.18E-08	41.206	0	1	0	2	0	85	107	23519908	2N(2861.0000)	NA	HexNAc(5)Hex(6)NeuAc(3) % 2861.0000	4.18	0	NnATVHEQVGGPSLTSDLQAQSK	N(0.00)N(41.21)A(0.00)T(0.00)V(0.00)H(0.00)E(0.00)Q(0.00)V(0.00)G(0.00)G(0.00)P(0.00)S(0.00)L(0.00)T(0.00)S(0.00)D(0.00)L(0.00)Q(0.00)A(0.00)Q(0.00)S(0.00)K(0.00)	N2	1	N(0.00)N(13.23)A(0.00)T(0.00)V(0.00)H(0.00)E(0.00)Q(0.00)V(0.00)G(0.00)G(0.00)P(0.00)S(0.00)L(0.00)T(0.00)S(0.00)D(0.00)L(0.00)Q(0.00)A(0.00)Q(0.00)S(0.00)K(0.00)	N(0)N(4)A(0)T(0)V(0)H(0)E(0)Q(0)V(0)G(0)G(0)P(0)S(0)L(0)T(0)S(0)D(0)L(0)Q(0)A(0)Q(0)S(0)K(0)	41.206093	16	0	0	38.048042	14	13.228983	4	0	0	0	FALSE	FALSE	FALSE	sp|P04004|VTNC_HUMAN	P04004	VTNC_HUMAN	VTN	Vitronectin		tr|F5GX75|F5GX75_HUMAN	27334	2633.5422	27396	2595.079	2667.746	23.718	34
240419_ES_R00006_MG_c00001_SA_NPB_3_i2.27419.27419.5	D:\SHARE\Tim\25-12-03_GD_Dataset\GD_dataset\NPB_3_i2\interact.pep.xml	NNATVHEQVGGPSLTSDLQAQSK	NN[2319]ATVHEQVGGPSLTSDLQAQSK	VYDDGEEK.NNATVHEQVGGPSLTSDLQAQSK.GNPEQTPV	K	G	23	5	2635.358	4584.942	4584.9326	917.9957	917.9938	4584.9346	917.9943	-0.0017	0	45.927	15.45	1	0	2	0	85	107	14034391	2N(2204.7725)	NA	HexNAc(4)Hex(5)NeuAc(2) % 2204.7724	6.64	0	NnATVHEQVGGPSLTSDLQAQSK	N(0.00)N(45.93)A(0.00)T(0.00)V(0.00)H(0.00)E(0.00)Q(0.00)V(0.00)G(0.00)G(0.00)P(0.00)S(0.00)L(0.00)T(0.00)S(0.00)D(0.00)L(0.00)Q(0.00)A(0.00)Q(0.00)S(0.00)K(0.00)	N2	1	N(0.00)N(15.68)A(0.00)T(0.00)V(0.00)H(0.00)E(0.00)Q(0.00)V(0.00)G(0.00)G(0.00)P(0.00)S(0.00)L(0.00)T(0.00)S(0.00)D(0.00)L(0.00)Q(0.00)A(0.00)Q(0.00)S(0.00)K(0.00)	N(0)N(3)A(0)T(0)V(0)H(0)E(0)Q(0)V(0)G(0)G(0)P(0)S(0)L(0)T(0)S(0)D(0)L(0)Q(0)A(0)Q(0)S(0)K(0)	45.92725	15	0	0	44.161743	14	15.68109	3	0	0	0	FALSE	FALSE	FALSE	sp|P04004|VTNC_HUMAN	P04004	VTNC_HUMAN	VTN	Vitronectin		tr|F5GX75|F5GX75_HUMAN	27396	2612.4602	27126	2608.561	2658.132	35.31	20
240419_ES_R00006_MG_c00001_SA_NPB_3_i2.27438.27438.3	D:\SHARE\Tim\25-12-03_GD_Dataset\GD_dataset\NPB_3_i2\interact.pep.xml	FSDGLESNSSTQFEVK	FSDGLESN[1979]SSTQFEVK	GTWKISAR.FSDGLESNSSTQFEVK.KYVLPNFE	R	K	16	3	2636.6558	3640.4883	3640.4802	1214.5034	1214.5007	3638.4399	1213.8206	2.0404	0.003303696	17.424	0	0.9937	0	2	0	219	234	2490584.2	8N(1864.6342)	NA	HexNAc(2)Hex(9) % 1864.6341	0.94	0	FSDGLESnSSTQFEVK	F(0.00)S(0.00)D(0.00)G(0.00)L(0.00)E(0.00)S(0.00)N(17.42)S(0.00)S(0.00)T(0.00)Q(0.00)F(0.00)E(0.00)V(0.00)K(0.00)	N8	1	F(0.00)S(0.00)D(0.00)G(0.00)L(0.00)E(0.00)S(0.00)N(9.22)S(0.00)S(0.00)T(0.00)Q(0.00)F(0.00)E(0.00)V(0.00)K(0.00)	F(0)S(0)D(0)G(0)L(0)E(0)S(0)N(0)S(0)S(0)T(0)Q(0)F(0)E(0)V(0)K(0)	17.424475	4	0	0	17.424475	4	9.21664	0	0	0	0	FALSE	FALSE	FALSE	sp|P0C0L4|CO4A_HUMAN	P0C0L4	CO4A_HUMAN	C4A	Complement C4-A	C4B	"sp|P0C0L5|CO4B_HUMAN, tr|A0A0G2JPR0|A0A0G2JPR0_HUMAN, tr|A0A140TA49|A0A140TA49_HUMAN, tr|F5GXS0|F5GXS0_HUMAN"	27396	2635.1482	27417	2630.7642	2639.6252	8.861	1
240419_ES_R00006_MG_c00001_SA_NPB_3_i2.27479.27479.4	D:\SHARE\Tim\25-12-03_GD_Dataset\GD_dataset\NPB_3_i2\interact.pep.xml	NNATVHEQVGGPSLTSDLQAQSK	NN[2975]ATVHEQVGGPSLTSDLQAQSK	VYDDGEEK.NNATVHEQVGGPSLTSDLQAQSK.GNPEQTPV	K	G	23	4	2639.8345	5241.188	5241.177	1311.3043	1311.3015	5241.1621	1311.2979	0.0149	8.84E-05	23.715	0	1	0	2	0	85	107	23519908	2N(2861.0000)	NA	HexNAc(5)Hex(6)NeuAc(3) % 2861.0000	4.9	0	NnATVHEQVGGPSLTSDLQAQSK	N(0.00)N(20.73)A(0.00)T(0.00)V(0.00)H(0.00)E(0.00)Q(0.00)V(0.00)G(0.00)G(0.00)P(0.00)S(0.00)L(0.00)T(0.00)S(0.00)D(0.00)L(0.00)Q(0.00)A(0.00)Q(0.00)S(0.00)K(0.00)	N2	1	N(0.00)N(8.42)A(0.00)T(0.00)V(0.00)H(0.00)E(0.00)Q(0.00)V(0.00)G(0.00)G(0.00)P(0.00)S(0.00)L(0.00)T(0.00)S(0.00)D(0.00)L(0.00)Q(0.00)A(0.00)Q(0.00)S(0.00)K(0.00)	N(0)N(1)A(0)T(0)V(0)H(0)E(0)Q(0)V(0)G(0)G(0)P(0)S(0)L(0)T(0)S(0)D(0)L(0)Q(0)A(0)Q(0)S(0)K(0)	20.727589	7	0	0	23.715485	9	8.421323	1	0	0	0	FALSE	FALSE	FALSE	sp|P04004|VTNC_HUMAN	P04004	VTNC_HUMAN	VTN	Vitronectin		tr|F5GX75|F5GX75_HUMAN	27454	2633.5422	27396	2595.079	2667.746	23.718	34
240419_ES_R00006_MG_c00001_SA_NPB_3_i2.27577.27577.5	D:\SHARE\Tim\25-12-03_GD_Dataset\GD_dataset\NPB_3_i2\interact.pep.xml	YPHKPEINSTTHPGADLQENFCR	YPHKPEIN[2319]STTHPGADLQENFCR	ECQLWRSR.YPHKPEINSTTHPGADLQENFCR.NPDSSTTG	R	N	23	5	2647.4907	4916.042	4916.0146	984.2157	984.2102	4915.0283	984.013	0.9866	0.00082058	14.713	0	1	0	2	1	136	158	8085396	"8N(2204.7725),22C(57.0215)"	NA	HexNAc(4)Hex(5)NeuAc(2) % 2204.7724	3.08	0	YPHKPEInSTTHPGADLQENFCR	Y(0.00)P(0.00)H(0.00)K(0.00)P(0.00)E(0.00)I(0.00)N(14.71)S(0.00)T(0.00)T(0.00)H(0.00)P(0.00)G(0.00)A(0.00)D(0.00)L(0.00)Q(0.00)E(0.00)N(0.00)F(0.00)C(0.00)R(0.00)	N8	1	Y(0.00)P(0.00)H(0.00)K(0.00)P(0.00)E(0.00)I(0.00)N(7.20)S(0.00)T(0.00)T(0.00)H(0.00)P(0.00)G(0.00)A(0.00)D(0.00)L(0.00)Q(0.00)E(0.00)N(0.00)F(0.00)C(0.00)R(0.00)	Y(0)P(0)H(0)K(0)P(0)E(0)I(0)N(0)S(0)T(0)T(0)H(0)P(0)G(0)A(0)D(0)L(0)Q(0)E(0)N(0)F(0)C(0)R(0)	14.713535	4	0	0	14.713535	4	7.2013497	0	0	0	0	FALSE	FALSE	FALSE	sp|P00734|THRB_HUMAN	P00734	THRB_HUMAN	F2	Prothrombin		"tr|C9JV37|C9JV37_HUMAN, tr|E9PIT3|E9PIT3_HUMAN"	27534	2625.1882	27293	2538.04	2687.7932	32.819	77
240419_ES_R00006_MG_c00001_SA_NPB_3_i2.27582.27582.3	D:\SHARE\Tim\25-12-03_GD_Dataset\GD_dataset\NPB_3_i2\interact.pep.xml	NNATVHEQVGGPSLTSDLQAQSK	NN[2319]ATVHEQVGGPSLTSDLQAQSK	VYDDGEEK.NNATVHEQVGGPSLTSDLQAQSK.GNPEQTPV	K	G	23	3	2647.8564	4584.9336	4584.9385	1529.3185	1529.3201	4584.9346	1529.3188	0.0042	1.00E-14	43.851	15.5	1	0	2	0	85	107	244468432	2N(2204.7725)	NA	HexNAc(4)Hex(5)NeuAc(2) % 2204.7724	4.65	0	NnATVHEQVGGPSLTSDLQAQSK	N(0.00)N(42.08)A(0.00)T(0.00)V(0.00)H(0.00)E(0.00)Q(0.00)V(0.00)G(0.00)G(0.00)P(0.00)S(0.00)L(0.00)T(0.00)S(0.00)D(0.00)L(0.00)Q(0.00)A(0.00)Q(0.00)S(0.00)K(0.00)	N2	1	N(0.00)N(15.73)A(0.00)T(0.00)V(0.00)H(0.00)E(0.00)Q(0.00)V(0.00)G(0.00)G(0.00)P(0.00)S(0.00)L(0.00)T(0.00)S(0.00)D(0.00)L(0.00)Q(0.00)A(0.00)Q(0.00)S(0.00)K(0.00)	N(0)N(4)A(0)T(0)V(0)H(0)E(0)Q(0)V(0)G(0)G(0)P(0)S(0)L(0)T(0)S(0)D(0)L(0)Q(0)A(0)Q(0)S(0)K(0)	42.075264	15	0	0	43.85137	16	15.7291	4	0	0	0	FALSE	FALSE	FALSE	sp|P04004|VTNC_HUMAN	P04004	VTNC_HUMAN	VTN	Vitronectin		tr|F5GX75|F5GX75_HUMAN	27566	2633.5422	27396	2500.124	2913.2751	35.525	199
240419_ES_R00006_MG_c00001_SA_NPB_3_i2.27666.27666.4	D:\SHARE\Tim\25-12-03_GD_Dataset\GD_dataset\NPB_3_i2\interact.pep.xml	NNATVHEQVGGPSLTSDLQAQSK	NN[2684]ATVHEQVGGPSLTSDLQAQSK	VYDDGEEK.NNATVHEQVGGPSLTSDLQAQSK.GNPEQTPV	K	G	23	4	2654.1047	4950.065	4950.0645	1238.5235	1238.5234	4950.0664	1238.5239	-0.002	8.18E-08	36.848	13.681	1	0	2	0	85	107	96027064	2N(2569.9045)	NA	HexNAc(5)Hex(6)NeuAc(2) % 2569.9046	5.33	0	NnATVHEQVGGPSLTSDLQAQSK	N(0.00)N(35.60)A(0.00)T(0.00)V(0.00)H(0.00)E(0.00)Q(0.00)V(0.00)G(0.00)G(0.00)P(0.00)S(0.00)L(0.00)T(0.00)S(0.00)D(0.00)L(0.00)Q(0.00)A(0.00)Q(0.00)S(0.00)K(0.00)	N2	1	N(0.00)N(13.94)A(0.00)T(0.00)V(0.00)H(0.00)E(0.00)Q(0.00)V(0.00)G(0.00)G(0.00)P(0.00)S(0.00)L(0.00)T(0.00)S(0.00)D(0.00)L(0.00)Q(0.00)A(0.00)Q(0.00)S(0.00)K(0.00)	N(0)N(2)A(0)T(0)V(0)H(0)E(0)Q(0)V(0)G(0)G(0)P(0)S(0)L(0)T(0)S(0)D(0)L(0)Q(0)A(0)Q(0)S(0)K(0)	35.59879	11	0	0	36.84859	12	13.93533	2	0	0	0	FALSE	FALSE	FALSE	sp|P04004|VTNC_HUMAN	P04004	VTNC_HUMAN	VTN	Vitronectin		tr|F5GX75|F5GX75_HUMAN	27643	2635.1482	27417	2467.944	2895.6372	38.137	204
240419_ES_R00006_MG_c00001_SA_NPB_3_i2.27669.27669.5	D:\SHARE\Tim\25-12-03_GD_Dataset\GD_dataset\NPB_3_i2\interact.pep.xml	YPHKPEINSTTHPGADLQENFCR	YPHKPEIN[2319]STTHPGADLQENFCR	ECQLWRSR.YPHKPEINSTTHPGADLQENFCR.NPDSSTTG	R	N	23	5	2654.438	4916.0264	4916.014	984.2126	984.2101	4915.0283	984.013	0.9861	1.21E-05	15.52	8.198	1	0	2	1	136	158	10112278	"8N(2204.7725),22C(57.0215)"	NA	HexNAc(4)Hex(5)NeuAc(2) % 2204.7724	2.41	0	YPHKPEInSTTHPGADLQENFCR	Y(0.00)P(0.00)H(0.00)K(0.00)P(0.00)E(0.00)I(0.00)N(15.52)S(0.00)T(0.00)T(0.00)H(0.00)P(0.00)G(0.00)A(0.00)D(0.00)L(0.00)Q(0.00)E(0.00)N(0.00)F(0.00)C(0.00)R(0.00)	N8	1	Y(0.00)P(0.00)H(0.00)K(0.00)P(0.00)E(0.00)I(0.00)N(6.01)S(0.00)T(0.00)T(0.00)H(0.00)P(0.00)G(0.00)A(0.00)D(0.00)L(0.00)Q(0.00)E(0.00)N(0.00)F(0.00)C(0.00)R(0.00)	Y(0)P(0)H(0)K(0)P(0)E(0)I(0)N(0)S(0)T(0)T(0)H(0)P(0)G(0)A(0)D(0)L(0)Q(0)E(0)N(0)F(0)C(0)R(0)	15.520546	5	0	0	15.520546	5	6.01087	0	0	0	0	FALSE	FALSE	FALSE	sp|P00734|THRB_HUMAN	P00734	THRB_HUMAN	F2	Prothrombin		"tr|C9JV37|C9JV37_HUMAN, tr|E9PIT3|E9PIT3_HUMAN"	27643	2633.5422	27396	2537.0662	2687.7932	32.819	79
240419_ES_R00006_MG_c00001_SA_NPB_3_i2.27688.27688.3	D:\SHARE\Tim\25-12-03_GD_Dataset\GD_dataset\NPB_3_i2\interact.pep.xml	NNATVHEQVGGPSLTSDLQAQSK	NN[2028]ATVHEQVGGPSLTSDLQAQSK	VYDDGEEK.NNATVHEQVGGPSLTSDLQAQSK.GNPEQTPV	K	G	23	3	2655.889	4293.876	4293.868	1432.2993	1432.2966	4293.8389	1432.287	0.0293	2.73E-05	29.756	0	1	0	2	0	85	107	0	2N(1913.6770)	NA	HexNAc(4)Hex(5)NeuAc(1) % 1913.6770	2.27	0	NnATVHEQVGGPSLTSDLQAQSK	N(0.00)N(27.54)A(0.00)T(0.00)V(0.00)H(0.00)E(0.00)Q(0.00)V(0.00)G(0.00)G(0.00)P(0.00)S(0.00)L(0.00)T(0.00)S(0.00)D(0.00)L(0.00)Q(0.00)A(0.00)Q(0.00)S(0.00)K(0.00)	N2	1	N(0.00)N(9.55)A(0.00)T(0.00)V(0.00)H(0.00)E(0.00)Q(0.00)V(0.00)G(0.00)G(0.00)P(0.00)S(0.00)L(0.00)T(0.00)S(0.00)D(0.00)L(0.00)Q(0.00)A(0.00)Q(0.00)S(0.00)K(0.00)	N(0)N(0)A(0)T(0)V(0)H(0)E(0)Q(0)V(0)G(0)G(0)P(0)S(0)L(0)T(0)S(0)D(0)L(0)Q(0)A(0)Q(0)S(0)K(0)	27.544989	8	0	0	29.756554	10	9.550238	0	0	0	0	FALSE	FALSE	FALSE	sp|P04004|VTNC_HUMAN	P04004	VTNC_HUMAN	VTN	Vitronectin		tr|F5GX75|F5GX75_HUMAN	27665	0	0	0	0	0	0
240419_ES_R00006_MG_c00001_SA_NPB_3_i2.27720.27720.4	D:\SHARE\Tim\25-12-03_GD_Dataset\GD_dataset\NPB_3_i2\interact.pep.xml	NNATVHEQVGGPSLTSDLQAQSK	NN[2830]ATVHEQVGGPSLTSDLQAQSK	VYDDGEEK.NNATVHEQVGGPSLTSDLQAQSK.GNPEQTPV	K	G	23	4	2658.3423	5096.1177	5096.127	1275.0367	1275.039	5096.124	1275.0383	0.0027	0.000115478	26.25	0	1	0	2	0	85	107	45219616	2N(2715.9624)	NA	HexNAc(5)Hex(6)Fuc(1)NeuAc(2) % 2715.9625	3.35	0	NnATVHEQVGGPSLTSDLQAQSK	N(0.00)N(23.56)A(0.00)T(0.00)V(0.00)H(0.00)E(0.00)Q(0.00)V(0.00)G(0.00)G(0.00)P(0.00)S(0.00)L(0.00)T(0.00)S(0.00)D(0.00)L(0.00)Q(0.00)A(0.00)Q(0.00)S(0.00)K(0.00)	N2	1	N(0.00)N(10.35)A(0.00)T(0.00)V(0.00)H(0.00)E(0.00)Q(0.00)V(0.00)G(0.00)G(0.00)P(0.00)S(0.00)L(0.00)T(0.00)S(0.00)D(0.00)L(0.00)Q(0.00)A(0.00)Q(0.00)S(0.00)K(0.00)	N(0)N(1)A(0)T(0)V(0)H(0)E(0)Q(0)V(0)G(0)G(0)P(0)S(0)L(0)T(0)S(0)D(0)L(0)Q(0)A(0)Q(0)S(0)K(0)	23.558443	7	0	0	26.250523	9	10.350437	1	0	0	0	FALSE	FALSE	FALSE	sp|P04004|VTNC_HUMAN	P04004	VTNC_HUMAN	VTN	Vitronectin		tr|F5GX75|F5GX75_HUMAN	27686	2639.6252	27477	2459.569	2816.9941	37.844	172
240419_ES_R00006_MG_c00001_SA_NPB_3_i2.27760.27760.4	D:\SHARE\Tim\25-12-03_GD_Dataset\GD_dataset\NPB_3_i2\interact.pep.xml	NNATVHEQVGGPSLTSDLQAQSK	NN[2028]ATVHEQVGGPSLTSDLQAQSK	VYDDGEEK.NNATVHEQVGGPSLTSDLQAQSK.GNPEQTPV	K	G	23	4	2661.2803	4293.8623	4293.844	1074.4729	1074.4683	4293.8389	1074.467	0.0052	2.52E-09	42.895	6.345	1	0	2	0	85	107	38336956	2N(1913.6770)	NA	HexNAc(4)Hex(5)NeuAc(1) % 1913.6770	3.57	0	NnATVHEQVGGPSLTSDLQAQSK	N(0.00)N(40.27)A(0.00)T(0.00)V(0.00)H(0.00)E(0.00)Q(0.00)V(0.00)G(0.00)G(0.00)P(0.00)S(0.00)L(0.00)T(0.00)S(0.00)D(0.00)L(0.00)Q(0.00)A(0.00)Q(0.00)S(0.00)K(0.00)	N2	1	N(0.00)N(11.33)A(0.00)T(0.00)V(0.00)H(0.00)E(0.00)Q(0.00)V(0.00)G(0.00)G(0.00)P(0.00)S(0.00)L(0.00)T(0.00)S(0.00)D(0.00)L(0.00)Q(0.00)A(0.00)Q(0.00)S(0.00)K(0.00)	N(0)N(1)A(0)T(0)V(0)H(0)E(0)Q(0)V(0)G(0)G(0)P(0)S(0)L(0)T(0)S(0)D(0)L(0)Q(0)A(0)Q(0)S(0)K(0)	40.265263	13	0	0	42.895027	15	11.328203	1	0	0	0	FALSE	FALSE	FALSE	sp|P04004|VTNC_HUMAN	P04004	VTNC_HUMAN	VTN	Vitronectin		tr|F5GX75|F5GX75_HUMAN	27737	2685.664	28084	2646.666	2908.06	20.202002	113
240419_ES_R00006_MG_c00001_SA_NPB_3_i2.27817.27817.3	D:\SHARE\Tim\25-12-03_GD_Dataset\GD_dataset\NPB_3_i2\interact.pep.xml	NNATVHEQVGGPSLTSDLQAQSK	NN[2028]ATVHEQVGGPSLTSDLQAQSK	VYDDGEEK.NNATVHEQVGGPSLTSDLQAQSK.GNPEQTPV	K	G	23	3	2665.657	4293.8286	4293.833	1432.2835	1432.2849	4293.8389	1432.287	-0.0059	1.28E-10	41.05	16.475	1	0	2	0	85	107	0	2N(1913.6770)	NA	HexNAc(4)Hex(5)NeuAc(1) % 1913.6770	3.73	0	NnATVHEQVGGPSLTSDLQAQSK	N(0.00)N(35.98)A(0.00)T(0.00)V(0.00)H(0.00)E(0.00)Q(0.00)V(0.00)G(0.00)G(0.00)P(0.00)S(0.00)L(0.00)T(0.00)S(0.00)D(0.00)L(0.00)Q(0.00)A(0.00)Q(0.00)S(0.00)K(0.00)	N2	1	N(0.00)N(14.39)A(0.00)T(0.00)V(0.00)H(0.00)E(0.00)Q(0.00)V(0.00)G(0.00)G(0.00)P(0.00)S(0.00)L(0.00)T(0.00)S(0.00)D(0.00)L(0.00)Q(0.00)A(0.00)Q(0.00)S(0.00)K(0.00)	N(0)N(2)A(0)T(0)V(0)H(0)E(0)Q(0)V(0)G(0)G(0)P(0)S(0)L(0)T(0)S(0)D(0)L(0)Q(0)A(0)Q(0)S(0)K(0)	35.97983	11	0	0	41.050957	14	14.389605	2	0	0	0	FALSE	FALSE	FALSE	sp|P04004|VTNC_HUMAN	P04004	VTNC_HUMAN	VTN	Vitronectin		tr|F5GX75|F5GX75_HUMAN	27790	0	0	0	0	0	0
240419_ES_R00006_MG_c00001_SA_NPB_3_i2.27854.27854.3	D:\SHARE\Tim\25-12-03_GD_Dataset\GD_dataset\NPB_3_i2\interact.pep.xml	FSDGLESNSSTQFEVK	FSDGLESN[1979]SSTQFEVK	GTWKISAR.FSDGLESNSSTQFEVK.KYVLPNFE	R	K	16	3	2668.4192	3638.4734	3638.4653	1213.8317	1213.829	3638.4399	1213.8206	0.0254	0.01746827	15.531	6.451	0.9679	0.000230947	2	0	219	234	5486720	8N(1864.6342)	NA	HexNAc(2)Hex(9) % 1864.6341	1.97	0	FSDGLESnSSTQFEVK	F(0.00)S(0.00)D(0.00)G(0.00)L(0.00)E(0.00)S(0.00)N(15.53)S(0.00)S(0.00)T(0.00)Q(0.00)F(0.00)E(0.00)V(0.00)K(0.00)	N8	1	F(0.00)S(0.00)D(0.00)G(0.00)L(0.00)E(0.00)S(0.00)N(9.54)S(0.00)S(0.00)T(0.00)Q(0.00)F(0.00)E(0.00)V(0.00)K(0.00)	F(0)S(0)D(0)G(0)L(0)E(0)S(0)N(0)S(0)S(0)T(0)Q(0)F(0)E(0)V(0)K(0)	15.531407	3	0	0	15.531407	3	9.5383625	0	0	0	0	FALSE	FALSE	FALSE	sp|P0C0L4|CO4A_HUMAN	P0C0L4	CO4A_HUMAN	C4A	Complement C4-A	C4B	"sp|P0C0L5|CO4B_HUMAN, tr|A0A0G2JPR0|A0A0G2JPR0_HUMAN, tr|A0A140TA49|A0A140TA49_HUMAN, tr|F5GXS0|F5GXS0_HUMAN"	27815	2663.589	27790	2658.132	2682.9492	12.249001	7
240419_ES_R00006_MG_c00001_SA_NPB_3_i2.27880.27880.5	D:\SHARE\Tim\25-12-03_GD_Dataset\GD_dataset\NPB_3_i2\interact.pep.xml	NNATVHEQVGGPSLTSDLQAQSK	NN[2319]ATVHEQVGGPSLTSDLQAQSK	VYDDGEEK.NNATVHEQVGGPSLTSDLQAQSK.GNPEQTPV	K	G	23	5	2670.3862	4584.9375	4584.9326	917.9948	917.9938	4584.9346	917.9943	-0.0017	1.18E-10	33.582	14.051	1	0	2	0	85	107	8546790	2N(2204.7725)	NA	HexNAc(4)Hex(5)NeuAc(2) % 2204.7724	5.65	0	NnATVHEQVGGPSLTSDLQAQSK	N(0.00)N(33.58)A(0.00)T(0.00)V(0.00)H(0.00)E(0.00)Q(0.00)V(0.00)G(0.00)G(0.00)P(0.00)S(0.00)L(0.00)T(0.00)S(0.00)D(0.00)L(0.00)Q(0.00)A(0.00)Q(0.00)S(0.00)K(0.00)	N2	1	N(0.00)N(11.84)A(0.00)T(0.00)V(0.00)H(0.00)E(0.00)Q(0.00)V(0.00)G(0.00)G(0.00)P(0.00)S(0.00)L(0.00)T(0.00)S(0.00)D(0.00)L(0.00)Q(0.00)A(0.00)Q(0.00)S(0.00)K(0.00)	N(0)N(1)A(0)T(0)V(0)H(0)E(0)Q(0)V(0)G(0)G(0)P(0)S(0)L(0)T(0)S(0)D(0)L(0)Q(0)A(0)Q(0)S(0)K(0)	33.582344	10	0	0	33.288532	10	11.844255	1	0	0	0	FALSE	FALSE	FALSE	sp|P04004|VTNC_HUMAN	P04004	VTNC_HUMAN	VTN	Vitronectin		tr|F5GX75|F5GX75_HUMAN	27846	2690.414	28147	2658.132	2716.4612	11.52	28
240419_ES_R00006_MG_c00001_SA_NPB_3_i2.27973.27973.3	D:\SHARE\Tim\25-12-03_GD_Dataset\GD_dataset\NPB_3_i2\interact.pep.xml	NNATVHEQVGGPSLTSDLQAQSK	NN[2684]ATVHEQVGGPSLTSDLQAQSK	VYDDGEEK.NNATVHEQVGGPSLTSDLQAQSK.GNPEQTPV	K	G	23	3	2677.3372	4950.0664	4950.0664	1651.0294	1651.0294	4950.0664	1651.0294	0	0.4163896	9.022	0	0.4633	0.000230947	2	0	85	107	0	2N(2569.9045)	NA	HexNAc(5)Hex(6)NeuAc(2) % 2569.9046	5.08	0	NnATVHEQVGGPSLTSDLQAQSK	N(0.00)N(9.02)A(0.00)T(0.00)V(0.00)H(0.00)E(0.00)Q(0.00)V(0.00)G(0.00)G(0.00)P(0.00)S(0.00)L(0.00)T(0.00)S(0.00)D(0.00)L(0.00)Q(0.00)A(0.00)Q(0.00)S(0.00)K(0.00)	N2	1	N(0.00)N(3.45)A(0.00)T(0.00)V(0.00)H(0.00)E(0.00)Q(0.00)V(0.00)G(0.00)G(0.00)P(0.00)S(0.00)L(0.00)T(0.00)S(0.00)D(0.00)L(0.00)Q(0.00)A(0.00)Q(0.00)S(0.00)K(0.00)	N(0)N(0)A(0)T(0)V(0)H(0)E(0)Q(0)V(0)G(0)G(0)P(0)S(0)L(0)T(0)S(0)D(0)L(0)Q(0)A(0)Q(0)S(0)K(0)	9.022077	4	0	0	9.022077	4	3.448876	0	0	0	0	FALSE	FALSE	FALSE	sp|P04004|VTNC_HUMAN	P04004	VTNC_HUMAN	VTN	Vitronectin		tr|F5GX75|F5GX75_HUMAN	27939	0	0	0	0	0	0
240419_ES_R00006_MG_c00001_SA_NPB_3_i2.28012.28012.5	D:\SHARE\Tim\25-12-03_GD_Dataset\GD_dataset\NPB_3_i2\interact.pep.xml	NNATVHEQVGGPSLTSDLQAQSK	NN[2684]ATVHEQVGGPSLTSDLQAQSK	VYDDGEEK.NNATVHEQVGGPSLTSDLQAQSK.GNPEQTPV	K	G	23	5	2680.238	4950.066	4950.0557	991.0205	991.0184	4950.0664	991.0206	-0.0107	0.149561	12.478	7.349	0.98	0.000230947	2	0	85	107	5217748	2N(2569.9045)	NA	HexNAc(5)Hex(6)NeuAc(2) % 2569.9046	3.72	0	NnATVHEQVGGPSLTSDLQAQSK	N(0.00)N(12.48)A(0.00)T(0.00)V(0.00)H(0.00)E(0.00)Q(0.00)V(0.00)G(0.00)G(0.00)P(0.00)S(0.00)L(0.00)T(0.00)S(0.00)D(0.00)L(0.00)Q(0.00)A(0.00)Q(0.00)S(0.00)K(0.00)	N2	1	N(0.00)N(6.63)A(0.00)T(0.00)V(0.00)H(0.00)E(0.00)Q(0.00)V(0.00)G(0.00)G(0.00)P(0.00)S(0.00)L(0.00)T(0.00)S(0.00)D(0.00)L(0.00)Q(0.00)A(0.00)Q(0.00)S(0.00)K(0.00)	N(0)N(0)A(0)T(0)V(0)H(0)E(0)Q(0)V(0)G(0)G(0)P(0)S(0)L(0)T(0)S(0)D(0)L(0)Q(0)A(0)Q(0)S(0)K(0)	12.478365	3	0	0	12.478365	3	6.6275334	0	0	0	0	FALSE	FALSE	FALSE	sp|P04004|VTNC_HUMAN	P04004	VTNC_HUMAN	VTN	Vitronectin		tr|F5GX75|F5GX75_HUMAN	27970	2661.2651	27759	2647.84	2703.154	19.183	17
240419_ES_R00006_MG_c00001_SA_NPB_3_i2.28087.28087.4	D:\SHARE\Tim\25-12-03_GD_Dataset\GD_dataset\NPB_3_i2\interact.pep.xml	NNATVHEQVGGPSLTSDLQAQSK	NN[2465]ATVHEQVGGPSLTSDLQAQSK	VYDDGEEK.NNATVHEQVGGPSLTSDLQAQSK.GNPEQTPV	K	G	23	4	2685.9602	4730.992	4730.9883	1183.7553	1183.7544	4730.9922	1183.7554	-0.0039	5.87E-06	30.424	11.13	0.9986	0	2	0	85	107	87330240	2N(2350.8303)	NA	HexNAc(4)Hex(5)Fuc(1)NeuAc(2) % 2350.8303	5.15	0	NnATVHEQVGGPSLTSDLQAQSK	N(0.00)N(25.89)A(0.00)T(0.00)V(0.00)H(0.00)E(0.00)Q(0.00)V(0.00)G(0.00)G(0.00)P(0.00)S(0.00)L(0.00)T(0.00)S(0.00)D(0.00)L(0.00)Q(0.00)A(0.00)Q(0.00)S(0.00)K(0.00)	N2	1	N(0.00)N(10.26)A(0.00)T(0.00)V(0.00)H(0.00)E(0.00)Q(0.00)V(0.00)G(0.00)G(0.00)P(0.00)S(0.00)L(0.00)T(0.00)S(0.00)D(0.00)L(0.00)Q(0.00)A(0.00)Q(0.00)S(0.00)K(0.00)	N(0)N(1)A(0)T(0)V(0)H(0)E(0)Q(0)V(0)G(0)G(0)P(0)S(0)L(0)T(0)S(0)D(0)L(0)Q(0)A(0)Q(0)S(0)K(0)	25.886066	8	0	0	30.424637	11	10.255402	1	0	0	0	FALSE	FALSE	FALSE	sp|P04004|VTNC_HUMAN	P04004	VTNC_HUMAN	VTN	Vitronectin		tr|F5GX75|F5GX75_HUMAN	28047	2690.414	28147	2457.415	2911.8452	30.538002	215
240419_ES_R00006_MG_c00001_SA_NPB_3_i2.28116.28116.3	D:\SHARE\Tim\25-12-03_GD_Dataset\GD_dataset\NPB_3_i2\interact.pep.xml	NNATVHEQVGGPSLTSDLQAQSK	NN[2465]ATVHEQVGGPSLTSDLQAQSK	VYDDGEEK.NNATVHEQVGGPSLTSDLQAQSK.GNPEQTPV	K	G	23	3	2688.1934	4730.9927	4730.997	1578.0048	1578.0063	4730.9922	1578.0048	0.0049	0.002045267	20.257	12.406	0.9999	0	2	0	85	107	19761544	2N(2350.8303)	NA	HexNAc(4)Hex(5)Fuc(1)NeuAc(2) % 2350.8303	3.59	0	NnATVHEQVGGPSLTSDLQAQSK	N(0.00)N(17.49)A(0.00)T(0.00)V(0.00)H(0.00)E(0.00)Q(0.00)V(0.00)G(0.00)G(0.00)P(0.00)S(0.00)L(0.00)T(0.00)S(0.00)D(0.00)L(0.00)Q(0.00)A(0.00)Q(0.00)S(0.00)K(0.00)	N2	1	N(0.00)N(9.01)A(0.00)T(0.00)V(0.00)H(0.00)E(0.00)Q(0.00)V(0.00)G(0.00)G(0.00)P(0.00)S(0.00)L(0.00)T(0.00)S(0.00)D(0.00)L(0.00)Q(0.00)A(0.00)Q(0.00)S(0.00)K(0.00)	N(0)N(0)A(0)T(0)V(0)H(0)E(0)Q(0)V(0)G(0)G(0)P(0)S(0)L(0)T(0)S(0)D(0)L(0)Q(0)A(0)Q(0)S(0)K(0)	17.488043	4	0	0	20.257	6	9.01399	0	0	0	0	FALSE	FALSE	FALSE	sp|P04004|VTNC_HUMAN	P04004	VTNC_HUMAN	VTN	Vitronectin		tr|F5GX75|F5GX75_HUMAN	28084	2682.9492	28047	2492.2002	2753.414	30.538002	134
240419_ES_R00006_MG_c00001_SA_NPB_3_i2.28157.28157.3	D:\SHARE\Tim\25-12-03_GD_Dataset\GD_dataset\NPB_3_i2\interact.pep.xml	NFTENDLLVR	N[2319]FTENDLLVR	LLYPPWDK.NFTENDLLVR.IGKHSRTR	K	I	10	3	2691.1746	3424.4111	3424.392	1142.4776	1142.4713	3424.3921	1142.4713	0	0.06664231	11.205	0	0.9691	0.000230947	2	0	416	425	2732349.2	1N(2204.7725)	NA	HexNAc(4)Hex(5)NeuAc(2) % 2204.7724	9.49	0	nFTENDLLVR	N(11.21)F(0.00)T(0.00)E(0.00)N(0.00)D(0.00)L(0.00)L(0.00)V(0.00)R(0.00)	N1	1	N(7.89)F(0.00)T(0.00)E(0.00)N(0.00)D(0.00)L(0.00)L(0.00)V(0.00)R(0.00)	N(1)F(0)T(0)E(0)N(0)D(0)L(0)L(0)V(0)R(0)	11.205015	3	0	0	9.433458	2	7.886654	1	0	0	0	FALSE	FALSE	FALSE	sp|P00734|THRB_HUMAN	P00734	THRB_HUMAN	F2	Prothrombin		tr|E9PIT3|E9PIT3_HUMAN	28112	2692.8071	28178	2677.059	2708.0422	25.253	7
240419_ES_R00006_MG_c00001_SA_NPB_3_i2.28209.28209.4	D:\SHARE\Tim\25-12-03_GD_Dataset\GD_dataset\NPB_3_i2\interact.pep.xml	NNATVHEQVGGPSLTSDLQAQSK	NN[2319]ATVHEQVGGPSLTSDLQAQSK	VYDDGEEK.NNATVHEQVGGPSLTSDLQAQSK.GNPEQTPV	K	G	23	4	2695.1445	4584.9297	4584.9355	1147.2397	1147.2412	4584.9346	1147.241	0.0012	2.38E-07	31.793	9.988	1	0	2	0	85	107	656122820	2N(2204.7725)	NA	HexNAc(4)Hex(5)NeuAc(2) % 2204.7724	7.38	0	NnATVHEQVGGPSLTSDLQAQSK	N(0.00)N(28.33)A(0.00)T(0.00)V(0.00)H(0.00)E(0.00)Q(0.00)V(0.00)G(0.00)G(0.00)P(0.00)S(0.00)L(0.00)T(0.00)S(0.00)D(0.00)L(0.00)Q(0.00)A(0.00)Q(0.00)S(0.00)K(0.00)	N2	1	N(0.00)N(11.15)A(0.00)T(0.00)V(0.00)H(0.00)E(0.00)Q(0.00)V(0.00)G(0.00)G(0.00)P(0.00)S(0.00)L(0.00)T(0.00)S(0.00)D(0.00)L(0.00)Q(0.00)A(0.00)Q(0.00)S(0.00)K(0.00)	N(0)N(3)A(0)T(0)V(0)H(0)E(0)Q(0)V(0)G(0)G(0)P(0)S(0)L(0)T(0)S(0)D(0)L(0)Q(0)A(0)Q(0)S(0)K(0)	28.325533	11	0	0	31.793045	13	11.153	3	0	0	0	FALSE	FALSE	FALSE	sp|P04004|VTNC_HUMAN	P04004	VTNC_HUMAN	VTN	Vitronectin		tr|F5GX75|F5GX75_HUMAN	28178	2690.414	28147	2368.9302	3474.7961	38.528004	515
240419_ES_R00006_MG_c00001_SA_NPB_3_i2.28237.28237.5	D:\SHARE\Tim\25-12-03_GD_Dataset\GD_dataset\NPB_3_i2\interact.pep.xml	NNATVHEQVGGPSLTSDLQAQSK	NN[2319]ATVHEQVGGPSLTSDLQAQSK	VYDDGEEK.NNATVHEQVGGPSLTSDLQAQSK.GNPEQTPV	K	G	23	5	2697.352	4584.9307	4584.9355	917.9934	917.9944	4584.9346	917.9943	0.0012	9.50E-13	31.653	12.849	1	0	2	0	85	107	8995888	2N(2204.7725)	NA	HexNAc(4)Hex(5)NeuAc(2) % 2204.7724	6.19	0	NnATVHEQVGGPSLTSDLQAQSK	N(0.00)N(31.65)A(0.00)T(0.00)V(0.00)H(0.00)E(0.00)Q(0.00)V(0.00)G(0.00)G(0.00)P(0.00)S(0.00)L(0.00)T(0.00)S(0.00)D(0.00)L(0.00)Q(0.00)A(0.00)Q(0.00)S(0.00)K(0.00)	N2	1	N(0.00)N(15.35)A(0.00)T(0.00)V(0.00)H(0.00)E(0.00)Q(0.00)V(0.00)G(0.00)G(0.00)P(0.00)S(0.00)L(0.00)T(0.00)S(0.00)D(0.00)L(0.00)Q(0.00)A(0.00)Q(0.00)S(0.00)K(0.00)	N(0)N(3)A(0)T(0)V(0)H(0)E(0)Q(0)V(0)G(0)G(0)P(0)S(0)L(0)T(0)S(0)D(0)L(0)Q(0)A(0)Q(0)S(0)K(0)	31.65395	10	0	0	28.900566	8	15.345883	3	0	0	0	FALSE	FALSE	FALSE	sp|P04004|VTNC_HUMAN	P04004	VTNC_HUMAN	VTN	Vitronectin		tr|F5GX75|F5GX75_HUMAN	28208	2690.414	28147	2667.746	2716.4612	29.259	23
240419_ES_R00006_MG_c00001_SA_NPB_3_i2.28241.28241.3	D:\SHARE\Tim\25-12-03_GD_Dataset\GD_dataset\NPB_3_i2\interact.pep.xml	NNATVHEQVGGPSLTSDLQAQSK	NN[2684]ATVHEQVGGPSLTSDLQAQSK	VYDDGEEK.NNATVHEQVGGPSLTSDLQAQSK.GNPEQTPV	K	G	23	3	2697.6248	4951.1025	4951.1113	1651.3748	1651.3777	4950.0664	1651.0294	1.0449	0.1026833	11.454	0	0.7959	0.000230947	2	0	85	107	5147103.5	2N(2569.9045)	NA	HexNAc(5)Hex(6)NeuAc(2) % 2569.9046	0.78	0	NnATVHEQVGGPSLTSDLQAQSK	N(0.00)N(11.45)A(0.00)T(0.00)V(0.00)H(0.00)E(0.00)Q(0.00)V(0.00)G(0.00)G(0.00)P(0.00)S(0.00)L(0.00)T(0.00)S(0.00)D(0.00)L(0.00)Q(0.00)A(0.00)Q(0.00)S(0.00)K(0.00)	N2	1	N(0.00)N(6.36)A(0.00)T(0.00)V(0.00)H(0.00)E(0.00)Q(0.00)V(0.00)G(0.00)G(0.00)P(0.00)S(0.00)L(0.00)T(0.00)S(0.00)D(0.00)L(0.00)Q(0.00)A(0.00)Q(0.00)S(0.00)K(0.00)	N(0)N(0)A(0)T(0)V(0)H(0)E(0)Q(0)V(0)G(0)G(0)P(0)S(0)L(0)T(0)S(0)D(0)L(0)Q(0)A(0)Q(0)S(0)K(0)	11.454174	3	0	0	11.454174	3	6.3605766	0	0	0	0	FALSE	FALSE	FALSE	sp|P04004|VTNC_HUMAN	P04004	VTNC_HUMAN	VTN	Vitronectin		tr|F5GX75|F5GX75_HUMAN	28208	2695.1292	28208	2690.414	2710.8901	20.476002	7
240419_ES_R00006_MG_c00001_SA_NPB_3_i2.28260.28260.4	D:\SHARE\Tim\25-12-03_GD_Dataset\GD_dataset\NPB_3_i2\interact.pep.xml	NNATVHEQVGGPSLTSDLQAQSK	NN[2975]ATVHEQVGGPSLTSDLQAQSK	VYDDGEEK.NNATVHEQVGGPSLTSDLQAQSK.GNPEQTPV	K	G	23	4	2699.104	5242.169	5242.1694	1311.5495	1311.5496	5241.1621	1311.2979	1.0076	0.000101333	24.477	0	1	0	2	0	85	107	0	2N(2861.0000)	NA	HexNAc(5)Hex(6)NeuAc(3) % 2861.0000	4.57	0	NnATVHEQVGGPSLTSDLQAQSK	N(0.00)N(21.90)A(0.00)T(0.00)V(0.00)H(0.00)E(0.00)Q(0.00)V(0.00)G(0.00)G(0.00)P(0.00)S(0.00)L(0.00)T(0.00)S(0.00)D(0.00)L(0.00)Q(0.00)A(0.00)Q(0.00)S(0.00)K(0.00)	N2	1	N(0.00)N(8.63)A(0.00)T(0.00)V(0.00)H(0.00)E(0.00)Q(0.00)V(0.00)G(0.00)G(0.00)P(0.00)S(0.00)L(0.00)T(0.00)S(0.00)D(0.00)L(0.00)Q(0.00)A(0.00)Q(0.00)S(0.00)K(0.00)	N(0)N(0)A(0)T(0)V(0)H(0)E(0)Q(0)V(0)G(0)G(0)P(0)S(0)L(0)T(0)S(0)D(0)L(0)Q(0)A(0)Q(0)S(0)K(0)	21.896597	6	0	0	24.47757	8	8.634208	0	0	0	0	FALSE	FALSE	FALSE	sp|P04004|VTNC_HUMAN	P04004	VTNC_HUMAN	VTN	Vitronectin		tr|F5GX75|F5GX75_HUMAN	28233	0	0	0	0	0	0
240419_ES_R00006_MG_c00001_SA_NPB_3_i2.28291.28291.3	D:\SHARE\Tim\25-12-03_GD_Dataset\GD_dataset\NPB_3_i2\interact.pep.xml	NNATVHEQVGGPSLTSDLQAQSK	NN[2684]ATVHEQVGGPSLTSDLQAQSK	VYDDGEEK.NNATVHEQVGGPSLTSDLQAQSK.GNPEQTPV	K	G	23	3	2701.4143	4952.0254	4952.039	1651.6824	1651.6869	4950.0664	1651.0294	1.9727	0.05330278	11.593	0	0.8835	0.000230947	2	0	85	107	5147103.5	2N(2569.9045)	NA	HexNAc(5)Hex(6)NeuAc(2) % 2569.9046	-0.61	0	NnATVHEQVGGPSLTSDLQAQSK	N(0.00)N(11.59)A(0.00)T(0.00)V(0.00)H(0.00)E(0.00)Q(0.00)V(0.00)G(0.00)G(0.00)P(0.00)S(0.00)L(0.00)T(0.00)S(0.00)D(0.00)L(0.00)Q(0.00)A(0.00)Q(0.00)S(0.00)K(0.00)	N2	1	N(0.00)N(6.52)A(0.00)T(0.00)V(0.00)H(0.00)E(0.00)Q(0.00)V(0.00)G(0.00)G(0.00)P(0.00)S(0.00)L(0.00)T(0.00)S(0.00)D(0.00)L(0.00)Q(0.00)A(0.00)Q(0.00)S(0.00)K(0.00)	N(0)N(0)A(0)T(0)V(0)H(0)E(0)Q(0)V(0)G(0)G(0)P(0)S(0)L(0)T(0)S(0)D(0)L(0)Q(0)A(0)Q(0)S(0)K(0)	11.593227	3	0	0	11.593227	3	6.5225396	0	0	0	0	FALSE	FALSE	FALSE	sp|P04004|VTNC_HUMAN	P04004	VTNC_HUMAN	VTN	Vitronectin		tr|F5GX75|F5GX75_HUMAN	28255	2695.1292	28208	2690.414	2710.8901	20.476002	7
240419_ES_R00006_MG_c00001_SA_NPB_3_i2.28307.28307.3	D:\SHARE\Tim\25-12-03_GD_Dataset\GD_dataset\NPB_3_i2\interact.pep.xml	FSDGLESNSSTQFEVK	FSDGLESN[1979]SSTQFEVK	GTWKISAR.FSDGLESNSSTQFEVK.KYVLPNFE	R	K	16	3	2702.5288	3639.4517	3639.4434	1214.1578	1214.1551	3638.4399	1213.8206	1.0035	0.01734802	15.543	8.576	0.9277	0.000230947	2	0	219	234	0	8N(1864.6342)	NA	HexNAc(2)Hex(9) % 1864.6341	5.46	0	FSDGLESnSSTQFEVK	F(0.00)S(0.00)D(0.00)G(0.00)L(0.00)E(0.00)S(0.00)N(15.54)S(0.00)S(0.00)T(0.00)Q(0.00)F(0.00)E(0.00)V(0.00)K(0.00)	N8	1	F(0.00)S(0.00)D(0.00)G(0.00)L(0.00)E(0.00)S(0.00)N(11.45)S(0.00)S(0.00)T(0.00)Q(0.00)F(0.00)E(0.00)V(0.00)K(0.00)	F(0)S(0)D(0)G(0)L(0)E(0)S(0)N(0)S(0)S(0)T(0)Q(0)F(0)E(0)V(0)K(0)	15.543971	2	0	0	15.543971	2	11.454983	0	0	0	0	FALSE	FALSE	FALSE	sp|P0C0L4|CO4A_HUMAN	P0C0L4	CO4A_HUMAN	C4A	Complement C4-A	C4B	"sp|P0C0L5|CO4B_HUMAN, tr|A0A0G2JPR0|A0A0G2JPR0_HUMAN, tr|A0A140TA49|A0A140TA49_HUMAN, tr|F5GXS0|F5GXS0_HUMAN"	28255	0	0	0	0	0	0
240419_ES_R00006_MG_c00001_SA_NPB_3_i2.28329.28329.3	D:\SHARE\Tim\25-12-03_GD_Dataset\GD_dataset\NPB_3_i2\interact.pep.xml	GTAGNALMDGASQLMGENR	GTAGNALM[147]DGASQLM[147]GEN[2028]R	QISVNKYR.GTAGNALMDGASQLMGENR.TMTIHNGM	R	T	19	3	2704.2126	3837.5298	3837.5215	1280.1839	1280.1811	3837.5183	1280.1801	0.0031	0.005568651	17.517	0	0.9992	0	2	0	377	395	5768900	"8M(15.9949),15M(15.9949),18N(1913.6770)"	NA	HexNAc(4)Hex(5)NeuAc(1) % 1913.6770	4.37	0	GTAGNALMDGASQLMGEnR	G(0.00)T(0.00)A(0.00)G(0.00)N(0.00)A(0.00)L(0.00)M(0.00)D(0.00)G(0.00)A(0.00)S(0.00)Q(0.00)L(0.00)M(0.00)G(0.00)E(0.00)N(17.52)R(0.00)	N18	1	G(0.00)T(0.00)A(0.00)G(0.00)N(0.00)A(0.00)L(0.00)M(0.00)D(0.00)G(0.00)A(0.00)S(0.00)Q(0.00)L(0.00)M(0.00)G(0.00)E(0.00)N(15.28)R(0.00)	G(0)T(0)A(0)G(0)N(0)A(0)L(0)M(0)D(0)G(0)A(0)S(0)Q(0)L(0)M(0)G(0)E(0)N(2)R(0)	17.51743	3	0	0	13.165757	1	15.278244	2	0	0	0	FALSE	FALSE	FALSE	sp|P02675|FIBB_HUMAN	P02675	FIBB_HUMAN	FGB	Fibrinogen beta chain		tr|D6REL8|D6REL8_HUMAN	28282	2706.041	28354	2682.9492	2722.093	27.136002	17
240419_ES_R00006_MG_c00001_SA_NPB_3_i2.28368.28368.3	D:\SHARE\Tim\25-12-03_GD_Dataset\GD_dataset\NPB_3_i2\interact.pep.xml	FSDGLESNSSTQFEVK	FSDGLESN[1979]SSTQFEVK	GTWKISAR.FSDGLESNSSTQFEVK.KYVLPNFE	R	K	16	3	2707.0723	3638.431	3638.4229	1213.8176	1213.8149	3638.4399	1213.8206	-0.0171	0.009225712	15.64	7.388	0.9855	0.000230947	2	0	219	234	0	8N(1864.6342)	NA	HexNAc(2)Hex(9) % 1864.6341	1.41	0	FSDGLESnSSTQFEVK	F(0.00)S(0.00)D(0.00)G(0.00)L(0.00)E(0.00)S(0.00)N(15.64)S(0.00)S(0.00)T(0.00)Q(0.00)F(0.00)E(0.00)V(0.00)K(0.00)	N8	1	F(0.00)S(0.00)D(0.00)G(0.00)L(0.00)E(0.00)S(0.00)N(11.52)S(0.00)S(0.00)T(0.00)Q(0.00)F(0.00)E(0.00)V(0.00)K(0.00)	F(0)S(0)D(0)G(0)L(0)E(0)S(0)N(0)S(0)S(0)T(0)Q(0)F(0)E(0)V(0)K(0)	15.640685	2	0	0	15.640685	2	11.524459	0	0	0	0	FALSE	FALSE	FALSE	sp|P0C0L4|CO4A_HUMAN	P0C0L4	CO4A_HUMAN	C4A	Complement C4-A	C4B	"sp|P0C0L5|CO4B_HUMAN, tr|A0A0G2JPR0|A0A0G2JPR0_HUMAN, tr|A0A140TA49|A0A140TA49_HUMAN, tr|F5GXS0|F5GXS0_HUMAN"	28315	0	0	0	0	0	0
240419_ES_R00006_MG_c00001_SA_NPB_3_i2.28421.28421.3	D:\SHARE\Tim\25-12-03_GD_Dataset\GD_dataset\NPB_3_i2\interact.pep.xml	NNATVHEQVGGPSLTSDLQAQSK	NN[2319]ATVHEQVGGPSLTSDLQAQSK	VYDDGEEK.NNATVHEQVGGPSLTSDLQAQSK.GNPEQTPV	K	G	23	3	2710.9062	4584.9385	4584.9385	1529.3201	1529.3201	4584.9346	1529.3188	0.0042	1.55E-08	27.039	9.472	1	0	2	0	85	107	147990944	2N(2204.7725)	NA	HexNAc(4)Hex(5)NeuAc(2) % 2204.7724	4.57	0	NnATVHEQVGGPSLTSDLQAQSK	N(0.00)N(26.80)A(0.00)T(0.00)V(0.00)H(0.00)E(0.00)Q(0.00)V(0.00)G(0.00)G(0.00)P(0.00)S(0.00)L(0.00)T(0.00)S(0.00)D(0.00)L(0.00)Q(0.00)A(0.00)Q(0.00)S(0.00)K(0.00)	N2	1	N(0.00)N(11.98)A(0.00)T(0.00)V(0.00)H(0.00)E(0.00)Q(0.00)V(0.00)G(0.00)G(0.00)P(0.00)S(0.00)L(0.00)T(0.00)S(0.00)D(0.00)L(0.00)Q(0.00)A(0.00)Q(0.00)S(0.00)K(0.00)	N(0)N(4)A(0)T(0)V(0)H(0)E(0)Q(0)V(0)G(0)G(0)P(0)S(0)L(0)T(0)S(0)D(0)L(0)Q(0)A(0)Q(0)S(0)K(0)	26.798538	11	0	0	27.039692	11	11.977437	4	0	0	0	FALSE	FALSE	FALSE	sp|P04004|VTNC_HUMAN	P04004	VTNC_HUMAN	VTN	Vitronectin		tr|F5GX75|F5GX75_HUMAN	28381	2690.414	28147	2463.79	2913.2751	35.525	214
240419_ES_R00006_MG_c00001_SA_NPB_3_i2.28495.28495.4	D:\SHARE\Tim\25-12-03_GD_Dataset\GD_dataset\NPB_3_i2\interact.pep.xml	NNATVHEQVGGPSLTSDLQAQSK	NN[2684]ATVHEQVGGPSLTSDLQAQSK	VYDDGEEK.NNATVHEQVGGPSLTSDLQAQSK.GNPEQTPV	K	G	23	4	2716.477	4950.073	4950.0645	1238.5255	1238.5234	4950.0664	1238.5239	-0.002	2.71E-09	42.765	8.1	1	0	2	0	85	107	36855644	2N(2569.9045)	NA	HexNAc(5)Hex(6)NeuAc(2) % 2569.9046	5.9	0	NnATVHEQVGGPSLTSDLQAQSK	N(0.00)N(42.77)A(0.00)T(0.00)V(0.00)H(0.00)E(0.00)Q(0.00)V(0.00)G(0.00)G(0.00)P(0.00)S(0.00)L(0.00)T(0.00)S(0.00)D(0.00)L(0.00)Q(0.00)A(0.00)Q(0.00)S(0.00)K(0.00)	N2	1	N(0.00)N(15.47)A(0.00)T(0.00)V(0.00)H(0.00)E(0.00)Q(0.00)V(0.00)G(0.00)G(0.00)P(0.00)S(0.00)L(0.00)T(0.00)S(0.00)D(0.00)L(0.00)Q(0.00)A(0.00)Q(0.00)S(0.00)K(0.00)	N(0)N(3)A(0)T(0)V(0)H(0)E(0)Q(0)V(0)G(0)G(0)P(0)S(0)L(0)T(0)S(0)D(0)L(0)Q(0)A(0)Q(0)S(0)K(0)	42.765156	14	0	0	40.973293	13	15.470984	3	0	0	0	FALSE	FALSE	FALSE	sp|P04004|VTNC_HUMAN	P04004	VTNC_HUMAN	VTN	Vitronectin		tr|F5GX75|F5GX75_HUMAN	28474	2708.0422	28381	2467.944	2895.6372	38.137	204
240419_ES_R00006_MG_c00001_SA_NPB_3_i2.28546.28546.3	D:\SHARE\Tim\25-12-03_GD_Dataset\GD_dataset\NPB_3_i2\interact.pep.xml	NGSLFAFR	N[2319]GSLFAFR	FDAFTDLK.NGSLFAFR.GQYCYELD	K	G	8	3	2720.4263	3116.2388	3116.242	1039.7535	1039.7546	3115.2385	1039.42	1.0034	0.003962781	16.108	0	0.997	0	2	0	169	176	10407159	1N(2204.7725)	NA	HexNAc(4)Hex(5)NeuAc(2) % 2204.7724	6.22	0	nGSLFAFR	N(16.11)G(0.00)S(0.00)L(0.00)F(0.00)A(0.00)F(0.00)R(0.00)	N1	1	N(12.01)G(0.00)S(0.00)L(0.00)F(0.00)A(0.00)F(0.00)R(0.00)	N(0)G(0)S(0)L(0)F(0)A(0)F(0)R(0)	16.1084	2	0	0	16.1084	2	12.014954	0	0	0	0	FALSE	FALSE	TRUE	sp|P04004|VTNC_HUMAN	P04004	VTNC_HUMAN	VTN	Vitronectin			28522	2734.35	28725	2710.8901	2759.736	24.159	18
240419_ES_R00006_MG_c00001_SA_NPB_3_i2.28570.28570.4	D:\SHARE\Tim\25-12-03_GD_Dataset\GD_dataset\NPB_3_i2\interact.pep.xml	NNATVHEQVGGPSLTSDLQAQSK	NN[2830]ATVHEQVGGPSLTSDLQAQSK	VYDDGEEK.NNATVHEQVGGPSLTSDLQAQSK.GNPEQTPV	K	G	23	4	2722.1091	5096.124	5096.1274	1275.0383	1275.0391	5096.124	1275.0383	0.0032	0.000774907	23.943	0	1	0	2	0	85	107	21035600	2N(2715.9624)	NA	HexNAc(5)Hex(6)Fuc(1)NeuAc(2) % 2715.9625	3.75	0	NnATVHEQVGGPSLTSDLQAQSK	N(0.00)N(22.55)A(0.00)T(0.00)V(0.00)H(0.00)E(0.00)Q(0.00)V(0.00)G(0.00)G(0.00)P(0.00)S(0.00)L(0.00)T(0.00)S(0.00)D(0.00)L(0.00)Q(0.00)A(0.00)Q(0.00)S(0.00)K(0.00)	N2	1	N(0.00)N(9.49)A(0.00)T(0.00)V(0.00)H(0.00)E(0.00)Q(0.00)V(0.00)G(0.00)G(0.00)P(0.00)S(0.00)L(0.00)T(0.00)S(0.00)D(0.00)L(0.00)Q(0.00)A(0.00)Q(0.00)S(0.00)K(0.00)	N(0)N(0)A(0)T(0)V(0)H(0)E(0)Q(0)V(0)G(0)G(0)P(0)S(0)L(0)T(0)S(0)D(0)L(0)Q(0)A(0)Q(0)S(0)K(0)	22.546965	6	0	0	23.94321	7	9.489289	0	0	0	0	FALSE	FALSE	FALSE	sp|P04004|VTNC_HUMAN	P04004	VTNC_HUMAN	VTN	Vitronectin		tr|F5GX75|F5GX75_HUMAN	28540	2708.0422	28381	2459.569	2819.8162	37.844	172
240419_ES_R00006_MG_c00001_SA_NPB_3_i2.28601.28601.4	D:\SHARE\Tim\25-12-03_GD_Dataset\GD_dataset\NPB_3_i2\interact.pep.xml	NNATVHEQVGGPSLTSDLQAQSK	NN[2028]ATVHEQVGGPSLTSDLQAQSK	VYDDGEEK.NNATVHEQVGGPSLTSDLQAQSK.GNPEQTPV	K	G	23	4	2724.3984	4293.8496	4293.8447	1074.4697	1074.4685	4293.8389	1074.467	0.0057	2.59E-10	47.878	14.915	1	0	2	0	85	107	30690286	2N(1913.6770)	NA	HexNAc(4)Hex(5)NeuAc(1) % 1913.6770	3.93	0	NnATVHEQVGGPSLTSDLQAQSK	N(0.00)N(47.88)A(0.00)T(0.00)V(0.00)H(0.00)E(0.00)Q(0.00)V(0.00)G(0.00)G(0.00)P(0.00)S(0.00)L(0.00)T(0.00)S(0.00)D(0.00)L(0.00)Q(0.00)A(0.00)Q(0.00)S(0.00)K(0.00)	N2	1	N(0.00)N(17.87)A(0.00)T(0.00)V(0.00)H(0.00)E(0.00)Q(0.00)V(0.00)G(0.00)G(0.00)P(0.00)S(0.00)L(0.00)T(0.00)S(0.00)D(0.00)L(0.00)Q(0.00)A(0.00)Q(0.00)S(0.00)K(0.00)	N(0)N(4)A(0)T(0)V(0)H(0)E(0)Q(0)V(0)G(0)G(0)P(0)S(0)L(0)T(0)S(0)D(0)L(0)Q(0)A(0)Q(0)S(0)K(0)	47.878662	16	0	0	45.85763	15	17.871647	4	0	0	0	FALSE	FALSE	FALSE	sp|P04004|VTNC_HUMAN	P04004	VTNC_HUMAN	VTN	Vitronectin		tr|F5GX75|F5GX75_HUMAN	28569	2742.7112	28833	2646.666	2904.977	20.202002	114
240419_ES_R00006_MG_c00001_SA_NPB_3_i2.28618.28618.3	D:\SHARE\Tim\25-12-03_GD_Dataset\GD_dataset\NPB_3_i2\interact.pep.xml	NGSLFAFR	N[2319]GSLFAFR	FDAFTDLK.NGSLFAFR.GQYCYELD	K	G	8	3	2725.7134	3115.2378	3115.2163	1039.4199	1039.4127	3115.2385	1039.42	-0.0222	0.00187176	18.411	0	0.9999	0	2	0	169	176	11633529	1N(2204.7725)	NA	HexNAc(4)Hex(5)NeuAc(2) % 2204.7724	3.53	0	nGSLFAFR	N(18.41)G(0.00)S(0.00)L(0.00)F(0.00)A(0.00)F(0.00)R(0.00)	N1	1	N(12.13)G(0.00)S(0.00)L(0.00)F(0.00)A(0.00)F(0.00)R(0.00)	N(0)G(0)S(0)L(0)F(0)A(0)F(0)R(0)	18.411552	3	0	0	18.411552	3	12.127693	0	0	0	0	FALSE	FALSE	TRUE	sp|P04004|VTNC_HUMAN	P04004	VTNC_HUMAN	VTN	Vitronectin			28600	2732.485	28700	2710.8901	2759.736	24.159	20
240419_ES_R00006_MG_c00001_SA_NPB_3_i2.28652.28652.3	D:\SHARE\Tim\25-12-03_GD_Dataset\GD_dataset\NPB_3_i2\interact.pep.xml	NNATVHEQVGGPSLTSDLQAQSK	NN[2028]ATVHEQVGGPSLTSDLQAQSK	VYDDGEEK.NNATVHEQVGGPSLTSDLQAQSK.GNPEQTPV	K	G	23	3	2728.8818	4293.8447	4293.8403	1432.2888	1432.2874	4293.8389	1432.287	0.0013	1.56E-09	39.985	14.616	1	0	2	0	85	107	17779838	2N(1913.6770)	NA	HexNAc(4)Hex(5)NeuAc(1) % 1913.6770	4.93	0	NnATVHEQVGGPSLTSDLQAQSK	N(0.00)N(39.99)A(0.00)T(0.00)V(0.00)H(0.00)E(0.00)Q(0.00)V(0.00)G(0.00)G(0.00)P(0.00)S(0.00)L(0.00)T(0.00)S(0.00)D(0.00)L(0.00)Q(0.00)A(0.00)Q(0.00)S(0.00)K(0.00)	N2	1	N(0.00)N(15.59)A(0.00)T(0.00)V(0.00)H(0.00)E(0.00)Q(0.00)V(0.00)G(0.00)G(0.00)P(0.00)S(0.00)L(0.00)T(0.00)S(0.00)D(0.00)L(0.00)Q(0.00)A(0.00)Q(0.00)S(0.00)K(0.00)	N(0)N(3)A(0)T(0)V(0)H(0)E(0)Q(0)V(0)G(0)G(0)P(0)S(0)L(0)T(0)S(0)D(0)L(0)Q(0)A(0)Q(0)S(0)K(0)	39.985867	13	0	0	39.98232	13	15.588486	3	0	0	0	FALSE	FALSE	FALSE	sp|P04004|VTNC_HUMAN	P04004	VTNC_HUMAN	VTN	Vitronectin		tr|F5GX75|F5GX75_HUMAN	28617	2714.913	28474	2647.84	2825.038	24.828001	76
240419_ES_R00006_MG_c00001_SA_NPB_3_i2.28673.28673.3	D:\SHARE\Tim\25-12-03_GD_Dataset\GD_dataset\NPB_3_i2\interact.pep.xml	NFTENDLLVR	N[2319]FTENDLLVR	LLYPPWDK.NFTENDLLVR.IGKHSRTR	K	I	10	3	2730.3323	3424.4014	3424.3838	1142.4744	1142.4685	3424.3921	1142.4713	-0.0083	0.01633992	15.647	0	0.9903	0.000139101	2	0	416	425	2168330.5	1N(2204.7725)	NA	HexNAc(4)Hex(5)NeuAc(2) % 2204.7724	3.62	0	nFTENDLLVR	N(15.65)F(0.00)T(0.00)E(0.00)N(0.00)D(0.00)L(0.00)L(0.00)V(0.00)R(0.00)	N1	1	N(9.42)F(0.00)T(0.00)E(0.00)N(0.00)D(0.00)L(0.00)L(0.00)V(0.00)R(0.00)	N(0)F(0)T(0)E(0)N(0)D(0)L(0)L(0)V(0)R(0)	15.647867	3	0	0	15.647867	3	9.424141	0	0	0	0	FALSE	FALSE	FALSE	sp|P00734|THRB_HUMAN	P00734	THRB_HUMAN	F2	Prothrombin		tr|E9PIT3|E9PIT3_HUMAN	28617	2728.6711	28650	2718.5522	2738.099	14.547001	4
240419_ES_R00006_MG_c00001_SA_NPB_3_i2.28758.28758.4	D:\SHARE\Tim\25-12-03_GD_Dataset\GD_dataset\NPB_3_i2\interact.pep.xml	NNATVHEQVGGPSLTSDLQAQSK	NN[2975]ATVHEQVGGPSLTSDLQAQSK	VYDDGEEK.NNATVHEQVGGPSLTSDLQAQSK.GNPEQTPV	K	G	23	4	2736.8508	5241.159	5241.1484	1311.297	1311.2944	5241.1621	1311.2979	-0.0134	1.59E-06	21.543	6.753	1	0	2	0	85	107	2488827.2	2N(2861.0000)	NA	HexNAc(5)Hex(6)NeuAc(3) % 2861.0000	4.25	0	NnATVHEQVGGPSLTSDLQAQSK	N(0.00)N(20.11)A(0.00)T(0.00)V(0.00)H(0.00)E(0.00)Q(0.00)V(0.00)G(0.00)G(0.00)P(0.00)S(0.00)L(0.00)T(0.00)S(0.00)D(0.00)L(0.00)Q(0.00)A(0.00)Q(0.00)S(0.00)K(0.00)	N2	1	N(0.00)N(6.35)A(0.00)T(0.00)V(0.00)H(0.00)E(0.00)Q(0.00)V(0.00)G(0.00)G(0.00)P(0.00)S(0.00)L(0.00)T(0.00)S(0.00)D(0.00)L(0.00)Q(0.00)A(0.00)Q(0.00)S(0.00)K(0.00)	N(0)N(0)A(0)T(0)V(0)H(0)E(0)Q(0)V(0)G(0)G(0)P(0)S(0)L(0)T(0)S(0)D(0)L(0)Q(0)A(0)Q(0)S(0)K(0)	20.105396	7	0	0	21.543095	8	6.3503933	0	0	0	0	FALSE	FALSE	FALSE	sp|P04004|VTNC_HUMAN	P04004	VTNC_HUMAN	VTN	Vitronectin		tr|F5GX75|F5GX75_HUMAN	28725	2747.145	28893	2595.079	3368.9792	22.405	343
240419_ES_R00006_MG_c00001_SA_NPB_3_i2.28777.28777.3	D:\SHARE\Tim\25-12-03_GD_Dataset\GD_dataset\NPB_3_i2\interact.pep.xml	GTAGNALMDGASQLMGENR	GTAGNALM[147]DGASQLM[147]GEN[2028]R	QISVNKYR.GTAGNALMDGASQLMGENR.TMTIHNGM	R	T	19	3	2738.3096	3837.5254	3837.5186	1280.1824	1280.1801	3837.5183	1280.1801	2.00E-04	0.04273168	12.977	0	0.9903	0.000139101	2	0	377	395	0	"8M(15.9949),15M(15.9949),18N(1913.6770)"	NA	HexNAc(4)Hex(5)NeuAc(1) % 1913.6770	6.77	0	GTAGNALMDGASQLMGEnR	G(0.00)T(0.00)A(0.00)G(0.00)N(0.00)A(0.00)L(0.00)M(0.00)D(0.00)G(0.00)A(0.00)S(0.00)Q(0.00)L(0.00)M(0.00)G(0.00)E(0.00)N(12.98)R(0.00)	N18	1	G(0.00)T(0.00)A(0.00)G(0.00)N(0.00)A(0.00)L(0.00)M(0.00)D(0.00)G(0.00)A(0.00)S(0.00)Q(0.00)L(0.00)M(0.00)G(0.00)E(0.00)N(10.97)R(0.00)	G(0)T(0)A(0)G(0)N(0)A(0)L(0)M(0)D(0)G(0)A(0)S(0)Q(0)L(0)M(0)G(0)E(0)N(1)R(0)	12.977146	2	0	0	10.97784	1	10.968824	1	0	0	0	FALSE	FALSE	FALSE	sp|P02675|FIBB_HUMAN	P02675	FIBB_HUMAN	FGB	Fibrinogen beta chain		tr|D6REL8|D6REL8_HUMAN	28756	0	0	0	0	0	0
240419_ES_R00006_MG_c00001_SA_NPB_3_i2.28870.28870.3	D:\SHARE\Tim\25-12-03_GD_Dataset\GD_dataset\NPB_3_i2\interact.pep.xml	NFTENDLLVR	N[2028]FTENDLLVR	LLYPPWDK.NFTENDLLVR.IGKHSRTR	K	I	10	3	2745.483	3133.295	3133.289	1045.4389	1045.4369	3133.2966	1045.4395	-0.0076	0.003937768	18.119	0	0.9991	0	2	0	416	425	4853548.5	1N(1913.6770)	NA	HexNAc(4)Hex(5)NeuAc(1) % 1913.6770	2.26	0	nFTENDLLVR	N(18.12)F(0.00)T(0.00)E(0.00)N(0.00)D(0.00)L(0.00)L(0.00)V(0.00)R(0.00)	N1	1	N(9.85)F(0.00)T(0.00)E(0.00)N(0.00)D(0.00)L(0.00)L(0.00)V(0.00)R(0.00)	N(0)F(0)T(0)E(0)N(0)D(0)L(0)L(0)V(0)R(0)	18.11953	4	0	0	18.11953	4	9.850371	0	0	0	0	FALSE	FALSE	FALSE	sp|P00734|THRB_HUMAN	P00734	THRB_HUMAN	F2	Prothrombin		tr|E9PIT3|E9PIT3_HUMAN	28833	2750.6301	28934	2732.485	2764.5642	23.970001	11
240419_ES_R00006_MG_c00001_SA_NPB_3_i2.28920.28920.4	D:\SHARE\Tim\25-12-03_GD_Dataset\GD_dataset\NPB_3_i2\interact.pep.xml	NNATVHEQVGGPSLTSDLQAQSK	NN[2465]ATVHEQVGGPSLTSDLQAQSK	VYDDGEEK.NNATVHEQVGGPSLTSDLQAQSK.GNPEQTPV	K	G	23	4	2749.5742	4730.993	4730.989	1183.7555	1183.7545	4730.9922	1183.7554	-0.0034	0	35.952	17.091	1	0	2	0	85	107	40655136	2N(2350.8303)	NA	HexNAc(4)Hex(5)Fuc(1)NeuAc(2) % 2350.8303	5.26	0	NnATVHEQVGGPSLTSDLQAQSK	N(0.00)N(35.95)A(0.00)T(0.00)V(0.00)H(0.00)E(0.00)Q(0.00)V(0.00)G(0.00)G(0.00)P(0.00)S(0.00)L(0.00)T(0.00)S(0.00)D(0.00)L(0.00)Q(0.00)A(0.00)Q(0.00)S(0.00)K(0.00)	N2	1	N(0.00)N(11.49)A(0.00)T(0.00)V(0.00)H(0.00)E(0.00)Q(0.00)V(0.00)G(0.00)G(0.00)P(0.00)S(0.00)L(0.00)T(0.00)S(0.00)D(0.00)L(0.00)Q(0.00)A(0.00)Q(0.00)S(0.00)K(0.00)	N(0)N(0)A(0)T(0)V(0)H(0)E(0)Q(0)V(0)G(0)G(0)P(0)S(0)L(0)T(0)S(0)D(0)L(0)Q(0)A(0)Q(0)S(0)K(0)	35.95229	10	0	0	35.95229	10	11.485769	0	0	0	0	FALSE	FALSE	FALSE	sp|P04004|VTNC_HUMAN	P04004	VTNC_HUMAN	VTN	Vitronectin		tr|F5GX75|F5GX75_HUMAN	28893	2753.414	28972	2455.205	2913.2751	30.538002	215
240419_ES_R00006_MG_c00001_SA_NPB_3_i2.28946.28946.3	D:\SHARE\Tim\25-12-03_GD_Dataset\GD_dataset\NPB_3_i2\interact.pep.xml	NNATVHEQVGGPSLTSDLQAQSK	NN[2465]ATVHEQVGGPSLTSDLQAQSK	VYDDGEEK.NNATVHEQVGGPSLTSDLQAQSK.GNPEQTPV	K	G	23	3	2751.5344	4730.9956	4730.9946	1578.0058	1578.0055	4730.9922	1578.0048	0.0024	0.015417	15.748	0	0.9942	0	2	0	85	107	0	2N(2350.8303)	NA	HexNAc(4)Hex(5)Fuc(1)NeuAc(2) % 2350.8303	2.79	0	NnATVHEQVGGPSLTSDLQAQSK	N(0.00)N(15.75)A(0.00)T(0.00)V(0.00)H(0.00)E(0.00)Q(0.00)V(0.00)G(0.00)G(0.00)P(0.00)S(0.00)L(0.00)T(0.00)S(0.00)D(0.00)L(0.00)Q(0.00)A(0.00)Q(0.00)S(0.00)K(0.00)	N2	1	N(0.00)N(7.97)A(0.00)T(0.00)V(0.00)H(0.00)E(0.00)Q(0.00)V(0.00)G(0.00)G(0.00)P(0.00)S(0.00)L(0.00)T(0.00)S(0.00)D(0.00)L(0.00)Q(0.00)A(0.00)Q(0.00)S(0.00)K(0.00)	N(0)N(0)A(0)T(0)V(0)H(0)E(0)Q(0)V(0)G(0)G(0)P(0)S(0)L(0)T(0)S(0)D(0)L(0)Q(0)A(0)Q(0)S(0)K(0)	15.748142	4	0	0	15.748142	4	7.973489	0	0	0	0	FALSE	FALSE	FALSE	sp|P04004|VTNC_HUMAN	P04004	VTNC_HUMAN	VTN	Vitronectin		tr|F5GX75|F5GX75_HUMAN	28918	0	0	0	0	0	0
240419_ES_R00006_MG_c00001_SA_NPB_3_i2.28975.28975.4	D:\SHARE\Tim\25-12-03_GD_Dataset\GD_dataset\NPB_3_i2\interact.pep.xml	GLTFQQNASSMCVPDQDTAIR	GLTFQQN[2377]ASSM[147]CVPDQDTAIR	FTCRVDHR.GLTFQQNASSMCVPDQDTAIR.VFAIPPSF	R	V	21	4	2753.6936	4616.9004	4616.882	1155.2324	1155.2278	4616.877	1155.2266	0.0046	8.74E-12	36.146	16.594	1	0	2	0	203	223	484967584	"7N(2262.8142),11M(15.9949),12C(57.0215)"	NA	HexNAc(5)Hex(5)Fuc(1)NeuAc(1) % 2262.8143	2.15	0	GLTFQQnASSMCVPDQDTAIR	G(0.00)L(0.00)T(0.00)F(0.00)Q(0.00)Q(0.00)N(34.30)A(0.00)S(0.00)S(0.00)M(0.00)C(0.00)V(0.00)P(0.00)D(0.00)Q(0.00)D(0.00)T(0.00)A(0.00)I(0.00)R(0.00)	N7	1	G(0.00)L(0.00)T(0.00)F(0.00)Q(0.00)Q(0.00)N(8.99)A(0.00)S(0.00)S(0.00)M(0.00)C(0.00)V(0.00)P(0.00)D(0.00)Q(0.00)D(0.00)T(0.00)A(0.00)I(0.00)R(0.00)	G(0)L(0)T(0)F(0)Q(0)Q(0)N(0)A(0)S(0)S(0)M(0)C(0)V(0)P(0)D(0)Q(0)D(0)T(0)A(0)I(0)R(0)	34.301987	11	0	0	36.14696	12	8.987143	0	0	0	0	FALSE	FALSE	TRUE	sp|P01871|IGHM_HUMAN	P01871	IGHM_HUMAN	IGHM	Immunoglobulin heavy constant mu			28934	2771.3801	29202	2742.7112	2827.7932	20.806002	31
240419_ES_R00006_MG_c00001_SA_NPB_3_i2.29014.29014.4	D:\SHARE\Tim\25-12-03_GD_Dataset\GD_dataset\NPB_3_i2\interact.pep.xml	NNATVHEQVGGPSLTSDLQAQSK	NN[2975]ATVHEQVGGPSLTSDLQAQSK	VYDDGEEK.NNATVHEQVGGPSLTSDLQAQSK.GNPEQTPV	K	G	23	4	2757.0796	5241.22	5241.196	1311.3123	1311.3063	5241.1621	1311.2979	0.0339	5.89E-08	38.421	4.795	1	0	2	0	85	107	12104260	2N(2861.0000)	NA	HexNAc(5)Hex(6)NeuAc(3) % 2861.0000	3.39	0	NnATVHEQVGGPSLTSDLQAQSK	N(0.00)N(34.01)A(0.00)T(0.00)V(0.00)H(0.00)E(0.00)Q(0.00)V(0.00)G(0.00)G(0.00)P(0.00)S(0.00)L(0.00)T(0.00)S(0.00)D(0.00)L(0.00)Q(0.00)A(0.00)Q(0.00)S(0.00)K(0.00)	N2	1	N(0.00)N(8.90)A(0.00)T(0.00)V(0.00)H(0.00)E(0.00)Q(0.00)V(0.00)G(0.00)G(0.00)P(0.00)S(0.00)L(0.00)T(0.00)S(0.00)D(0.00)L(0.00)Q(0.00)A(0.00)Q(0.00)S(0.00)K(0.00)	N(0)N(1)A(0)T(0)V(0)H(0)E(0)Q(0)V(0)G(0)G(0)P(0)S(0)L(0)T(0)S(0)D(0)L(0)Q(0)A(0)Q(0)S(0)K(0)	34.0063	12	0	0	38.421837	15	8.902809	1	0	0	0	FALSE	FALSE	FALSE	sp|P04004|VTNC_HUMAN	P04004	VTNC_HUMAN	VTN	Vitronectin		tr|F5GX75|F5GX75_HUMAN	28972	2777.8132	29281	2667.746	3366.922	22.405	309
240419_ES_R00006_MG_c00001_SA_NPB_3_i2.29047.29047.4	D:\SHARE\Tim\25-12-03_GD_Dataset\GD_dataset\NPB_3_i2\interact.pep.xml	NNATVHEQVGGPSLTSDLQAQSK	NN[2319]ATVHEQVGGPSLTSDLQAQSK	VYDDGEEK.NNATVHEQVGGPSLTSDLQAQSK.GNPEQTPV	K	G	23	4	2759.7515	4584.9385	4584.936	1147.2419	1147.2413	4584.9346	1147.241	0.0017	4.04E-12	54.074	8.94	1	0	2	0	85	107	272739520	2N(2204.7725)	NA	HexNAc(4)Hex(5)NeuAc(2) % 2204.7724	7.27	0	NnATVHEQVGGPSLTSDLQAQSK	N(0.00)N(47.21)A(0.00)T(0.00)V(0.00)H(0.00)E(0.00)Q(0.00)V(0.00)G(0.00)G(0.00)P(0.00)S(0.00)L(0.00)T(0.00)S(0.00)D(0.00)L(0.00)Q(0.00)A(0.00)Q(0.00)S(0.00)K(0.00)	N2	1	N(0.00)N(14.16)A(0.00)T(0.00)V(0.00)H(0.00)E(0.00)Q(0.00)V(0.00)G(0.00)G(0.00)P(0.00)S(0.00)L(0.00)T(0.00)S(0.00)D(0.00)L(0.00)Q(0.00)A(0.00)Q(0.00)S(0.00)K(0.00)	N(0)N(2)A(0)T(0)V(0)H(0)E(0)Q(0)V(0)G(0)G(0)P(0)S(0)L(0)T(0)S(0)D(0)L(0)Q(0)A(0)Q(0)S(0)K(0)	47.214962	15	0	0	54.074333	19	14.157635	2	0	0	0	FALSE	FALSE	FALSE	sp|P04004|VTNC_HUMAN	P04004	VTNC_HUMAN	VTN	Vitronectin		tr|F5GX75|F5GX75_HUMAN	29010	2742.7112	28833	2367.124	3474.7961	38.528004	515
240419_ES_R00006_MG_c00001_SA_NPB_3_i2.29049.29049.3	D:\SHARE\Tim\25-12-03_GD_Dataset\GD_dataset\NPB_3_i2\interact.pep.xml	GLTFQQNASSMCVPDQDTAIR	GLTFQQN[2377]ASSM[147]CVPDQDTAIR	FTCRVDHR.GLTFQQNASSMCVPDQDTAIR.VFAIPPSF	R	V	21	3	2760.0637	4616.8857	4616.885	1539.9692	1539.9689	4616.877	1539.9663	0.0076	0	39.393	24.597	1	0	2	0	203	223	141354400	"7N(2262.8142),11M(15.9949),12C(57.0215)"	NA	HexNAc(5)Hex(5)Fuc(1)NeuAc(1) % 2262.8143	1.91	0	GLTFQQnASSMCVPDQDTAIR	G(0.00)L(0.00)T(0.00)F(0.00)Q(0.00)Q(0.00)N(37.61)A(0.00)S(0.00)S(0.00)M(0.00)C(0.00)V(0.00)P(0.00)D(0.00)Q(0.00)D(0.00)T(0.00)A(0.00)I(0.00)R(0.00)	N7	1	G(0.00)L(0.00)T(0.00)F(0.00)Q(0.00)Q(0.00)N(7.27)A(0.00)S(0.00)S(0.00)M(0.00)C(0.00)V(0.00)P(0.00)D(0.00)Q(0.00)D(0.00)T(0.00)A(0.00)I(0.00)R(0.00)	G(0)L(0)T(0)F(0)Q(0)Q(0)N(1)A(0)S(0)S(0)M(0)C(0)V(0)P(0)D(0)Q(0)D(0)T(0)A(0)I(0)R(0)	37.61483	15	0	0	39.393562	16	7.2690573	1	0	0	0	FALSE	FALSE	TRUE	sp|P01871|IGHM_HUMAN	P01871	IGHM_HUMAN	IGHM	Immunoglobulin heavy constant mu			29010	2771.3801	29202	2744.7952	2810.3052	23.243002	23
240419_ES_R00006_MG_c00001_SA_NPB_3_i2.29053.29053.4	D:\SHARE\Tim\25-12-03_GD_Dataset\GD_dataset\NPB_3_i2\interact.pep.xml	NNATVHEQVGGPSLTSDLQAQSK	NN[2830]ATVHEQVGGPSLTSDLQAQSK	VYDDGEEK.NNATVHEQVGGPSLTSDLQAQSK.GNPEQTPV	K	G	23	4	2760.3364	5097.148	5097.1377	1275.2943	1275.2917	5096.124	1275.0383	1.0134	2.66E-05	27.803	8.608	0.9973	0	2	0	85	107	0	2N(2715.9624)	NA	HexNAc(5)Hex(6)Fuc(1)NeuAc(2) % 2715.9625	2.03	0	NnATVHEQVGGPSLTSDLQAQSK	N(0.00)N(27.80)A(0.00)T(0.00)V(0.00)H(0.00)E(0.00)Q(0.00)V(0.00)G(0.00)G(0.00)P(0.00)S(0.00)L(0.00)T(0.00)S(0.00)D(0.00)L(0.00)Q(0.00)A(0.00)Q(0.00)S(0.00)K(0.00)	N2	1	N(0.00)N(11.54)A(0.00)T(0.00)V(0.00)H(0.00)E(0.00)Q(0.00)V(0.00)G(0.00)G(0.00)P(0.00)S(0.00)L(0.00)T(0.00)S(0.00)D(0.00)L(0.00)Q(0.00)A(0.00)Q(0.00)S(0.00)K(0.00)	N(0)N(0)A(0)T(0)V(0)H(0)E(0)Q(0)V(0)G(0)G(0)P(0)S(0)L(0)T(0)S(0)D(0)L(0)Q(0)A(0)Q(0)S(0)K(0)	27.803888	7	0	0	27.803888	7	11.541298	0	0	0	0	FALSE	FALSE	FALSE	sp|P04004|VTNC_HUMAN	P04004	VTNC_HUMAN	VTN	Vitronectin		tr|F5GX75|F5GX75_HUMAN	29010	0	0	0	0	0	0
240419_ES_R00006_MG_c00001_SA_NPB_3_i2.29055.29055.4	D:\SHARE\Tim\25-12-03_GD_Dataset\GD_dataset\NPB_3_i2\interact.pep.xml	NNATVHEQVGGPSLTSDLQAQSK	NN[3121]ATVHEQVGGPSLTSDLQAQSK	VYDDGEEK.NNATVHEQVGGPSLTSDLQAQSK.GNPEQTPV	K	G	23	4	2760.4731	5388.223	5388.218	1348.063	1348.0618	5387.2197	1347.8123	0.998	0.002944421	16.624	0	0.9994	0	2	0	85	107	9336026	2N(3007.0579)	NA	HexNAc(5)Hex(6)Fuc(1)NeuAc(3) % 3007.0579	3.7	0	NnATVHEQVGGPSLTSDLQAQSK	N(0.00)N(15.31)A(0.00)T(0.00)V(0.00)H(0.00)E(0.00)Q(0.00)V(0.00)G(0.00)G(0.00)P(0.00)S(0.00)L(0.00)T(0.00)S(0.00)D(0.00)L(0.00)Q(0.00)A(0.00)Q(0.00)S(0.00)K(0.00)	N2	1	N(0.00)N(11.19)A(0.00)T(0.00)V(0.00)H(0.00)E(0.00)Q(0.00)V(0.00)G(0.00)G(0.00)P(0.00)S(0.00)L(0.00)T(0.00)S(0.00)D(0.00)L(0.00)Q(0.00)A(0.00)Q(0.00)S(0.00)K(0.00)	N(0)N(0)A(0)T(0)V(0)H(0)E(0)Q(0)V(0)G(0)G(0)P(0)S(0)L(0)T(0)S(0)D(0)L(0)Q(0)A(0)Q(0)S(0)K(0)	15.312059	2	0	0	16.624975	3	11.189539	0	0	0	0	FALSE	FALSE	FALSE	sp|P04004|VTNC_HUMAN	P04004	VTNC_HUMAN	VTN	Vitronectin		tr|F5GX75|F5GX75_HUMAN	29010	2784.8591	29371	2730.8232	3272.3882	38.428	237
240419_ES_R00006_MG_c00001_SA_NPB_3_i2.29085.29085.4	D:\SHARE\Tim\25-12-03_GD_Dataset\GD_dataset\NPB_3_i2\interact.pep.xml	EDNAVQPNSSYTYVWHATER	EDNAVQPN[2028]SSYTYVWHATER	DDSPEWFK.EDNAVQPNSSYTYVWHATER.SGPESPGS	K	S	20	4	2762.6863	4282.719	4282.7104	1071.687	1071.6849	4279.7334	1070.9407	2.9773	0.08570381	10.768	0	0.8777	0.000230947	2	0	1696	1715	0	8N(1913.6770)	NA	HexNAc(4)Hex(5)NeuAc(1) % 1913.6770	-5.08	0.018541108	EDNAVQPnSSYTYVWHATER	E(0.00)D(0.00)N(0.00)A(0.00)V(0.00)Q(0.00)P(0.00)N(10.77)S(0.00)S(0.00)Y(0.00)T(0.00)Y(0.00)V(0.00)W(0.00)H(0.00)A(0.00)T(0.00)E(0.00)R(0.00)	N8	1	E(0.00)D(0.00)N(0.00)A(0.00)V(0.00)Q(0.00)P(0.00)N(0.00)S(0.00)S(0.00)Y(0.00)T(0.00)Y(0.00)V(0.00)W(0.00)H(0.00)A(0.00)T(0.00)E(0.00)R(0.00)	E(0)D(0)N(0)A(0)V(0)Q(0)P(0)N(0)S(0)S(0)Y(0)T(0)Y(0)V(0)W(0)H(0)A(0)T(0)E(0)R(0)	10.76832	7	0	0	10.76832	7	0	0	0	0	0	FALSE	FALSE	FALSE	sp|P12259|FA5_HUMAN	P12259	FA5_HUMAN	F5	Coagulation factor V		tr|A0A0A0MRJ7|A0A0A0MRJ7_HUMAN	29046	0	0	0	0	0	0
240419_ES_R00006_MG_c00001_SA_NPB_3_i2.29100.29100.5	D:\SHARE\Tim\25-12-03_GD_Dataset\GD_dataset\NPB_3_i2\interact.pep.xml	NNATVHEQVGGPSLTSDLQAQSK	NN[2319]ATVHEQVGGPSLTSDLQAQSK	VYDDGEEK.NNATVHEQVGGPSLTSDLQAQSK.GNPEQTPV	K	G	23	5	2763.7144	4584.9385	4584.9307	917.995	917.9934	4584.9346	917.9943	-0.0037	0.005858005	20.429	0	0.9991	0	2	0	85	107	4062516	2N(2204.7725)	NA	HexNAc(4)Hex(5)NeuAc(2) % 2204.7724	4.11	0	NnATVHEQVGGPSLTSDLQAQSK	N(0.00)N(20.43)A(0.00)T(0.00)V(0.00)H(0.00)E(0.00)Q(0.00)V(0.00)G(0.00)G(0.00)P(0.00)S(0.00)L(0.00)T(0.00)S(0.00)D(0.00)L(0.00)Q(0.00)A(0.00)Q(0.00)S(0.00)K(0.00)	N2	1	N(0.00)N(8.11)A(0.00)T(0.00)V(0.00)H(0.00)E(0.00)Q(0.00)V(0.00)G(0.00)G(0.00)P(0.00)S(0.00)L(0.00)T(0.00)S(0.00)D(0.00)L(0.00)Q(0.00)A(0.00)Q(0.00)S(0.00)K(0.00)	N(0)N(0)A(0)T(0)V(0)H(0)E(0)Q(0)V(0)G(0)G(0)P(0)S(0)L(0)T(0)S(0)D(0)L(0)Q(0)A(0)Q(0)S(0)K(0)	20.429401	6	0	0	20.429401	6	8.112829	0	0	0	0	FALSE	FALSE	FALSE	sp|P04004|VTNC_HUMAN	P04004	VTNC_HUMAN	VTN	Vitronectin		tr|F5GX75|F5GX75_HUMAN	29046	2767.539	29152	2716.4612	2777.8132	21.638	28
240419_ES_R00006_MG_c00001_SA_NPB_3_i2.29166.29166.5	D:\SHARE\Tim\25-12-03_GD_Dataset\GD_dataset\NPB_3_i2\interact.pep.xml	GLTFQQNASSMCVPDQDTAIR	GLTFQQN[2377]ASSM[147]CVPDQDTAIR	FTCRVDHR.GLTFQQNASSMCVPDQDTAIR.VFAIPPSF	R	V	21	5	2768.59	4616.8853	4616.8774	924.3843	924.3828	4616.877	924.3827	2.00E-04	0.004965924	15.716	11.319	0.9977	0	2	0	203	223	3839618	"7N(2262.8142),11M(15.9949),12C(57.0215)"	NA	HexNAc(5)Hex(5)Fuc(1)NeuAc(1) % 2262.8143	1.31	0	GLTFQQnASSMCVPDQDTAIR	G(0.00)L(0.00)T(0.00)F(0.00)Q(0.00)Q(0.00)N(13.48)A(0.00)S(0.00)S(0.00)M(0.00)C(0.00)V(0.00)P(0.00)D(0.00)Q(0.00)D(0.00)T(0.00)A(0.00)I(0.00)R(0.00)	N7	1	G(0.00)L(0.00)T(0.00)F(0.00)Q(0.00)Q(0.00)N(3.30)A(0.00)S(0.00)S(0.00)M(0.00)C(0.00)V(0.00)P(0.00)D(0.00)Q(0.00)D(0.00)T(0.00)A(0.00)I(0.00)R(0.00)	G(0)L(0)T(0)F(0)Q(0)Q(0)N(0)A(0)S(0)S(0)M(0)C(0)V(0)P(0)D(0)Q(0)D(0)T(0)A(0)I(0)R(0)	13.476896	6	0	0	15.7164345	7	3.2952812	0	0	0	0	FALSE	FALSE	TRUE	sp|P01871|IGHM_HUMAN	P01871	IGHM_HUMAN	IGHM	Immunoglobulin heavy constant mu			29111	2767.539	29152	2756.7332	2782.9792	13.589001	6
240419_ES_R00006_MG_c00001_SA_NPB_3_i2.29222.29222.3	D:\SHARE\Tim\25-12-03_GD_Dataset\GD_dataset\NPB_3_i2\interact.pep.xml	NNATVHEQVGGPSLTSDLQAQSK	NN[2319]ATVHEQVGGPSLTSDLQAQSK	VYDDGEEK.NNATVHEQVGGPSLTSDLQAQSK.GNPEQTPV	K	G	23	3	2773.341	4584.9424	4584.9395	1529.3214	1529.3204	4584.9346	1529.3188	0.0051	9.54E-08	40.582	10.529	1	0	2	0	85	107	60226592	2N(2204.7725)	NA	HexNAc(4)Hex(5)NeuAc(2) % 2204.7724	5.12	0	NnATVHEQVGGPSLTSDLQAQSK	N(0.00)N(40.58)A(0.00)T(0.00)V(0.00)H(0.00)E(0.00)Q(0.00)V(0.00)G(0.00)G(0.00)P(0.00)S(0.00)L(0.00)T(0.00)S(0.00)D(0.00)L(0.00)Q(0.00)A(0.00)Q(0.00)S(0.00)K(0.00)	N2	1	N(0.00)N(14.29)A(0.00)T(0.00)V(0.00)H(0.00)E(0.00)Q(0.00)V(0.00)G(0.00)G(0.00)P(0.00)S(0.00)L(0.00)T(0.00)S(0.00)D(0.00)L(0.00)Q(0.00)A(0.00)Q(0.00)S(0.00)K(0.00)	N(0)N(3)A(0)T(0)V(0)H(0)E(0)Q(0)V(0)G(0)G(0)P(0)S(0)L(0)T(0)S(0)D(0)L(0)Q(0)A(0)Q(0)S(0)K(0)	40.582573	14	0	0	37.512177	12	14.294408	3	0	0	0	FALSE	FALSE	FALSE	sp|P04004|VTNC_HUMAN	P04004	VTNC_HUMAN	VTN	Vitronectin		tr|F5GX75|F5GX75_HUMAN	29202	2756.7332	29010	2461.559	2913.2751	35.525	214
240419_ES_R00006_MG_c00001_SA_NPB_3_i2.29315.29315.4	D:\SHARE\Tim\25-12-03_GD_Dataset\GD_dataset\NPB_3_i2\interact.pep.xml	NNATVHEQVGGPSLTSDLQAQSK	NN[2684]ATVHEQVGGPSLTSDLQAQSK	VYDDGEEK.NNATVHEQVGGPSLTSDLQAQSK.GNPEQTPV	K	G	23	4	2780.7524	4950.082	4950.072	1238.5278	1238.5253	4950.0664	1238.5239	0.0054	9.95E-05	26.297	10.886	1	0	2	0	85	107	17283790	2N(2569.9045)	NA	HexNAc(5)Hex(6)NeuAc(2) % 2569.9046	4.35	0	NnATVHEQVGGPSLTSDLQAQSK	N(0.00)N(25.23)A(0.00)T(0.00)V(0.00)H(0.00)E(0.00)Q(0.00)V(0.00)G(0.00)G(0.00)P(0.00)S(0.00)L(0.00)T(0.00)S(0.00)D(0.00)L(0.00)Q(0.00)A(0.00)Q(0.00)S(0.00)K(0.00)	N2	1	N(0.00)N(8.11)A(0.00)T(0.00)V(0.00)H(0.00)E(0.00)Q(0.00)V(0.00)G(0.00)G(0.00)P(0.00)S(0.00)L(0.00)T(0.00)S(0.00)D(0.00)L(0.00)Q(0.00)A(0.00)Q(0.00)S(0.00)K(0.00)	N(0)N(0)A(0)T(0)V(0)H(0)E(0)Q(0)V(0)G(0)G(0)P(0)S(0)L(0)T(0)S(0)D(0)L(0)Q(0)A(0)Q(0)S(0)K(0)	25.232433	8	0	0	26.297487	9	8.108274	0	0	0	0	FALSE	FALSE	FALSE	sp|P04004|VTNC_HUMAN	P04004	VTNC_HUMAN	VTN	Vitronectin		tr|F5GX75|F5GX75_HUMAN	29281	2784.8591	29371	2467.944	2895.6372	38.137	204
240419_ES_R00006_MG_c00001_SA_NPB_3_i2.29373.29373.4	D:\SHARE\Tim\25-12-03_GD_Dataset\GD_dataset\NPB_3_i2\interact.pep.xml	NNATVHEQVGGPSLTSDLQAQSK	NN[2975]ATVHEQVGGPSLTSDLQAQSK	VYDDGEEK.NNATVHEQVGGPSLTSDLQAQSK.GNPEQTPV	K	G	23	4	2785.0688	5241.204	5241.1616	1311.3083	1311.2977	5241.1621	1311.2979	-2.00E-04	2.55E-09	41.871	0	1	0	2	0	85	107	15684892	2N(2861.0000)	NA	HexNAc(5)Hex(6)NeuAc(3) % 2861.0000	9.09	0	NnATVHEQVGGPSLTSDLQAQSK	N(0.00)N(39.00)A(0.00)T(0.00)V(0.00)H(0.00)E(0.00)Q(0.00)V(0.00)G(0.00)G(0.00)P(0.00)S(0.00)L(0.00)T(0.00)S(0.00)D(0.00)L(0.00)Q(0.00)A(0.00)Q(0.00)S(0.00)K(0.00)	N2	1	N(0.00)N(9.96)A(0.00)T(0.00)V(0.00)H(0.00)E(0.00)Q(0.00)V(0.00)G(0.00)G(0.00)P(0.00)S(0.00)L(0.00)T(0.00)S(0.00)D(0.00)L(0.00)Q(0.00)A(0.00)Q(0.00)S(0.00)K(0.00)	N(0)N(0)A(0)T(0)V(0)H(0)E(0)Q(0)V(0)G(0)G(0)P(0)S(0)L(0)T(0)S(0)D(0)L(0)Q(0)A(0)Q(0)S(0)K(0)	39.0027	12	0	0	41.871964	14	9.962918	0	0	0	0	FALSE	FALSE	FALSE	sp|P04004|VTNC_HUMAN	P04004	VTNC_HUMAN	VTN	Vitronectin		tr|F5GX75|F5GX75_HUMAN	29346	2787.8972	29413	2734.35	2936.3481	46.495003	95
240419_ES_R00006_MG_c00001_SA_NPB_3_i2.29377.29377.4	D:\SHARE\Tim\25-12-03_GD_Dataset\GD_dataset\NPB_3_i2\interact.pep.xml	NNATVHEQVGGPSLTSDLQAQSK	NN[3121]ATVHEQVGGPSLTSDLQAQSK	VYDDGEEK.NNATVHEQVGGPSLTSDLQAQSK.GNPEQTPV	K	G	23	4	2785.3416	5387.2524	5387.2207	1347.8204	1347.8125	5387.2197	1347.8123	0.001	3.75E-05	25.206	0	0.9998	0	2	0	85	107	9889615	2N(3007.0579)	NA	HexNAc(5)Hex(6)Fuc(1)NeuAc(3) % 3007.0579	6.39	0	NnATVHEQVGGPSLTSDLQAQSK	N(0.00)N(25.21)A(0.00)T(0.00)V(0.00)H(0.00)E(0.00)Q(0.00)V(0.00)G(0.00)G(0.00)P(0.00)S(0.00)L(0.00)T(0.00)S(0.00)D(0.00)L(0.00)Q(0.00)A(0.00)Q(0.00)S(0.00)K(0.00)	N2	1	N(0.00)N(9.71)A(0.00)T(0.00)V(0.00)H(0.00)E(0.00)Q(0.00)V(0.00)G(0.00)G(0.00)P(0.00)S(0.00)L(0.00)T(0.00)S(0.00)D(0.00)L(0.00)Q(0.00)A(0.00)Q(0.00)S(0.00)K(0.00)	N(0)N(0)A(0)T(0)V(0)H(0)E(0)Q(0)V(0)G(0)G(0)P(0)S(0)L(0)T(0)S(0)D(0)L(0)Q(0)A(0)Q(0)S(0)K(0)	25.206835	7	0	0	25.206835	7	9.70998	0	0	0	0	FALSE	FALSE	FALSE	sp|P04004|VTNC_HUMAN	P04004	VTNC_HUMAN	VTN	Vitronectin		tr|F5GX75|F5GX75_HUMAN	29346	2784.8591	29371	2749.363	3272.3882	38.428	228
240419_ES_R00006_MG_c00001_SA_NPB_3_i2.29379.29379.4	D:\SHARE\Tim\25-12-03_GD_Dataset\GD_dataset\NPB_3_i2\interact.pep.xml	NNATVHEQVGGPSLTSDLQAQSK	NN[2830]ATVHEQVGGPSLTSDLQAQSK	VYDDGEEK.NNATVHEQVGGPSLTSDLQAQSK.GNPEQTPV	K	G	23	4	2785.4783	5096.1304	5096.1113	1275.0399	1275.0351	5096.124	1275.0383	-0.0129	0.00084188	23.799	0	1	0	2	0	85	107	0	2N(2715.9624)	NA	HexNAc(5)Hex(6)Fuc(1)NeuAc(2) % 2715.9625	1.92	0	NnATVHEQVGGPSLTSDLQAQSK	N(0.00)N(23.80)A(0.00)T(0.00)V(0.00)H(0.00)E(0.00)Q(0.00)V(0.00)G(0.00)G(0.00)P(0.00)S(0.00)L(0.00)T(0.00)S(0.00)D(0.00)L(0.00)Q(0.00)A(0.00)Q(0.00)S(0.00)K(0.00)	N2	1	N(0.00)N(10.82)A(0.00)T(0.00)V(0.00)H(0.00)E(0.00)Q(0.00)V(0.00)G(0.00)G(0.00)P(0.00)S(0.00)L(0.00)T(0.00)S(0.00)D(0.00)L(0.00)Q(0.00)A(0.00)Q(0.00)S(0.00)K(0.00)	N(0)N(1)A(0)T(0)V(0)H(0)E(0)Q(0)V(0)G(0)G(0)P(0)S(0)L(0)T(0)S(0)D(0)L(0)Q(0)A(0)Q(0)S(0)K(0)	23.799553	7	0	0	23.62767	7	10.823191	1	0	0	0	FALSE	FALSE	FALSE	sp|P04004|VTNC_HUMAN	P04004	VTNC_HUMAN	VTN	Vitronectin		tr|F5GX75|F5GX75_HUMAN	29346	0	0	0	0	0	0
240419_ES_R00006_MG_c00001_SA_NPB_3_i2.29383.29383.4	D:\SHARE\Tim\25-12-03_GD_Dataset\GD_dataset\NPB_3_i2\interact.pep.xml	VSAITLVSATSTTANMTVGPEGK	VSAITLVSATSTTAN[1979]M[147]TVGPEGK	VLEQNHHK.VSAITLVSATSTTANMTVGPEGK.WIISSLTP	K	W	23	4	2785.7507	4114.7827	4114.775	1029.703	1029.701	4114.7754	1029.7012	-5.00E-04	0	50.6	23.043	1	0	2	0	283	305	112523536	"15N(1864.6342),16M(15.9949)"	NA	HexNAc(2)Hex(9) % 1864.6341	3.99	0	VSAITLVSATSTTAnMTVGPEGK	V(0.00)S(0.00)A(0.00)I(0.00)T(0.00)L(0.00)V(0.00)S(0.00)A(0.00)T(0.00)S(0.00)T(0.00)T(0.00)A(0.00)N(50.60)M(0.00)T(0.00)V(0.00)G(0.00)P(0.00)E(0.00)G(0.00)K(0.00)	N15	1	V(0.00)S(0.00)A(0.00)I(0.00)T(0.00)L(0.00)V(0.00)S(0.00)A(0.00)T(0.00)S(0.00)T(0.00)T(0.00)A(0.00)N(19.32)M(0.00)T(0.00)V(0.00)G(0.00)P(0.00)E(0.00)G(0.00)K(0.00)	V(0)S(0)A(0)I(0)T(0)L(0)V(0)S(0)A(0)T(0)S(0)T(0)T(0)A(0)N(7)M(0)T(0)V(0)G(0)P(0)E(0)G(0)K(0)	50.60034	21	0	0	46.59014	20	19.321918	7	0	0	0	FALSE	FALSE	FALSE	sp|P12259|FA5_HUMAN	P12259	FA5_HUMAN	F5	Coagulation factor V		tr|A0A0A0MRJ7|A0A0A0MRJ7_HUMAN	29346	2807.268	29636	2777.8132	2837.061	26.112001	23
240419_ES_R00006_MG_c00001_SA_NPB_3_i2.29389.29389.3	D:\SHARE\Tim\25-12-03_GD_Dataset\GD_dataset\NPB_3_i2\interact.pep.xml	VSAITLVSATSTTANMTVGPEGK	VSAITLVSATSTTAN[1979]M[147]TVGPEGK	VLEQNHHK.VSAITLVSATSTTANMTVGPEGK.WIISSLTP	K	W	23	3	2786.183	4114.805	4114.778	1372.6089	1372.5999	4114.7754	1372.5991	0.0026	1.00E-14	56.263	23.549	1	0	2	0	283	305	104418736	"15N(1864.6342),16M(15.9949)"	NA	HexNAc(2)Hex(9) % 1864.6341	3.78	0	VSAITLVSATSTTAnMTVGPEGK	V(0.00)S(0.00)A(0.00)I(0.00)T(0.00)L(0.00)V(0.00)S(0.00)A(0.00)T(0.00)S(0.00)T(0.00)T(0.00)A(0.00)N(56.26)M(0.00)T(0.00)V(0.00)G(0.00)P(0.00)E(0.00)G(0.00)K(0.00)	N15	1	V(0.00)S(0.00)A(0.00)I(0.00)T(0.00)L(0.00)V(0.00)S(0.00)A(0.00)T(0.00)S(0.00)T(0.00)T(0.00)A(0.00)N(23.99)M(0.00)T(0.00)V(0.00)G(0.00)P(0.00)E(0.00)G(0.00)K(0.00)	V(0)S(0)A(0)I(0)T(0)L(0)V(0)S(0)A(0)T(0)S(0)T(0)T(0)A(0)N(7)M(0)T(0)V(0)G(0)P(0)E(0)G(0)K(0)	56.263348	21	0	0	47.177643	18	23.992973	7	0	0	0	FALSE	FALSE	FALSE	sp|P12259|FA5_HUMAN	P12259	FA5_HUMAN	F5	Coagulation factor V		tr|A0A0A0MRJ7|A0A0A0MRJ7_HUMAN	29346	2807.268	29636	2780.5422	2830.7922	21.045	17
240419_ES_R00006_MG_c00001_SA_NPB_3_i2.29414.29414.4	D:\SHARE\Tim\25-12-03_GD_Dataset\GD_dataset\NPB_3_i2\interact.pep.xml	NNATVHEQVGGPSLTSDLQAQSK	NN[2028]ATVHEQVGGPSLTSDLQAQSK	VYDDGEEK.NNATVHEQVGGPSLTSDLQAQSK.GNPEQTPV	K	G	23	4	2787.9167	4293.849	4293.845	1074.4695	1074.4685	4293.8389	1074.467	0.0063	4.41E-12	49.496	15.638	1	0	2	0	85	107	22703552	2N(1913.6770)	NA	HexNAc(4)Hex(5)NeuAc(1) % 1913.6770	3.65	0	NnATVHEQVGGPSLTSDLQAQSK	N(0.00)N(44.70)A(0.00)T(0.00)V(0.00)H(0.00)E(0.00)Q(0.00)V(0.00)G(0.00)G(0.00)P(0.00)S(0.00)L(0.00)T(0.00)S(0.00)D(0.00)L(0.00)Q(0.00)A(0.00)Q(0.00)S(0.00)K(0.00)	N2	1	N(0.00)N(14.68)A(0.00)T(0.00)V(0.00)H(0.00)E(0.00)Q(0.00)V(0.00)G(0.00)G(0.00)P(0.00)S(0.00)L(0.00)T(0.00)S(0.00)D(0.00)L(0.00)Q(0.00)A(0.00)Q(0.00)S(0.00)K(0.00)	N(0)N(2)A(0)T(0)V(0)H(0)E(0)Q(0)V(0)G(0)G(0)P(0)S(0)L(0)T(0)S(0)D(0)L(0)Q(0)A(0)Q(0)S(0)K(0)	44.698154	14	0	0	49.49637	17	14.6810465	2	0	0	0	FALSE	FALSE	FALSE	sp|P04004|VTNC_HUMAN	P04004	VTNC_HUMAN	VTN	Vitronectin		tr|F5GX75|F5GX75_HUMAN	29371	2771.3801	29202	2646.666	2812.725	125.95801	72
240419_ES_R00006_MG_c00001_SA_NPB_3_i2.29415.29415.4	D:\SHARE\Tim\25-12-03_GD_Dataset\GD_dataset\NPB_3_i2\interact.pep.xml	VSAITLVSATSTTANMTVGPEGK	VSAITLVSATSTTAN[1979]M[147]TVGPEGK	VLEQNHHK.VSAITLVSATSTTANMTVGPEGK.WIISSLTP	K	W	23	4	2788.1072	4114.7793	4114.7754	1029.7021	1029.7011	4114.7754	1029.7012	0	0	55.609	23.278	1	0	2	0	283	305	112523536	"15N(1864.6342),16M(15.9949)"	NA	HexNAc(2)Hex(9) % 1864.6341	7.92	0	VSAITLVSATSTTAnMTVGPEGK	V(0.00)S(0.00)A(0.00)I(0.00)T(0.00)L(0.00)V(0.00)S(0.00)A(0.00)T(0.00)S(0.00)T(0.00)T(0.00)A(0.00)N(55.05)M(0.00)T(0.00)V(0.00)G(0.00)P(0.00)E(0.00)G(0.00)K(0.00)	N15	1	V(0.00)S(0.00)A(0.00)I(0.00)T(0.00)L(0.00)V(0.00)S(0.00)A(0.00)T(0.00)S(0.00)T(0.00)T(0.00)A(0.00)N(23.16)M(0.00)T(0.00)V(0.00)G(0.00)P(0.00)E(0.00)G(0.00)K(0.00)	V(0)S(0)A(0)I(0)T(0)L(0)V(0)S(0)A(0)T(0)S(0)T(0)T(0)A(0)N(7)M(0)T(0)V(0)G(0)P(0)E(0)G(0)K(0)	55.04714	21	0	0	55.609657	21	23.16438	7	0	0	0	FALSE	FALSE	FALSE	sp|P12259|FA5_HUMAN	P12259	FA5_HUMAN	F5	Coagulation factor V		tr|A0A0A0MRJ7|A0A0A0MRJ7_HUMAN	29371	2807.268	29636	2777.8132	2837.061	26.112001	23
240419_ES_R00006_MG_c00001_SA_NPB_3_i2.29425.29425.3	D:\SHARE\Tim\25-12-03_GD_Dataset\GD_dataset\NPB_3_i2\interact.pep.xml	VSAITLVSATSTTANMTVGPEGK	VSAITLVSATSTTAN[1979]M[147]TVGPEGK	VLEQNHHK.VSAITLVSATSTTANMTVGPEGK.WIISSLTP	K	W	23	3	2788.7935	4114.7793	4114.7764	1372.6004	1372.5994	4114.7754	1372.5991	0.0011	0	53.634	21.981	1	0	2	0	283	305	104418736	"15N(1864.6342),16M(15.9949)"	NA	HexNAc(2)Hex(9) % 1864.6341	4.14	0	VSAITLVSATSTTAnMTVGPEGK	V(0.00)S(0.00)A(0.00)I(0.00)T(0.00)L(0.00)V(0.00)S(0.00)A(0.00)T(0.00)S(0.00)T(0.00)T(0.00)A(0.00)N(53.63)M(0.00)T(0.00)V(0.00)G(0.00)P(0.00)E(0.00)G(0.00)K(0.00)	N15	1	V(0.00)S(0.00)A(0.00)I(0.00)T(0.00)L(0.00)V(0.00)S(0.00)A(0.00)T(0.00)S(0.00)T(0.00)T(0.00)A(0.00)N(24.29)M(0.00)T(0.00)V(0.00)G(0.00)P(0.00)E(0.00)G(0.00)K(0.00)	V(0)S(0)A(0)I(0)T(0)L(0)V(0)S(0)A(0)T(0)S(0)T(0)T(0)A(0)N(7)M(0)T(0)V(0)G(0)P(0)E(0)G(0)K(0)	53.634125	20	0	0	47.431267	18	24.286238	7	0	0	0	FALSE	FALSE	FALSE	sp|P12259|FA5_HUMAN	P12259	FA5_HUMAN	F5	Coagulation factor V		tr|A0A0A0MRJ7|A0A0A0MRJ7_HUMAN	29371	2807.268	29636	2780.5422	2827.7932	21.045	17
240419_ES_R00006_MG_c00001_SA_NPB_3_i2.29463.29463.3	D:\SHARE\Tim\25-12-03_GD_Dataset\GD_dataset\NPB_3_i2\interact.pep.xml	NNATVHEQVGGPSLTSDLQAQSK	NN[2028]ATVHEQVGGPSLTSDLQAQSK	VYDDGEEK.NNATVHEQVGGPSLTSDLQAQSK.GNPEQTPV	K	G	23	3	2791.763	4293.8545	4293.8438	1432.2921	1432.2885	4293.8389	1432.287	0.0048	0.000123047	25.441	0	1	0	2	0	85	107	23979868	2N(1913.6770)	NA	HexNAc(4)Hex(5)NeuAc(1) % 1913.6770	3.45	0	NnATVHEQVGGPSLTSDLQAQSK	N(0.00)N(25.44)A(0.00)T(0.00)V(0.00)H(0.00)E(0.00)Q(0.00)V(0.00)G(0.00)G(0.00)P(0.00)S(0.00)L(0.00)T(0.00)S(0.00)D(0.00)L(0.00)Q(0.00)A(0.00)Q(0.00)S(0.00)K(0.00)	N2	1	N(0.00)N(14.32)A(0.00)T(0.00)V(0.00)H(0.00)E(0.00)Q(0.00)V(0.00)G(0.00)G(0.00)P(0.00)S(0.00)L(0.00)T(0.00)S(0.00)D(0.00)L(0.00)Q(0.00)A(0.00)Q(0.00)S(0.00)K(0.00)	N(0)N(2)A(0)T(0)V(0)H(0)E(0)Q(0)V(0)G(0)G(0)P(0)S(0)L(0)T(0)S(0)D(0)L(0)Q(0)A(0)Q(0)S(0)K(0)	25.441574	7	0	0	22.756863	5	14.319866	2	0	0	0	FALSE	FALSE	FALSE	sp|P04004|VTNC_HUMAN	P04004	VTNC_HUMAN	VTN	Vitronectin		tr|F5GX75|F5GX75_HUMAN	29445	2812.725	29711	2767.539	2827.7932	27.583002	23
240419_ES_R00006_MG_c00001_SA_NPB_3_i2.29491.29491.4	D:\SHARE\Tim\25-12-03_GD_Dataset\GD_dataset\NPB_3_i2\interact.pep.xml	VSAITLVSATSTTANMTVGPEGK	VSAITLVSATSTTAN[1817]M[147]TVGPEGK	VLEQNHHK.VSAITLVSATSTTANMTVGPEGK.WIISSLTP	K	W	23	4	2793.72	3952.7385	3952.7224	989.1919	989.1879	3952.7224	989.1879	0	0	43.99	8.526	1	0	2	0	283	305	44105508	"15N(1702.5813),16M(15.9949)"	NA	HexNAc(2)Hex(8) % 1702.5813	6.68	0	VSAITLVSATSTTAnMTVGPEGK	V(0.00)S(0.00)A(0.00)I(0.00)T(0.00)L(0.00)V(0.00)S(0.00)A(0.00)T(0.00)S(0.00)T(0.00)T(0.00)A(0.00)N(43.99)M(0.00)T(0.00)V(0.00)G(0.00)P(0.00)E(0.00)G(0.00)K(0.00)	N15	1	V(0.00)S(0.00)A(0.00)I(0.00)T(0.00)L(0.00)V(0.00)S(0.00)A(0.00)T(0.00)S(0.00)T(0.00)T(0.00)A(0.00)N(16.00)M(0.00)T(0.00)V(0.00)G(0.00)P(0.00)E(0.00)G(0.00)K(0.00)	V(0)S(0)A(0)I(0)T(0)L(0)V(0)S(0)A(0)T(0)S(0)T(0)T(0)A(0)N(7)M(0)T(0)V(0)G(0)P(0)E(0)G(0)K(0)	43.990574	20	0	0	43.66938	20	15.999365	7	0	0	0	FALSE	FALSE	FALSE	sp|P12259|FA5_HUMAN	P12259	FA5_HUMAN	F5	Coagulation factor V		tr|A0A0A0MRJ7|A0A0A0MRJ7_HUMAN	29461	2815.12	29743	2787.8972	2844.9482	31.844002	19
240419_ES_R00006_MG_c00001_SA_NPB_3_i2.29494.29494.3	D:\SHARE\Tim\25-12-03_GD_Dataset\GD_dataset\NPB_3_i2\interact.pep.xml	VSAITLVSATSTTANMTVGPEGK	VSAITLVSATSTTAN[1817]M[147]TVGPEGK	VLEQNHHK.VSAITLVSATSTTANMTVGPEGK.WIISSLTP	K	W	23	3	2794.1	3952.7383	3952.7197	1318.5867	1318.5805	3952.7224	1318.5814	-0.0027	1.25E-10	48.112	12.21	1	0	2	0	283	305	47577432	"15N(1702.5813),16M(15.9949)"	NA	HexNAc(2)Hex(8) % 1702.5813	3.42	0	VSAITLVSATSTTAnMTVGPEGK	V(0.00)S(0.00)A(0.00)I(0.00)T(0.00)L(0.00)V(0.00)S(0.00)A(0.00)T(0.00)S(0.00)T(0.00)T(0.00)A(0.00)N(48.11)M(0.00)T(0.00)V(0.00)G(0.00)P(0.00)E(0.00)G(0.00)K(0.00)	N15	1	V(0.00)S(0.00)A(0.00)I(0.00)T(0.00)L(0.00)V(0.00)S(0.00)A(0.00)T(0.00)S(0.00)T(0.00)T(0.00)A(0.00)N(19.53)M(0.00)T(0.00)V(0.00)G(0.00)P(0.00)E(0.00)G(0.00)K(0.00)	V(0)S(0)A(0)I(0)T(0)L(0)V(0)S(0)A(0)T(0)S(0)T(0)T(0)A(0)N(5)M(0)T(0)V(0)G(0)P(0)E(0)G(0)K(0)	48.11242	18	0	0	42.664513	16	19.52916	5	0	0	0	FALSE	FALSE	FALSE	sp|P12259|FA5_HUMAN	P12259	FA5_HUMAN	F5	Coagulation factor V		tr|A0A0A0MRJ7|A0A0A0MRJ7_HUMAN	29461	2812.725	29711	2787.8972	2827.7932	26.467001	13
240419_ES_R00006_MG_c00001_SA_NPB_3_i2.29501.29501.4	D:\SHARE\Tim\25-12-03_GD_Dataset\GD_dataset\NPB_3_i2\interact.pep.xml	NNATVHEQVGGPSLTSDLQAQSK	NN[2028]ATVHEQVGGPSLTSDLQAQSK	VYDDGEEK.NNATVHEQVGGPSLTSDLQAQSK.GNPEQTPV	K	G	23	4	2794.578	4293.8594	4293.845	1074.4721	1074.4685	4293.8389	1074.467	0.0063	0.1182361	10.209	0	0.9868	0.000230947	2	0	85	107	26185568	2N(1913.6770)	NA	HexNAc(4)Hex(5)NeuAc(1) % 1913.6770	-0.53	0	NnATVHEQVGGPSLTSDLQAQSK	N(0.00)N(10.21)A(0.00)T(0.00)V(0.00)H(0.00)E(0.00)Q(0.00)V(0.00)G(0.00)G(0.00)P(0.00)S(0.00)L(0.00)T(0.00)S(0.00)D(0.00)L(0.00)Q(0.00)A(0.00)Q(0.00)S(0.00)K(0.00)	N2	1	N(0.00)N(1.59)A(0.00)T(0.00)V(0.00)H(0.00)E(0.00)Q(0.00)V(0.00)G(0.00)G(0.00)P(0.00)S(0.00)L(0.00)T(0.00)S(0.00)D(0.00)L(0.00)Q(0.00)A(0.00)Q(0.00)S(0.00)K(0.00)	N(0)N(0)A(0)T(0)V(0)H(0)E(0)Q(0)V(0)G(0)G(0)P(0)S(0)L(0)T(0)S(0)D(0)L(0)Q(0)A(0)Q(0)S(0)K(0)	10.209203	5	0	0	10.209203	5	1.5863739	0	0	0	0	FALSE	FALSE	FALSE	sp|P04004|VTNC_HUMAN	P04004	VTNC_HUMAN	VTN	Vitronectin		tr|F5GX75|F5GX75_HUMAN	29461	2782.9792	29346	2646.666	2908.06	20.202002	114
240419_ES_R00006_MG_c00001_SA_NPB_3_i2.29545.29545.5	D:\SHARE\Tim\25-12-03_GD_Dataset\GD_dataset\NPB_3_i2\interact.pep.xml	NNATVHEQVGGPSLTSDLQAQSK	NN[3121]ATVHEQVGGPSLTSDLQAQSK	VYDDGEEK.NNATVHEQVGGPSLTSDLQAQSK.GNPEQTPV	K	G	23	5	2800.6072	5387.236	5387.2217	1078.4545	1078.4516	5387.2197	1078.4513	0.002	0	43.1	16.523	1	0	2	0	85	107	247847696	2N(3007.0579)	NA	HexNAc(5)Hex(6)Fuc(1)NeuAc(3) % 3007.0579	6.5	0	NnATVHEQVGGPSLTSDLQAQSK	N(0.00)N(43.10)A(0.00)T(0.00)V(0.00)H(0.00)E(0.00)Q(0.00)V(0.00)G(0.00)G(0.00)P(0.00)S(0.00)L(0.00)T(0.00)S(0.00)D(0.00)L(0.00)Q(0.00)A(0.00)Q(0.00)S(0.00)K(0.00)	N2	1	N(0.00)N(14.89)A(0.00)T(0.00)V(0.00)H(0.00)E(0.00)Q(0.00)V(0.00)G(0.00)G(0.00)P(0.00)S(0.00)L(0.00)T(0.00)S(0.00)D(0.00)L(0.00)Q(0.00)A(0.00)Q(0.00)S(0.00)K(0.00)	N(0)N(1)A(0)T(0)V(0)H(0)E(0)Q(0)V(0)G(0)G(0)P(0)S(0)L(0)T(0)S(0)D(0)L(0)Q(0)A(0)Q(0)S(0)K(0)	43.100525	12	0	0	41.962692	11	14.892075	1	0	0	0	FALSE	FALSE	FALSE	sp|P04004|VTNC_HUMAN	P04004	VTNC_HUMAN	VTN	Vitronectin		tr|F5GX75|F5GX75_HUMAN	29520	2827.7932	29910	2784.8591	2890.425	21.941002	44
240419_ES_R00006_MG_c00001_SA_NPB_3_i2.29550.29550.5	D:\SHARE\Tim\25-12-03_GD_Dataset\GD_dataset\NPB_3_i2\interact.pep.xml	NNATVHEQVGGPSLTSDLQAQSK	NN[2975]ATVHEQVGGPSLTSDLQAQSK	VYDDGEEK.NNATVHEQVGGPSLTSDLQAQSK.GNPEQTPV	K	G	23	5	2800.9487	5241.1743	5241.163	1049.2421	1049.2399	5241.1621	1049.2397	0.0012	9.49E-12	31.889	7.063	1	0	2	0	85	107	54970560	2N(2861.0000)	NA	HexNAc(5)Hex(6)NeuAc(3) % 2861.0000	7.09	0	NnATVHEQVGGPSLTSDLQAQSK	N(0.00)N(31.89)A(0.00)T(0.00)V(0.00)H(0.00)E(0.00)Q(0.00)V(0.00)G(0.00)G(0.00)P(0.00)S(0.00)L(0.00)T(0.00)S(0.00)D(0.00)L(0.00)Q(0.00)A(0.00)Q(0.00)S(0.00)K(0.00)	N2	1	N(0.00)N(9.58)A(0.00)T(0.00)V(0.00)H(0.00)E(0.00)Q(0.00)V(0.00)G(0.00)G(0.00)P(0.00)S(0.00)L(0.00)T(0.00)S(0.00)D(0.00)L(0.00)Q(0.00)A(0.00)Q(0.00)S(0.00)K(0.00)	N(0)N(1)A(0)T(0)V(0)H(0)E(0)Q(0)V(0)G(0)G(0)P(0)S(0)L(0)T(0)S(0)D(0)L(0)Q(0)A(0)Q(0)S(0)K(0)	31.889175	11	0	0	30.648195	10	9.577128	1	0	0	0	FALSE	FALSE	FALSE	sp|P04004|VTNC_HUMAN	P04004	VTNC_HUMAN	VTN	Vitronectin		tr|F5GX75|F5GX75_HUMAN	29520	2812.725	29711	2793.704	2911.8452	28.917002	51
240419_ES_R00006_MG_c00001_SA_NPB_3_i2.29609.29609.4	D:\SHARE\Tim\25-12-03_GD_Dataset\GD_dataset\NPB_3_i2\interact.pep.xml	NNATVHEQVGGPSLTSDLQAQSK	NN[2975]ATVHEQVGGPSLTSDLQAQSK	VYDDGEEK.NNATVHEQVGGPSLTSDLQAQSK.GNPEQTPV	K	G	23	4	2805.1914	5241.164	5241.162	1311.2983	1311.2978	5241.1621	1311.2979	2.00E-04	6.61E-12	52.219	0	1	0	2	0	85	107	316789376	2N(2861.0000)	NA	HexNAc(5)Hex(6)NeuAc(3) % 2861.0000	9.96	0	NnATVHEQVGGPSLTSDLQAQSK	N(0.00)N(52.03)A(0.00)T(0.00)V(0.00)H(0.00)E(0.00)Q(0.00)V(0.00)G(0.00)G(0.00)P(0.00)S(0.00)L(0.00)T(0.00)S(0.00)D(0.00)L(0.00)Q(0.00)A(0.00)Q(0.00)S(0.00)K(0.00)	N2	1	N(0.00)N(15.93)A(0.00)T(0.00)V(0.00)H(0.00)E(0.00)Q(0.00)V(0.00)G(0.00)G(0.00)P(0.00)S(0.00)L(0.00)T(0.00)S(0.00)D(0.00)L(0.00)Q(0.00)A(0.00)Q(0.00)S(0.00)K(0.00)	N(0)N(3)A(0)T(0)V(0)H(0)E(0)Q(0)V(0)G(0)G(0)P(0)S(0)L(0)T(0)S(0)D(0)L(0)Q(0)A(0)Q(0)S(0)K(0)	52.03392	17	0	0	52.219337	17	15.929677	3	0	0	0	FALSE	FALSE	FALSE	sp|P04004|VTNC_HUMAN	P04004	VTNC_HUMAN	VTN	Vitronectin		tr|F5GX75|F5GX75_HUMAN	29569	2810.3052	29678	2700.726	3366.922	22.405	294
240419_ES_R00006_MG_c00001_SA_NPB_3_i2.29654.29654.3	D:\SHARE\Tim\25-12-03_GD_Dataset\GD_dataset\NPB_3_i2\interact.pep.xml	NNATVHEQVGGPSLTSDLQAQSK	NN[3121]ATVHEQVGGPSLTSDLQAQSK	VYDDGEEK.NNATVHEQVGGPSLTSDLQAQSK.GNPEQTPV	K	G	23	3	2808.575	5387.2363	5387.23	1796.7527	1796.7506	5387.2197	1796.7472	0.0103	8.78E-09	39.726	0	1	0	2	0	85	107	57977720	2N(3007.0579)	NA	HexNAc(5)Hex(6)Fuc(1)NeuAc(3) % 3007.0579	3.49	0	NnATVHEQVGGPSLTSDLQAQSK	N(0.00)N(39.39)A(0.00)T(0.00)V(0.00)H(0.00)E(0.00)Q(0.00)V(0.00)G(0.00)G(0.00)P(0.00)S(0.00)L(0.00)T(0.00)S(0.00)D(0.00)L(0.00)Q(0.00)A(0.00)Q(0.00)S(0.00)K(0.00)	N2	1	N(0.00)N(16.96)A(0.00)T(0.00)V(0.00)H(0.00)E(0.00)Q(0.00)V(0.00)G(0.00)G(0.00)P(0.00)S(0.00)L(0.00)T(0.00)S(0.00)D(0.00)L(0.00)Q(0.00)A(0.00)Q(0.00)S(0.00)K(0.00)	N(0)N(2)A(0)T(0)V(0)H(0)E(0)Q(0)V(0)G(0)G(0)P(0)S(0)L(0)T(0)S(0)D(0)L(0)Q(0)A(0)Q(0)S(0)K(0)	39.393566	11	0	0	39.72608	11	16.959122	2	0	0	0	FALSE	FALSE	FALSE	sp|P04004|VTNC_HUMAN	P04004	VTNC_HUMAN	VTN	Vitronectin		tr|F5GX75|F5GX75_HUMAN	29608	2832.9272	29980	2800.2102	2883.593	36.008003	33
240419_ES_R00006_MG_c00001_SA_NPB_3_i2.29660.29660.3	D:\SHARE\Tim\25-12-03_GD_Dataset\GD_dataset\NPB_3_i2\interact.pep.xml	NNATVHEQVGGPSLTSDLQAQSK	NN[2975]ATVHEQVGGPSLTSDLQAQSK	VYDDGEEK.NNATVHEQVGGPSLTSDLQAQSK.GNPEQTPV	K	G	23	3	2808.984	5241.1543	5241.1753	1748.0587	1748.0657	5241.1621	1748.0614	0.0134	6.54E-05	27.239	9.779	1	0	2	0	85	107	139335456	2N(2861.0000)	NA	HexNAc(5)Hex(6)NeuAc(3) % 2861.0000	2.7	0	NnATVHEQVGGPSLTSDLQAQSK	N(0.00)N(25.32)A(0.00)T(0.00)V(0.00)H(0.00)E(0.00)Q(0.00)V(0.00)G(0.00)G(0.00)P(0.00)S(0.00)L(0.00)T(0.00)S(0.00)D(0.00)L(0.00)Q(0.00)A(0.00)Q(0.00)S(0.00)K(0.00)	N2	1	N(0.00)N(8.09)A(0.00)T(0.00)V(0.00)H(0.00)E(0.00)Q(0.00)V(0.00)G(0.00)G(0.00)P(0.00)S(0.00)L(0.00)T(0.00)S(0.00)D(0.00)L(0.00)Q(0.00)A(0.00)Q(0.00)S(0.00)K(0.00)	N(0)N(0)A(0)T(0)V(0)H(0)E(0)Q(0)V(0)G(0)G(0)P(0)S(0)L(0)T(0)S(0)D(0)L(0)Q(0)A(0)Q(0)S(0)K(0)	25.323036	8	0	0	27.239517	9	8.087498	0	0	0	0	FALSE	FALSE	FALSE	sp|P04004|VTNC_HUMAN	P04004	VTNC_HUMAN	VTN	Vitronectin		tr|F5GX75|F5GX75_HUMAN	29608	2832.9272	29980	2800.2102	2890.425	24.791	36
240419_ES_R00006_MG_c00001_SA_NPB_3_i2.29713.29713.4	D:\SHARE\Tim\25-12-03_GD_Dataset\GD_dataset\NPB_3_i2\interact.pep.xml	NNATVHEQVGGPSLTSDLQAQSK	NN[2465]ATVHEQVGGPSLTSDLQAQSK	VYDDGEEK.NNATVHEQVGGPSLTSDLQAQSK.GNPEQTPV	K	G	23	4	2812.936	4732.002	4731.9917	1184.0078	1184.0052	4730.9922	1183.7554	0.9995	2.67E-10	40.229	16.925	1	0	2	0	85	107	31041504	2N(2350.8303)	NA	HexNAc(4)Hex(5)Fuc(1)NeuAc(2) % 2350.8303	5.52	0	NnATVHEQVGGPSLTSDLQAQSK	N(0.00)N(40.23)A(0.00)T(0.00)V(0.00)H(0.00)E(0.00)Q(0.00)V(0.00)G(0.00)G(0.00)P(0.00)S(0.00)L(0.00)T(0.00)S(0.00)D(0.00)L(0.00)Q(0.00)A(0.00)Q(0.00)S(0.00)K(0.00)	N2	1	N(0.00)N(14.98)A(0.00)T(0.00)V(0.00)H(0.00)E(0.00)Q(0.00)V(0.00)G(0.00)G(0.00)P(0.00)S(0.00)L(0.00)T(0.00)S(0.00)D(0.00)L(0.00)Q(0.00)A(0.00)Q(0.00)S(0.00)K(0.00)	N(0)N(1)A(0)T(0)V(0)H(0)E(0)Q(0)V(0)G(0)G(0)P(0)S(0)L(0)T(0)S(0)D(0)L(0)Q(0)A(0)Q(0)S(0)K(0)	40.22918	11	0	0	38.930622	10	14.982405	1	0	0	0	FALSE	FALSE	FALSE	sp|P04004|VTNC_HUMAN	P04004	VTNC_HUMAN	VTN	Vitronectin		tr|F5GX75|F5GX75_HUMAN	29678	2835.0562	30009	2446.329	2911.8452	30.538002	217
240419_ES_R00006_MG_c00001_SA_NPB_3_i2.29732.29732.3	D:\SHARE\Tim\25-12-03_GD_Dataset\GD_dataset\NPB_3_i2\interact.pep.xml	NNATVHEQVGGPSLTSDLQAQSK	NN[2465]ATVHEQVGGPSLTSDLQAQSK	VYDDGEEK.NNATVHEQVGGPSLTSDLQAQSK.GNPEQTPV	K	G	23	3	2814.233	4732.033	4732.032	1578.3516	1578.3513	4730.9922	1578.0048	1.04	8.71E-09	34.722	15.461	1	0	2	0	85	107	0	2N(2350.8303)	NA	HexNAc(4)Hex(5)Fuc(1)NeuAc(2) % 2350.8303	1.47	0	NnATVHEQVGGPSLTSDLQAQSK	N(0.00)N(33.26)A(0.00)T(0.00)V(0.00)H(0.00)E(0.00)Q(0.00)V(0.00)G(0.00)G(0.00)P(0.00)S(0.00)L(0.00)T(0.00)S(0.00)D(0.00)L(0.00)Q(0.00)A(0.00)Q(0.00)S(0.00)K(0.00)	N2	1	N(0.00)N(9.68)A(0.00)T(0.00)V(0.00)H(0.00)E(0.00)Q(0.00)V(0.00)G(0.00)G(0.00)P(0.00)S(0.00)L(0.00)T(0.00)S(0.00)D(0.00)L(0.00)Q(0.00)A(0.00)Q(0.00)S(0.00)K(0.00)	N(0)N(0)A(0)T(0)V(0)H(0)E(0)Q(0)V(0)G(0)G(0)P(0)S(0)L(0)T(0)S(0)D(0)L(0)Q(0)A(0)Q(0)S(0)K(0)	33.263634	10	0	0	34.72248	11	9.678277	0	0	0	0	FALSE	FALSE	FALSE	sp|P04004|VTNC_HUMAN	P04004	VTNC_HUMAN	VTN	Vitronectin		tr|F5GX75|F5GX75_HUMAN	29678	0	0	0	0	0	0
240419_ES_R00006_MG_c00001_SA_NPB_3_i2.29744.29744.4	D:\SHARE\Tim\25-12-03_GD_Dataset\GD_dataset\NPB_3_i2\interact.pep.xml	NNATVHEQVGGPSLTSDLQAQSK	NN[2465]ATVHEQVGGPSLTSDLQAQSK	VYDDGEEK.NNATVHEQVGGPSLTSDLQAQSK.GNPEQTPV	K	G	23	4	2815.136	4731.008	4730.9976	1183.7593	1183.7567	4730.9922	1183.7554	0.0054	2.39E-07	35.984	8.993	1	0	2	0	85	107	31041504	2N(2350.8303)	NA	HexNAc(4)Hex(5)Fuc(1)NeuAc(2) % 2350.8303	4.69	0	NnATVHEQVGGPSLTSDLQAQSK	N(0.00)N(35.98)A(0.00)T(0.00)V(0.00)H(0.00)E(0.00)Q(0.00)V(0.00)G(0.00)G(0.00)P(0.00)S(0.00)L(0.00)T(0.00)S(0.00)D(0.00)L(0.00)Q(0.00)A(0.00)Q(0.00)S(0.00)K(0.00)	N2	1	N(0.00)N(11.55)A(0.00)T(0.00)V(0.00)H(0.00)E(0.00)Q(0.00)V(0.00)G(0.00)G(0.00)P(0.00)S(0.00)L(0.00)T(0.00)S(0.00)D(0.00)L(0.00)Q(0.00)A(0.00)Q(0.00)S(0.00)K(0.00)	N(0)N(0)A(0)T(0)V(0)H(0)E(0)Q(0)V(0)G(0)G(0)P(0)S(0)L(0)T(0)S(0)D(0)L(0)Q(0)A(0)Q(0)S(0)K(0)	35.984444	10	0	0	35.984444	10	11.550799	0	0	0	0	FALSE	FALSE	FALSE	sp|P04004|VTNC_HUMAN	P04004	VTNC_HUMAN	VTN	Vitronectin		tr|F5GX75|F5GX75_HUMAN	29711	2835.0562	30009	2457.415	2911.8452	30.538002	215
240419_ES_R00006_MG_c00001_SA_NPB_3_i2.29755.29755.4	D:\SHARE\Tim\25-12-03_GD_Dataset\GD_dataset\NPB_3_i2\interact.pep.xml	GTAGNALMDGASQLMGENR	GTAGNALMDGASQLM[147]GEN[2028]R	QISVNKYR.GTAGNALMDGASQLMGENR.TMTIHNGM	R	T	19	4	2816.0273	3821.5347	3821.5247	956.391	956.3885	3821.5234	956.3881	0.0012	4.90E-07	34.738	22.724	1	0	2	0	377	395	724471170	"15M(15.9949),18N(1913.6770)"	NA	HexNAc(4)Hex(5)NeuAc(1) % 1913.6770	4.41	0	GTAGNALMDGASQLMGEnR	G(0.00)T(0.00)A(0.00)G(0.00)N(0.00)A(0.00)L(0.00)M(0.00)D(0.00)G(0.00)A(0.00)S(0.00)Q(0.00)L(0.00)M(0.00)G(0.00)E(0.00)N(34.74)R(0.00)	N18	1	G(0.00)T(0.00)A(0.00)G(0.00)N(0.00)A(0.00)L(0.00)M(0.00)D(0.00)G(0.00)A(0.00)S(0.00)Q(0.00)L(0.00)M(0.00)G(0.00)E(0.00)N(28.11)R(0.00)	G(0)T(0)A(0)G(0)N(0)A(0)L(0)M(0)D(0)G(0)A(0)S(0)Q(0)L(0)M(0)G(0)E(0)N(7)R(0)	34.738293	11	0	0	20.019829	5	28.110874	7	0	0	0	FALSE	FALSE	FALSE	sp|P02675|FIBB_HUMAN	P02675	FIBB_HUMAN	FGB	Fibrinogen beta chain		tr|D6REL8|D6REL8_HUMAN	29711	2832.9272	29980	2805.176	2881.2212	24.791	31
240419_ES_R00006_MG_c00001_SA_NPB_3_i2.29772.29772.3	D:\SHARE\Tim\25-12-03_GD_Dataset\GD_dataset\NPB_3_i2\interact.pep.xml	GTAGNALMDGASQLMGENR	GTAGNALMDGASQLM[147]GEN[2028]R	QISVNKYR.GTAGNALMDGASQLMGENR.TMTIHNGM	R	T	19	3	2817.3423	3821.5273	3821.5247	1274.8497	1274.8488	3821.5234	1274.8484	0.0012	8.90E-13	36.794	20.779	1	0	2	0	377	395	935772480	"15M(15.9949),18N(1913.6770)"	NA	HexNAc(4)Hex(5)NeuAc(1) % 1913.6770	5.62	0	GTAGNALMDGASQLMGEnR	G(0.00)T(0.00)A(0.00)G(0.00)N(0.00)A(0.00)L(0.00)M(0.00)D(0.00)G(0.00)A(0.00)S(0.00)Q(0.00)L(0.00)M(0.00)G(0.00)E(0.00)N(36.79)R(0.00)	N18	1	G(0.00)T(0.00)A(0.00)G(0.00)N(0.00)A(0.00)L(0.00)M(0.00)D(0.00)G(0.00)A(0.00)S(0.00)Q(0.00)L(0.00)M(0.00)G(0.00)E(0.00)N(30.06)R(0.00)	G(0)T(0)A(0)G(0)N(0)A(0)L(0)M(0)D(0)G(0)A(0)S(0)Q(0)L(0)M(0)G(0)E(0)N(8)R(0)	36.794426	12	0	0	21.498398	6	30.059578	8	0	0	0	FALSE	FALSE	FALSE	sp|P02675|FIBB_HUMAN	P02675	FIBB_HUMAN	FGB	Fibrinogen beta chain		tr|D6REL8|D6REL8_HUMAN	29743	2837.061	30036	2810.3052	2891.7393	19.414001	32
240419_ES_R00006_MG_c00001_SA_NPB_3_i2.29774.29774.4	D:\SHARE\Tim\25-12-03_GD_Dataset\GD_dataset\NPB_3_i2\interact.pep.xml	GTAGNALMDGASQLMGENR	GTAGNALMDGASQLM[147]GEN[2028]R	QISVNKYR.GTAGNALMDGASQLMGENR.TMTIHNGM	R	T	19	4	2817.484	3821.5276	3821.525	956.3892	956.3885	3821.5234	956.3881	0.0013	2.30E-10	39.515	23.235	1	0	2	0	377	395	663308220	"15M(15.9949),18N(1913.6770)"	NA	HexNAc(4)Hex(5)NeuAc(1) % 1913.6770	4.78	0	GTAGNALMDGASQLMGEnR	G(0.00)T(0.00)A(0.00)G(0.00)N(0.00)A(0.00)L(0.00)M(0.00)D(0.00)G(0.00)A(0.00)S(0.00)Q(0.00)L(0.00)M(0.00)G(0.00)E(0.00)N(39.52)R(0.00)	N18	1	G(0.00)T(0.00)A(0.00)G(0.00)N(0.00)A(0.00)L(0.00)M(0.00)D(0.00)G(0.00)A(0.00)S(0.00)Q(0.00)L(0.00)M(0.00)G(0.00)E(0.00)N(30.87)R(0.00)	G(0)T(0)A(0)G(0)N(0)A(0)L(0)M(0)D(0)G(0)A(0)S(0)Q(0)L(0)M(0)G(0)E(0)N(8)R(0)	39.515793	13	0	0	26.596779	8	30.872704	8	0	0	0	FALSE	FALSE	FALSE	sp|P02675|FIBB_HUMAN	P02675	FIBB_HUMAN	FGB	Fibrinogen beta chain		tr|D6REL8|D6REL8_HUMAN	29743	2835.0562	30009	2807.268	2883.593	24.791	31
240419_ES_R00006_MG_c00001_SA_NPB_3_i2.29821.29821.3	D:\SHARE\Tim\25-12-03_GD_Dataset\GD_dataset\NPB_3_i2\interact.pep.xml	GTAGNALMDGASQLMGENR	GTAGNALM[147]DGASQLM[147]GEN[2028]R	QISVNKYR.GTAGNALMDGASQLMGENR.TMTIHNGM	R	T	19	3	2821.2854	3837.5415	3837.5347	1280.1878	1280.1855	3837.5183	1280.1801	0.0164	0.2178963	10.147	5.896	0.9107	0.000230947	2	0	377	395	0	"8M(15.9949),15M(15.9949),18N(1913.6770)"	NA	HexNAc(4)Hex(5)NeuAc(1) % 1913.6770	1.59	0	GTAGNALMDGASQLMGEnR	G(0.00)T(0.00)A(0.00)G(0.00)N(0.00)A(0.00)L(0.00)M(0.00)D(0.00)G(0.00)A(0.00)S(0.00)Q(0.00)L(0.00)M(0.00)G(0.00)E(0.00)N(10.15)R(0.00)	N18	1	G(0.00)T(0.00)A(0.00)G(0.00)N(0.00)A(0.00)L(0.00)M(0.00)D(0.00)G(0.00)A(0.00)S(0.00)Q(0.00)L(0.00)M(0.00)G(0.00)E(0.00)N(8.08)R(0.00)	G(0)T(0)A(0)G(0)N(0)A(0)L(0)M(0)D(0)G(0)A(0)S(0)Q(0)L(0)M(0)G(0)E(0)N(2)R(0)	10.147798	3	0	0	6.522258	1	8.078428	2	0	0	0	FALSE	FALSE	FALSE	sp|P02675|FIBB_HUMAN	P02675	FIBB_HUMAN	FGB	Fibrinogen beta chain		tr|D6REL8|D6REL8_HUMAN	29768	0	0	0	0	0	0
240419_ES_R00006_MG_c00001_SA_NPB_3_i2.29837.29837.4	D:\SHARE\Tim\25-12-03_GD_Dataset\GD_dataset\NPB_3_i2\interact.pep.xml	NNATVHEQVGGPSLTSDLQAQSK	NN[2319]ATVHEQVGGPSLTSDLQAQSK	VYDDGEEK.NNATVHEQVGGPSLTSDLQAQSK.GNPEQTPV	K	G	23	4	2822.4312	4584.939	4584.929	1147.242	1147.2395	4584.9346	1147.241	-0.0051	0	63.733	16.516	1	0	2	0	85	107	209453504	2N(2204.7725)	NA	HexNAc(4)Hex(5)NeuAc(2) % 2204.7724	6.13	0	NnATVHEQVGGPSLTSDLQAQSK	N(0.00)N(58.48)A(0.00)T(0.00)V(0.00)H(0.00)E(0.00)Q(0.00)V(0.00)G(0.00)G(0.00)P(0.00)S(0.00)L(0.00)T(0.00)S(0.00)D(0.00)L(0.00)Q(0.00)A(0.00)Q(0.00)S(0.00)K(0.00)	N2	1	N(0.00)N(16.32)A(0.00)T(0.00)V(0.00)H(0.00)E(0.00)Q(0.00)V(0.00)G(0.00)G(0.00)P(0.00)S(0.00)L(0.00)T(0.00)S(0.00)D(0.00)L(0.00)Q(0.00)A(0.00)Q(0.00)S(0.00)K(0.00)	N(0)N(3)A(0)T(0)V(0)H(0)E(0)Q(0)V(0)G(0)G(0)P(0)S(0)L(0)T(0)S(0)D(0)L(0)Q(0)A(0)Q(0)S(0)K(0)	58.47877	19	0	0	63.733078	22	16.32191	3	0	0	0	FALSE	FALSE	FALSE	sp|P04004|VTNC_HUMAN	P04004	VTNC_HUMAN	VTN	Vitronectin		tr|F5GX75|F5GX75_HUMAN	29801	2830.7922	29951	2433.0452	3473.643	38.528004	484
240419_ES_R00006_MG_c00001_SA_NPB_3_i2.29839.29839.3	D:\SHARE\Tim\25-12-03_GD_Dataset\GD_dataset\NPB_3_i2\interact.pep.xml	NNATVHEQVGGPSLTSDLQAQSK	NN[2975]ATVHEQVGGPSLTSDLQAQSK	VYDDGEEK.NNATVHEQVGGPSLTSDLQAQSK.GNPEQTPV	K	G	23	3	2822.6938	5241.1797	5241.1797	1748.0672	1748.0672	5241.1621	1748.0614	0.0178	0	62.868	13.231	1	0	2	0	85	107	146907120	2N(2861.0000)	NA	HexNAc(5)Hex(6)NeuAc(3) % 2861.0000	3.6	0	NnATVHEQVGGPSLTSDLQAQSK	N(0.00)N(55.49)A(0.00)T(0.00)V(0.00)H(0.00)E(0.00)Q(0.00)V(0.00)G(0.00)G(0.00)P(0.00)S(0.00)L(0.00)T(0.00)S(0.00)D(0.00)L(0.00)Q(0.00)A(0.00)Q(0.00)S(0.00)K(0.00)	N2	1	N(0.00)N(14.45)A(0.00)T(0.00)V(0.00)H(0.00)E(0.00)Q(0.00)V(0.00)G(0.00)G(0.00)P(0.00)S(0.00)L(0.00)T(0.00)S(0.00)D(0.00)L(0.00)Q(0.00)A(0.00)Q(0.00)S(0.00)K(0.00)	N(0)N(3)A(0)T(0)V(0)H(0)E(0)Q(0)V(0)G(0)G(0)P(0)S(0)L(0)T(0)S(0)D(0)L(0)Q(0)A(0)Q(0)S(0)K(0)	55.49116	19	0	0	62.86891	23	14.44749	3	0	0	0	FALSE	FALSE	FALSE	sp|P04004|VTNC_HUMAN	P04004	VTNC_HUMAN	VTN	Vitronectin		tr|F5GX75|F5GX75_HUMAN	29801	2841.402	30094	2802.3333	2890.425	24.791	37
240419_ES_R00006_MG_c00001_SA_NPB_3_i2.29887.29887.3	D:\SHARE\Tim\25-12-03_GD_Dataset\GD_dataset\NPB_3_i2\interact.pep.xml	EYESYSDFERNVTEK	EYESYSDFERN[2319]VTEK	GKYEFILK.EYESYSDFERNVTEK.MASKSGFS	K	M	15	3	2826.1416	4099.598	4099.599	1367.5399	1367.5403	4099.5947	1367.5389	0.0046	0.005711499	16.473	11.863	0.9848	0.000230947	2	1	233	247	24896546	11N(2204.7725)	NA	HexNAc(4)Hex(5)NeuAc(2) % 2204.7724	4.76	0	EYESYSDFERnVTEK	E(0.00)Y(0.00)E(0.00)S(0.00)Y(0.00)S(0.00)D(0.00)F(0.00)E(0.00)R(0.00)N(16.47)V(0.00)T(0.00)E(0.00)K(0.00)	N11	1	E(0.00)Y(0.00)E(0.00)S(0.00)Y(0.00)S(0.00)D(0.00)F(0.00)E(0.00)R(0.00)N(10.96)V(0.00)T(0.00)E(0.00)K(0.00)	E(0)Y(0)E(0)S(0)Y(0)S(0)D(0)F(0)E(0)R(0)N(1)V(0)T(0)E(0)K(0)	16.473663	4	0	0	14.319231	3	10.961266	1	0	0	0	FALSE	FALSE	TRUE	sp|P07358|CO8B_HUMAN	P07358	CO8B_HUMAN	C8B	Complement component C8 beta chain			29836	2832.9272	29980	2810.3052	2852.6072	17.410002	10
240419_ES_R00006_MG_c00001_SA_NPB_3_i2.29915.29915.3	D:\SHARE\Tim\25-12-03_GD_Dataset\GD_dataset\NPB_3_i2\interact.pep.xml	NNATVHEQVGGPSLTSDLQAQSK	NN[3121]ATVHEQVGGPSLTSDLQAQSK	VYDDGEEK.NNATVHEQVGGPSLTSDLQAQSK.GNPEQTPV	K	G	23	3	2828.2278	5388.2803	5388.2637	1797.1007	1797.0952	5387.2197	1796.7472	1.0439	9.17E-09	40.651	6.627	1	0	2	0	85	107	57977720	2N(3007.0579)	NA	HexNAc(5)Hex(6)Fuc(1)NeuAc(3) % 3007.0579	3.48	0	NnATVHEQVGGPSLTSDLQAQSK	N(0.00)N(40.63)A(0.00)T(0.00)V(0.00)H(0.00)E(0.00)Q(0.00)V(0.00)G(0.00)G(0.00)P(0.00)S(0.00)L(0.00)T(0.00)S(0.00)D(0.00)L(0.00)Q(0.00)A(0.00)Q(0.00)S(0.00)K(0.00)	N2	1	N(0.00)N(16.20)A(0.00)T(0.00)V(0.00)H(0.00)E(0.00)Q(0.00)V(0.00)G(0.00)G(0.00)P(0.00)S(0.00)L(0.00)T(0.00)S(0.00)D(0.00)L(0.00)Q(0.00)A(0.00)Q(0.00)S(0.00)K(0.00)	N(0)N(3)A(0)T(0)V(0)H(0)E(0)Q(0)V(0)G(0)G(0)P(0)S(0)L(0)T(0)S(0)D(0)L(0)Q(0)A(0)Q(0)S(0)K(0)	40.631264	13	0	0	40.65197	13	16.197346	3	0	0	0	FALSE	FALSE	FALSE	sp|P04004|VTNC_HUMAN	P04004	VTNC_HUMAN	VTN	Vitronectin		tr|F5GX75|F5GX75_HUMAN	29872	2832.9272	29980	2800.2102	2883.593	36.008003	33
240419_ES_R00006_MG_c00001_SA_NPB_3_i2.29917.29917.4	D:\SHARE\Tim\25-12-03_GD_Dataset\GD_dataset\NPB_3_i2\interact.pep.xml	EYESYSDFERNVTEK	EYESYSDFERN[2319]VTEK	GKYEFILK.EYESYSDFERNVTEK.MASKSGFS	K	M	15	4	2828.3645	4099.613	4099.595	1025.9105	1025.906	4099.5947	1025.906	7.00E-04	0.002766941	17.732	6.65	0.9984	0	2	1	233	247	54775428	11N(2204.7725)	NA	HexNAc(4)Hex(5)NeuAc(2) % 2204.7724	7.07	0	EYESYSDFERnVTEK	E(0.00)Y(0.00)E(0.00)S(0.00)Y(0.00)S(0.00)D(0.00)F(0.00)E(0.00)R(0.00)N(17.73)V(0.00)T(0.00)E(0.00)K(0.00)	N11	1	E(0.00)Y(0.00)E(0.00)S(0.00)Y(0.00)S(0.00)D(0.00)F(0.00)E(0.00)R(0.00)N(13.42)V(0.00)T(0.00)E(0.00)K(0.00)	E(0)Y(0)E(0)S(0)Y(0)S(0)D(0)F(0)E(0)R(0)N(2)V(0)T(0)E(0)K(0)	17.732365	4	0	0	13.39547	2	13.422412	2	0	0	0	FALSE	FALSE	TRUE	sp|P07358|CO8B_HUMAN	P07358	CO8B_HUMAN	C8B	Complement component C8 beta chain			29872	2832.9272	29980	2787.8972	2860.548	27.954	27
240419_ES_R00006_MG_c00001_SA_NPB_3_i2.29933.29933.4	D:\SHARE\Tim\25-12-03_GD_Dataset\GD_dataset\NPB_3_i2\interact.pep.xml	GTAGNALMDGASQLMGENR	GTAGNALM[147]DGASQLM[147]GEN[2028]R	QISVNKYR.GTAGNALMDGASQLMGENR.TMTIHNGM	R	T	19	4	2829.456	3837.5378	3837.4978	960.3917	960.3817	3837.5183	960.3868	-0.0206	0.02907368	12.646	0	0.9913	0	2	0	377	395	0	"8M(15.9949),15M(15.9949),18N(1913.6770)"	NA	HexNAc(4)Hex(5)NeuAc(1) % 1913.6770	0.96	0	GTAGNALMDGASQLMGEnR	G(0.00)T(0.00)A(0.00)G(0.00)N(0.00)A(0.00)L(0.00)M(0.00)D(0.00)G(0.00)A(0.00)S(0.00)Q(0.00)L(0.00)M(0.00)G(0.00)E(0.00)N(12.65)R(0.00)	N18	1	G(0.00)T(0.00)A(0.00)G(0.00)N(0.00)A(0.00)L(0.00)M(0.00)D(0.00)G(0.00)A(0.00)S(0.00)Q(0.00)L(0.00)M(0.00)G(0.00)E(0.00)N(10.57)R(0.00)	G(0)T(0)A(0)G(0)N(0)A(0)L(0)M(0)D(0)G(0)A(0)S(0)Q(0)L(0)M(0)G(0)E(0)N(4)R(0)	12.646797	5	0	0	5.3926544	1	10.570843	4	0	0	0	FALSE	FALSE	FALSE	sp|P02675|FIBB_HUMAN	P02675	FIBB_HUMAN	FGB	Fibrinogen beta chain		tr|D6REL8|D6REL8_HUMAN	29872	0	0	0	0	0	0
240419_ES_R00006_MG_c00001_SA_NPB_3_i2.29945.29945.5	D:\SHARE\Tim\25-12-03_GD_Dataset\GD_dataset\NPB_3_i2\interact.pep.xml	GTAGNALMDGASQLMGENR	GTAGNALMDGASQLM[147]GEN[2028]R	QISVNKYR.GTAGNALMDGASQLMGENR.TMTIHNGM	R	T	19	5	2830.3042	3821.5317	3821.525	765.3136	765.3123	3821.5234	765.312	0.0013	6.00E-14	32.402	19.401	1	0	2	0	377	395	14060605	"15M(15.9949),18N(1913.6770)"	NA	HexNAc(4)Hex(5)NeuAc(1) % 1913.6770	4.07	0	GTAGNALMDGASQLMGEnR	G(0.00)T(0.00)A(0.00)G(0.00)N(0.00)A(0.00)L(0.00)M(0.00)D(0.00)G(0.00)A(0.00)S(0.00)Q(0.00)L(0.00)M(0.00)G(0.00)E(0.00)N(32.40)R(0.00)	N18	1	G(0.00)T(0.00)A(0.00)G(0.00)N(0.00)A(0.00)L(0.00)M(0.00)D(0.00)G(0.00)A(0.00)S(0.00)Q(0.00)L(0.00)M(0.00)G(0.00)E(0.00)N(25.33)R(0.00)	G(0)T(0)A(0)G(0)N(0)A(0)L(0)M(0)D(0)G(0)A(0)S(0)Q(0)L(0)M(0)G(0)E(0)N(6)R(0)	32.40237	10	0	0	18.234575	4	25.331032	6	0	0	0	FALSE	FALSE	FALSE	sp|P02675|FIBB_HUMAN	P02675	FIBB_HUMAN	FGB	Fibrinogen beta chain		tr|D6REL8|D6REL8_HUMAN	29872	2835.0562	30009	2816.9941	2854.416	24.791	13
240419_ES_R00006_MG_c00001_SA_NPB_3_i2.29967.29967.3	D:\SHARE\Tim\25-12-03_GD_Dataset\GD_dataset\NPB_3_i2\interact.pep.xml	NNATVHEQVGGPSLTSDLQAQSK	NN[2465]ATVHEQVGGPSLTSDLQAQSK	VYDDGEEK.NNATVHEQVGGPSLTSDLQAQSK.GNPEQTPV	K	G	23	3	2831.9612	4730.988	4730.9873	1578.0033	1578.003	4730.9922	1578.0048	-0.0049	1.53E-08	38.762	8.627	1	0	2	0	85	107	0	2N(2350.8303)	NA	HexNAc(4)Hex(5)Fuc(1)NeuAc(2) % 2350.8303	3.5	0	NnATVHEQVGGPSLTSDLQAQSK	N(0.00)N(37.57)A(0.00)T(0.00)V(0.00)H(0.00)E(0.00)Q(0.00)V(0.00)G(0.00)G(0.00)P(0.00)S(0.00)L(0.00)T(0.00)S(0.00)D(0.00)L(0.00)Q(0.00)A(0.00)Q(0.00)S(0.00)K(0.00)	N2	1	N(0.00)N(13.01)A(0.00)T(0.00)V(0.00)H(0.00)E(0.00)Q(0.00)V(0.00)G(0.00)G(0.00)P(0.00)S(0.00)L(0.00)T(0.00)S(0.00)D(0.00)L(0.00)Q(0.00)A(0.00)Q(0.00)S(0.00)K(0.00)	N(0)N(1)A(0)T(0)V(0)H(0)E(0)Q(0)V(0)G(0)G(0)P(0)S(0)L(0)T(0)S(0)D(0)L(0)Q(0)A(0)Q(0)S(0)K(0)	37.572403	11	0	0	38.762733	12	13.006008	1	0	0	0	FALSE	FALSE	FALSE	sp|P04004|VTNC_HUMAN	P04004	VTNC_HUMAN	VTN	Vitronectin		tr|F5GX75|F5GX75_HUMAN	29910	0	0	0	0	0	0
240419_ES_R00006_MG_c00001_SA_NPB_3_i2.29972.29972.5	D:\SHARE\Tim\25-12-03_GD_Dataset\GD_dataset\NPB_3_i2\interact.pep.xml	NNATVHEQVGGPSLTSDLQAQSK	NN[2319]ATVHEQVGGPSLTSDLQAQSK	VYDDGEEK.NNATVHEQVGGPSLTSDLQAQSK.GNPEQTPV	K	G	23	5	2832.3025	4584.9385	4584.931	917.995	917.9935	4584.9346	917.9943	-0.0032	1.07E-11	40.549	13.272	1	0	2	0	85	107	0	2N(2204.7725)	NA	HexNAc(4)Hex(5)NeuAc(2) % 2204.7724	4.41	0	NnATVHEQVGGPSLTSDLQAQSK	N(0.00)N(40.55)A(0.00)T(0.00)V(0.00)H(0.00)E(0.00)Q(0.00)V(0.00)G(0.00)G(0.00)P(0.00)S(0.00)L(0.00)T(0.00)S(0.00)D(0.00)L(0.00)Q(0.00)A(0.00)Q(0.00)S(0.00)K(0.00)	N2	1	N(0.00)N(12.98)A(0.00)T(0.00)V(0.00)H(0.00)E(0.00)Q(0.00)V(0.00)G(0.00)G(0.00)P(0.00)S(0.00)L(0.00)T(0.00)S(0.00)D(0.00)L(0.00)Q(0.00)A(0.00)Q(0.00)S(0.00)K(0.00)	N(0)N(1)A(0)T(0)V(0)H(0)E(0)Q(0)V(0)G(0)G(0)P(0)S(0)L(0)T(0)S(0)D(0)L(0)Q(0)A(0)Q(0)S(0)K(0)	40.549526	12	0	0	40.04032	12	12.975801	1	0	0	0	FALSE	FALSE	FALSE	sp|P04004|VTNC_HUMAN	P04004	VTNC_HUMAN	VTN	Vitronectin		tr|F5GX75|F5GX75_HUMAN	29910	0	0	0	0	0	0
240419_ES_R00006_MG_c00001_SA_NPB_3_i2.30037.30037.3	D:\SHARE\Tim\25-12-03_GD_Dataset\GD_dataset\NPB_3_i2\interact.pep.xml	NNATVHEQVGGPSLTSDLQAQSK	NN[2319]ATVHEQVGGPSLTSDLQAQSK	VYDDGEEK.NNATVHEQVGGPSLTSDLQAQSK.GNPEQTPV	K	G	23	3	2837.0764	4584.938	4584.936	1529.3199	1529.3193	4584.9346	1529.3188	0.0017	2.58E-11	49.852	9.346	1	0	2	0	85	107	56503092	2N(2204.7725)	NA	HexNAc(4)Hex(5)NeuAc(2) % 2204.7724	6.72	0	NnATVHEQVGGPSLTSDLQAQSK	N(0.00)N(44.81)A(0.00)T(0.00)V(0.00)H(0.00)E(0.00)Q(0.00)V(0.00)G(0.00)G(0.00)P(0.00)S(0.00)L(0.00)T(0.00)S(0.00)D(0.00)L(0.00)Q(0.00)A(0.00)Q(0.00)S(0.00)K(0.00)	N2	1	N(0.00)N(14.67)A(0.00)T(0.00)V(0.00)H(0.00)E(0.00)Q(0.00)V(0.00)G(0.00)G(0.00)P(0.00)S(0.00)L(0.00)T(0.00)S(0.00)D(0.00)L(0.00)Q(0.00)A(0.00)Q(0.00)S(0.00)K(0.00)	N(0)N(2)A(0)T(0)V(0)H(0)E(0)Q(0)V(0)G(0)G(0)P(0)S(0)L(0)T(0)S(0)D(0)L(0)Q(0)A(0)Q(0)S(0)K(0)	44.80781	14	0	0	49.85296	17	14.670093	2	0	0	0	FALSE	FALSE	FALSE	sp|P04004|VTNC_HUMAN	P04004	VTNC_HUMAN	VTN	Vitronectin		tr|F5GX75|F5GX75_HUMAN	30009	2832.9272	29980	2463.79	2913.2751	35.525	214
240419_ES_R00006_MG_c00001_SA_NPB_3_i2.30050.30050.3	D:\SHARE\Tim\25-12-03_GD_Dataset\GD_dataset\NPB_3_i2\interact.pep.xml	NFTENDLLVR	N[2028]FTENDLLVR	LLYPPWDK.NFTENDLLVR.IGKHSRTR	K	I	10	3	2838.0996	3133.2886	3133.2546	1045.4368	1045.4255	3133.2966	1045.4395	-0.042	0.07807283	11.93	6.519	0.9574	0.000230947	2	0	416	425	0	1N(1913.6770)	NA	HexNAc(4)Hex(5)NeuAc(1) % 1913.6770	-1.66	0.001120448	nFTENDLLVR	N(11.08)F(0.00)T(0.00)E(0.00)N(0.00)D(0.00)L(0.00)L(0.00)V(0.00)R(0.00)	N1	1	N(1.81)F(0.00)T(0.00)E(0.00)N(0.00)D(0.00)L(0.00)L(0.00)V(0.00)R(0.00)	N(0)F(0)T(0)E(0)N(0)D(0)L(0)L(0)V(0)R(0)	11.080504	5	0	0	11.930227	6	1.8112353	0	0	0	0	FALSE	FALSE	FALSE	sp|P00734|THRB_HUMAN	P00734	THRB_HUMAN	F2	Prothrombin		tr|E9PIT3|E9PIT3_HUMAN	30009	0	0	0	0	0	0
240419_ES_R00006_MG_c00001_SA_NPB_3_i2.30097.30097.3	D:\SHARE\Tim\25-12-03_GD_Dataset\GD_dataset\NPB_3_i2\interact.pep.xml	NFTENDLLVR	N[2028]FTENDLLVR	LLYPPWDK.NFTENDLLVR.IGKHSRTR	K	I	10	3	2841.6797	3133.2583	3133.2458	1045.4267	1045.4225	3133.2966	1045.4395	-0.0508	0.3780072	9.19	0	0.5554	0.000230947	2	0	416	425	0	1N(1913.6770)	NA	HexNAc(4)Hex(5)NeuAc(1) % 1913.6770	-1.77	0.001120448	nFTENDLLVR	N(9.19)F(0.00)T(0.00)E(0.00)N(0.00)D(0.00)L(0.00)L(0.00)V(0.00)R(0.00)	N1	1	N(2.45)F(0.00)T(0.00)E(0.00)N(0.00)D(0.00)L(0.00)L(0.00)V(0.00)R(0.00)	N(0)F(0)T(0)E(0)N(0)D(0)L(0)L(0)V(0)R(0)	9.190987	4	0	0	9.190987	4	2.4503152	0	0	0	0	FALSE	FALSE	FALSE	sp|P00734|THRB_HUMAN	P00734	THRB_HUMAN	F2	Prothrombin		tr|E9PIT3|E9PIT3_HUMAN	30074	0	0	0	0	0	0
240419_ES_R00006_MG_c00001_SA_NPB_3_i2.30105.30105.3	D:\SHARE\Tim\25-12-03_GD_Dataset\GD_dataset\NPB_3_i2\interact.pep.xml	EDNAVQPNSSYTYVWHATER	EDNAVQPN[2028]SSYTYVWHATER	DDSPEWFK.EDNAVQPNSSYTYVWHATER.SGPESPGS	K	S	20	3	2842.2314	4279.7417	4279.744	1427.5878	1427.5886	4279.7334	1427.5851	0.0109	0.01097109	18.339	0	0.993	0	2	0	1696	1715	21565494	8N(1913.6770)	NA	HexNAc(4)Hex(5)NeuAc(1) % 1913.6770	3.19	0	EDNAVQPnSSYTYVWHATER	E(0.00)D(0.00)N(0.00)A(0.00)V(0.00)Q(0.00)P(0.00)N(18.34)S(0.00)S(0.00)Y(0.00)T(0.00)Y(0.00)V(0.00)W(0.00)H(0.00)A(0.00)T(0.00)E(0.00)R(0.00)	N8	1	E(0.00)D(0.00)N(0.00)A(0.00)V(0.00)Q(0.00)P(0.00)N(7.54)S(0.00)S(0.00)Y(0.00)T(0.00)Y(0.00)V(0.00)W(0.00)H(0.00)A(0.00)T(0.00)E(0.00)R(0.00)	E(0)D(0)N(0)A(0)V(0)Q(0)P(0)N(0)S(0)S(0)Y(0)T(0)Y(0)V(0)W(0)H(0)A(0)T(0)E(0)R(0)	18.339981	6	0	0	18.339981	6	7.539967	0	0	0	0	FALSE	FALSE	FALSE	sp|P12259|FA5_HUMAN	P12259	FA5_HUMAN	F5	Coagulation factor V		tr|A0A0A0MRJ7|A0A0A0MRJ7_HUMAN	30074	2852.6072	30242	2837.061	2866.311	14.476001	9
240419_ES_R00006_MG_c00001_SA_NPB_3_i2.30144.30144.4	D:\SHARE\Tim\25-12-03_GD_Dataset\GD_dataset\NPB_3_i2\interact.pep.xml	NNATVHEQVGGPSLTSDLQAQSK	NN[2684]ATVHEQVGGPSLTSDLQAQSK	VYDDGEEK.NNATVHEQVGGPSLTSDLQAQSK.GNPEQTPV	K	G	23	4	2845.2258	4950.095	4950.085	1238.531	1238.5285	4950.0664	1238.5239	0.0186	3.55E-11	46.347	11.365	1	0	2	0	85	107	37188692	2N(2569.9045)	NA	HexNAc(5)Hex(6)NeuAc(2) % 2569.9046	3.97	0	NnATVHEQVGGPSLTSDLQAQSK	N(0.00)N(46.35)A(0.00)T(0.00)V(0.00)H(0.00)E(0.00)Q(0.00)V(0.00)G(0.00)G(0.00)P(0.00)S(0.00)L(0.00)T(0.00)S(0.00)D(0.00)L(0.00)Q(0.00)A(0.00)Q(0.00)S(0.00)K(0.00)	N2	1	N(0.00)N(12.78)A(0.00)T(0.00)V(0.00)H(0.00)E(0.00)Q(0.00)V(0.00)G(0.00)G(0.00)P(0.00)S(0.00)L(0.00)T(0.00)S(0.00)D(0.00)L(0.00)Q(0.00)A(0.00)Q(0.00)S(0.00)K(0.00)	N(0)N(3)A(0)T(0)V(0)H(0)E(0)Q(0)V(0)G(0)G(0)P(0)S(0)L(0)T(0)S(0)D(0)L(0)Q(0)A(0)Q(0)S(0)K(0)	46.34706	17	0	0	42.93248	15	12.782119	3	0	0	0	FALSE	FALSE	FALSE	sp|P04004|VTNC_HUMAN	P04004	VTNC_HUMAN	VTN	Vitronectin		tr|F5GX75|F5GX75_HUMAN	30117	2835.0562	30009	2450.479	2895.6372	38.137	211
240419_ES_R00006_MG_c00001_SA_NPB_3_i2.30148.30148.3	D:\SHARE\Tim\25-12-03_GD_Dataset\GD_dataset\NPB_3_i2\interact.pep.xml	NNATVHEQVGGPSLTSDLQAQSK	NN[2684]ATVHEQVGGPSLTSDLQAQSK	VYDDGEEK.NNATVHEQVGGPSLTSDLQAQSK.GNPEQTPV	K	G	23	3	2845.4985	4951.073	4951.073	1651.3649	1651.3649	4950.0664	1651.0294	1.0068	8.28E-06	29.827	0	1	0	2	0	85	107	0	2N(2569.9045)	NA	HexNAc(5)Hex(6)NeuAc(2) % 2569.9046	3.19	0	NnATVHEQVGGPSLTSDLQAQSK	N(0.00)N(25.35)A(0.00)T(0.00)V(0.00)H(0.00)E(0.00)Q(0.00)V(0.00)G(0.00)G(0.00)P(0.00)S(0.00)L(0.00)T(0.00)S(0.00)D(0.00)L(0.00)Q(0.00)A(0.00)Q(0.00)S(0.00)K(0.00)	N2	1	N(0.00)N(9.80)A(0.00)T(0.00)V(0.00)H(0.00)E(0.00)Q(0.00)V(0.00)G(0.00)G(0.00)P(0.00)S(0.00)L(0.00)T(0.00)S(0.00)D(0.00)L(0.00)Q(0.00)A(0.00)Q(0.00)S(0.00)K(0.00)	N(0)N(0)A(0)T(0)V(0)H(0)E(0)Q(0)V(0)G(0)G(0)P(0)S(0)L(0)T(0)S(0)D(0)L(0)Q(0)A(0)Q(0)S(0)K(0)	25.354378	7	0	0	29.82702	10	9.799379	0	0	0	0	FALSE	FALSE	FALSE	sp|P04004|VTNC_HUMAN	P04004	VTNC_HUMAN	VTN	Vitronectin		tr|F5GX75|F5GX75_HUMAN	30117	0	0	0	0	0	0
240419_ES_R00006_MG_c00001_SA_NPB_3_i2.30153.30153.4	D:\SHARE\Tim\25-12-03_GD_Dataset\GD_dataset\NPB_3_i2\interact.pep.xml	GTAGNALMDGASQLMGENR	GTAGNALM[147]DGASQLM[147]GEN[2028]R	QISVNKYR.GTAGNALMDGASQLMGENR.TMTIHNGM	R	T	19	4	2845.8398	3837.481	3837.4976	960.3775	960.3817	3837.5183	960.3868	-0.0208	0.01051356	14.413	0	0.9943	0	2	0	377	395	0	"8M(15.9949),15M(15.9949),18N(1913.6770)"	NA	HexNAc(4)Hex(5)NeuAc(1) % 1913.6770	0.99	0	GTAGNALMDGASQLMGEnR	G(0.00)T(0.00)A(0.00)G(0.00)N(0.00)A(0.00)L(0.00)M(0.00)D(0.00)G(0.00)A(0.00)S(0.00)Q(0.00)L(0.00)M(0.00)G(0.00)E(0.00)N(14.41)R(0.00)	N18	1	G(0.00)T(0.00)A(0.00)G(0.00)N(0.00)A(0.00)L(0.00)M(0.00)D(0.00)G(0.00)A(0.00)S(0.00)Q(0.00)L(0.00)M(0.00)G(0.00)E(0.00)N(10.79)R(0.00)	G(0)T(0)A(0)G(0)N(0)A(0)L(0)M(0)D(0)G(0)A(0)S(0)Q(0)L(0)M(0)G(0)E(0)N(2)R(0)	14.413746	4	0	0	10.46239	2	10.78615	2	0	0	0	FALSE	FALSE	FALSE	sp|P02675|FIBB_HUMAN	P02675	FIBB_HUMAN	FGB	Fibrinogen beta chain		tr|D6REL8|D6REL8_HUMAN	30117	0	0	0	0	0	0
240419_ES_R00006_MG_c00001_SA_NPB_3_i2.30192.30192.4	D:\SHARE\Tim\25-12-03_GD_Dataset\GD_dataset\NPB_3_i2\interact.pep.xml	NNATVHEQVGGPSLTSDLQAQSK	NN[3121]ATVHEQVGGPSLTSDLQAQSK	VYDDGEEK.NNATVHEQVGGPSLTSDLQAQSK.GNPEQTPV	K	G	23	4	2848.748	5387.2305	5387.223	1347.8149	1347.813	5387.2197	1347.8123	0.0034	1.80E-13	58.507	7.79	1	0	2	0	85	107	1133118980	2N(3007.0579)	NA	HexNAc(5)Hex(6)Fuc(1)NeuAc(3) % 3007.0579	6.12	0	NnATVHEQVGGPSLTSDLQAQSK	N(0.00)N(55.90)A(0.00)T(0.00)V(0.00)H(0.00)E(0.00)Q(0.00)V(0.00)G(0.00)G(0.00)P(0.00)S(0.00)L(0.00)T(0.00)S(0.00)D(0.00)L(0.00)Q(0.00)A(0.00)Q(0.00)S(0.00)K(0.00)	N2	1	N(0.00)N(15.59)A(0.00)T(0.00)V(0.00)H(0.00)E(0.00)Q(0.00)V(0.00)G(0.00)G(0.00)P(0.00)S(0.00)L(0.00)T(0.00)S(0.00)D(0.00)L(0.00)Q(0.00)A(0.00)Q(0.00)S(0.00)K(0.00)	N(0)N(1)A(0)T(0)V(0)H(0)E(0)Q(0)V(0)G(0)G(0)P(0)S(0)L(0)T(0)S(0)D(0)L(0)Q(0)A(0)Q(0)S(0)K(0)	55.895264	16	0	0	58.507935	18	15.594196	1	0	0	0	FALSE	FALSE	FALSE	sp|P04004|VTNC_HUMAN	P04004	VTNC_HUMAN	VTN	Vitronectin		tr|F5GX75|F5GX75_HUMAN	30171	2832.9272	29980	2728.6711	3272.3882	38.428	237
240419_ES_R00006_MG_c00001_SA_NPB_3_i2.30208.30208.3	D:\SHARE\Tim\25-12-03_GD_Dataset\GD_dataset\NPB_3_i2\interact.pep.xml	EDNAVQPNSSYTYVWHATER	EDNAVQPN[2028]SSYTYVWHATER	DDSPEWFK.EDNAVQPNSSYTYVWHATER.SGPESPGS	K	S	20	3	2849.9905	4279.734	4279.742	1427.5853	1427.5879	4279.7334	1427.5851	0.009	3.60E-11	43.383	11.558	1	0	2	0	1696	1715	21565494	8N(1913.6770)	NA	HexNAc(4)Hex(5)NeuAc(1) % 1913.6770	2.93	0	EDNAVQPnSSYTYVWHATER	E(0.00)D(0.00)N(0.00)A(0.00)V(0.00)Q(0.00)P(0.00)N(40.53)S(0.00)S(0.00)Y(0.00)T(0.00)Y(0.00)V(0.00)W(0.00)H(0.00)A(0.00)T(0.00)E(0.00)R(0.00)	N8	1	E(0.00)D(0.00)N(0.00)A(0.00)V(0.00)Q(0.00)P(0.00)N(11.26)S(0.00)S(0.00)Y(0.00)T(0.00)Y(0.00)V(0.00)W(0.00)H(0.00)A(0.00)T(0.00)E(0.00)R(0.00)	E(0)D(0)N(0)A(0)V(0)Q(0)P(0)N(0)S(0)S(0)Y(0)T(0)Y(0)V(0)W(0)H(0)A(0)T(0)E(0)R(0)	40.526466	13	0	0	43.383183	14	11.2613735	0	0	0	0	FALSE	FALSE	FALSE	sp|P12259|FA5_HUMAN	P12259	FA5_HUMAN	F5	Coagulation factor V		tr|A0A0A0MRJ7|A0A0A0MRJ7_HUMAN	30171	2852.6072	30242	2835.0562	2866.311	14.476001	9
240419_ES_R00006_MG_c00001_SA_NPB_3_i2.30222.30222.4	D:\SHARE\Tim\25-12-03_GD_Dataset\GD_dataset\NPB_3_i2\interact.pep.xml	NNATVHEQVGGPSLTSDLQAQSK	NN[2028]ATVHEQVGGPSLTSDLQAQSK	VYDDGEEK.NNATVHEQVGGPSLTSDLQAQSK.GNPEQTPV	K	G	23	4	2851.1182	4293.8594	4293.8457	1074.4721	1074.4687	4293.8389	1074.467	0.0068	0	44.401	15.07	1	0	2	0	85	107	30291682	2N(1913.6770)	NA	HexNAc(4)Hex(5)NeuAc(1) % 1913.6770	2.88	0	NnATVHEQVGGPSLTSDLQAQSK	N(0.00)N(42.70)A(0.00)T(0.00)V(0.00)H(0.00)E(0.00)Q(0.00)V(0.00)G(0.00)G(0.00)P(0.00)S(0.00)L(0.00)T(0.00)S(0.00)D(0.00)L(0.00)Q(0.00)A(0.00)Q(0.00)S(0.00)K(0.00)	N2	1	N(0.00)N(12.57)A(0.00)T(0.00)V(0.00)H(0.00)E(0.00)Q(0.00)V(0.00)G(0.00)G(0.00)P(0.00)S(0.00)L(0.00)T(0.00)S(0.00)D(0.00)L(0.00)Q(0.00)A(0.00)Q(0.00)S(0.00)K(0.00)	N(0)N(1)A(0)T(0)V(0)H(0)E(0)Q(0)V(0)G(0)G(0)P(0)S(0)L(0)T(0)S(0)D(0)L(0)Q(0)A(0)Q(0)S(0)K(0)	42.704517	13	0	0	44.40153	14	12.567526	1	0	0	0	FALSE	FALSE	FALSE	sp|P04004|VTNC_HUMAN	P04004	VTNC_HUMAN	VTN	Vitronectin		tr|F5GX75|F5GX75_HUMAN	30191	2839.8262	30074	2646.666	2908.06	20.202002	114
240419_ES_R00006_MG_c00001_SA_NPB_3_i2.30233.30233.3	D:\SHARE\Tim\25-12-03_GD_Dataset\GD_dataset\NPB_3_i2\interact.pep.xml	NGSLFAFR	N[2319]GSLFAFR	FDAFTDLK.NGSLFAFR.GQYCYELD	K	G	8	3	2851.8691	3115.2297	3115.2356	1039.4172	1039.4191	3115.2385	1039.42	-0.0029	0.004345102	15.948	0	0.999	0	2	0	169	176	3232446	1N(2204.7725)	NA	HexNAc(4)Hex(5)NeuAc(2) % 2204.7724	3.29	0	nGSLFAFR	N(15.95)G(0.00)S(0.00)L(0.00)F(0.00)A(0.00)F(0.00)R(0.00)	N1	1	N(11.87)G(0.00)S(0.00)L(0.00)F(0.00)A(0.00)F(0.00)R(0.00)	N(0)G(0)S(0)L(0)F(0)A(0)F(0)R(0)	15.9489975	2	0	0	15.9489975	2	11.866163	0	0	0	0	FALSE	FALSE	TRUE	sp|P04004|VTNC_HUMAN	P04004	VTNC_HUMAN	VTN	Vitronectin			30191	2860.548	30342	2850.9092	2863.2092	10.602	2
240419_ES_R00006_MG_c00001_SA_NPB_3_i2.30245.30245.3	D:\SHARE\Tim\25-12-03_GD_Dataset\GD_dataset\NPB_3_i2\interact.pep.xml	NNATVHEQVGGPSLTSDLQAQSK	NN[2028]ATVHEQVGGPSLTSDLQAQSK	VYDDGEEK.NNATVHEQVGGPSLTSDLQAQSK.GNPEQTPV	K	G	23	3	2852.8853	4294.8486	4294.849	1432.6235	1432.6236	4293.8389	1432.287	1.0103	0.007696222	13.571	7.295	0.9843	0.000230947	2	0	85	107	0	2N(1913.6770)	NA	HexNAc(4)Hex(5)NeuAc(1) % 1913.6770	2.12	0	NnATVHEQVGGPSLTSDLQAQSK	N(0.00)N(12.56)A(0.00)T(0.00)V(0.00)H(0.00)E(0.00)Q(0.00)V(0.00)G(0.00)G(0.00)P(0.00)S(0.00)L(0.00)T(0.00)S(0.00)D(0.00)L(0.00)Q(0.00)A(0.00)Q(0.00)S(0.00)K(0.00)	N2	1	N(0.00)N(5.45)A(0.00)T(0.00)V(0.00)H(0.00)E(0.00)Q(0.00)V(0.00)G(0.00)G(0.00)P(0.00)S(0.00)L(0.00)T(0.00)S(0.00)D(0.00)L(0.00)Q(0.00)A(0.00)Q(0.00)S(0.00)K(0.00)	N(0)N(0)A(0)T(0)V(0)H(0)E(0)Q(0)V(0)G(0)G(0)P(0)S(0)L(0)T(0)S(0)D(0)L(0)Q(0)A(0)Q(0)S(0)K(0)	12.561859	4	0	0	13.571276	5	5.4532423	0	0	0	0	FALSE	FALSE	FALSE	sp|P04004|VTNC_HUMAN	P04004	VTNC_HUMAN	VTN	Vitronectin		tr|F5GX75|F5GX75_HUMAN	30220	0	0	0	0	0	0
240419_ES_R00006_MG_c00001_SA_NPB_3_i2.30249.30249.3	D:\SHARE\Tim\25-12-03_GD_Dataset\GD_dataset\NPB_3_i2\interact.pep.xml	NNATVHEQVGGPSLTSDLQAQSK	NN[2684]ATVHEQVGGPSLTSDLQAQSK	VYDDGEEK.NNATVHEQVGGPSLTSDLQAQSK.GNPEQTPV	K	G	23	3	2853.1584	4952.0703	4952.0635	1651.6974	1651.6951	4950.0664	1651.0294	1.9971	1.86E-09	44.424	0	1	0	2	0	85	107	0	2N(2569.9045)	NA	HexNAc(5)Hex(6)NeuAc(2) % 2569.9046	2.78	0	NnATVHEQVGGPSLTSDLQAQSK	N(0.00)N(37.73)A(0.00)T(0.00)V(0.00)H(0.00)E(0.00)Q(0.00)V(0.00)G(0.00)G(0.00)P(0.00)S(0.00)L(0.00)T(0.00)S(0.00)D(0.00)L(0.00)Q(0.00)A(0.00)Q(0.00)S(0.00)K(0.00)	N2	1	N(0.00)N(13.31)A(0.00)T(0.00)V(0.00)H(0.00)E(0.00)Q(0.00)V(0.00)G(0.00)G(0.00)P(0.00)S(0.00)L(0.00)T(0.00)S(0.00)D(0.00)L(0.00)Q(0.00)A(0.00)Q(0.00)S(0.00)K(0.00)	N(0)N(1)A(0)T(0)V(0)H(0)E(0)Q(0)V(0)G(0)G(0)P(0)S(0)L(0)T(0)S(0)D(0)L(0)Q(0)A(0)Q(0)S(0)K(0)	37.72965	11	0	0	44.424767	15	13.313754	1	0	0	0	FALSE	FALSE	FALSE	sp|P04004|VTNC_HUMAN	P04004	VTNC_HUMAN	VTN	Vitronectin		tr|F5GX75|F5GX75_HUMAN	30220	0	0	0	0	0	0
240419_ES_R00006_MG_c00001_SA_NPB_3_i2.30268.30268.4	D:\SHARE\Tim\25-12-03_GD_Dataset\GD_dataset\NPB_3_i2\interact.pep.xml	EDNAVQPNSSYTYVWHATER	EDNAVQPN[2028]SSYTYVWHATER	DDSPEWFK.EDNAVQPNSSYTYVWHATER.SGPESPGS	K	S	20	4	2854.626	4279.706	4279.726	1070.9338	1070.9388	4279.7334	1070.9407	-0.0071	0.001207813	20.172	0	1	0	2	0	1696	1715	0	8N(1913.6770)	NA	HexNAc(4)Hex(5)NeuAc(1) % 1913.6770	3.42	0	EDNAVQPnSSYTYVWHATER	E(0.00)D(0.00)N(0.00)A(0.00)V(0.00)Q(0.00)P(0.00)N(20.17)S(0.00)S(0.00)Y(0.00)T(0.00)Y(0.00)V(0.00)W(0.00)H(0.00)A(0.00)T(0.00)E(0.00)R(0.00)	N8	1	E(0.00)D(0.00)N(0.00)A(0.00)V(0.00)Q(0.00)P(0.00)N(9.11)S(0.00)S(0.00)Y(0.00)T(0.00)Y(0.00)V(0.00)W(0.00)H(0.00)A(0.00)T(0.00)E(0.00)R(0.00)	E(0)D(0)N(0)A(0)V(0)Q(0)P(0)N(0)S(0)S(0)Y(0)T(0)Y(0)V(0)W(0)H(0)A(0)T(0)E(0)R(0)	20.172085	6	0	0	20.172085	6	9.112908	0	0	0	0	FALSE	FALSE	FALSE	sp|P12259|FA5_HUMAN	P12259	FA5_HUMAN	F5	Coagulation factor V		tr|A0A0A0MRJ7|A0A0A0MRJ7_HUMAN	30242	0	0	0	0	0	0
240419_ES_R00006_MG_c00001_SA_NPB_3_i2.30310.30310.4	D:\SHARE\Tim\25-12-03_GD_Dataset\GD_dataset\NPB_3_i2\interact.pep.xml	EDNAVQPNSSYTYVWHATER	EDNAVQPN[2028]SSYTYVWHATER	DDSPEWFK.EDNAVQPNSSYTYVWHATER.SGPESPGS	K	S	20	4	2858.0107	4279.7314	4279.7383	1070.9401	1070.9419	4279.7334	1070.9407	0.0051	0.000407026	14.433	6.449	1	0	2	0	1696	1715	24507660	8N(1913.6770)	NA	HexNAc(4)Hex(5)NeuAc(1) % 1913.6770	2.61	0	EDNAVQPnSSYTYVWHATER	E(0.00)D(0.00)N(0.00)A(0.00)V(0.00)Q(0.00)P(0.00)N(14.43)S(0.00)S(0.00)Y(0.00)T(0.00)Y(0.00)V(0.00)W(0.00)H(0.00)A(0.00)T(0.00)E(0.00)R(0.00)	N8	1	E(0.00)D(0.00)N(0.00)A(0.00)V(0.00)Q(0.00)P(0.00)N(7.38)S(0.00)S(0.00)Y(0.00)T(0.00)Y(0.00)V(0.00)W(0.00)H(0.00)A(0.00)T(0.00)E(0.00)R(0.00)	E(0)D(0)N(0)A(0)V(0)Q(0)P(0)N(0)S(0)S(0)Y(0)T(0)Y(0)V(0)W(0)H(0)A(0)T(0)E(0)R(0)	14.433126	4	0	0	14.433126	4	7.3751507	0	0	0	0	FALSE	FALSE	FALSE	sp|P12259|FA5_HUMAN	P12259	FA5_HUMAN	F5	Coagulation factor V		tr|A0A0A0MRJ7|A0A0A0MRJ7_HUMAN	30266	2860.548	30342	2839.8262	2875.447	21.832	10
240419_ES_R00006_MG_c00001_SA_NPB_3_i2.30380.30380.5	D:\SHARE\Tim\25-12-03_GD_Dataset\GD_dataset\NPB_3_i2\interact.pep.xml	NNATVHEQVGGPSLTSDLQAQSK	NN[3121]ATVHEQVGGPSLTSDLQAQSK	VYDDGEEK.NNATVHEQVGGPSLTSDLQAQSK.GNPEQTPV	K	G	23	5	2863.4185	5387.229	5387.2217	1078.4531	1078.4516	5387.2197	1078.4513	0.002	8.69E-11	47.745	0	1	0	2	0	85	107	163995760	2N(3007.0579)	NA	HexNAc(5)Hex(6)Fuc(1)NeuAc(3) % 3007.0579	6.37	0	NnATVHEQVGGPSLTSDLQAQSK	N(0.00)N(47.75)A(0.00)T(0.00)V(0.00)H(0.00)E(0.00)Q(0.00)V(0.00)G(0.00)G(0.00)P(0.00)S(0.00)L(0.00)T(0.00)S(0.00)D(0.00)L(0.00)Q(0.00)A(0.00)Q(0.00)S(0.00)K(0.00)	N2	1	N(0.00)N(16.61)A(0.00)T(0.00)V(0.00)H(0.00)E(0.00)Q(0.00)V(0.00)G(0.00)G(0.00)P(0.00)S(0.00)L(0.00)T(0.00)S(0.00)D(0.00)L(0.00)Q(0.00)A(0.00)Q(0.00)S(0.00)K(0.00)	N(0)N(2)A(0)T(0)V(0)H(0)E(0)Q(0)V(0)G(0)G(0)P(0)S(0)L(0)T(0)S(0)D(0)L(0)Q(0)A(0)Q(0)S(0)K(0)	47.745205	14	0	0	46.462387	13	16.605238	2	0	0	0	FALSE	FALSE	FALSE	sp|P04004|VTNC_HUMAN	P04004	VTNC_HUMAN	VTN	Vitronectin		tr|F5GX75|F5GX75_HUMAN	30342	2841.402	30094	2784.8591	2888.3992	21.941002	43
240419_ES_R00006_MG_c00001_SA_NPB_3_i2.30418.30418.5	D:\SHARE\Tim\25-12-03_GD_Dataset\GD_dataset\NPB_3_i2\interact.pep.xml	NNATVHEQVGGPSLTSDLQAQSK	NN[2975]ATVHEQVGGPSLTSDLQAQSK	VYDDGEEK.NNATVHEQVGGPSLTSDLQAQSK.GNPEQTPV	K	G	23	5	2866.326	5241.169	5241.164	1049.2411	1049.2401	5241.1621	1049.2397	0.0022	6.40E-07	32.275	0	1	0	2	0	85	107	268781472	2N(2861.0000)	NA	HexNAc(5)Hex(6)NeuAc(3) % 2861.0000	7.21	0	NnATVHEQVGGPSLTSDLQAQSK	N(0.00)N(32.26)A(0.00)T(0.00)V(0.00)H(0.00)E(0.00)Q(0.00)V(0.00)G(0.00)G(0.00)P(0.00)S(0.00)L(0.00)T(0.00)S(0.00)D(0.00)L(0.00)Q(0.00)A(0.00)Q(0.00)S(0.00)K(0.00)	N2	1	N(0.00)N(14.29)A(0.00)T(0.00)V(0.00)H(0.00)E(0.00)Q(0.00)V(0.00)G(0.00)G(0.00)P(0.00)S(0.00)L(0.00)T(0.00)S(0.00)D(0.00)L(0.00)Q(0.00)A(0.00)Q(0.00)S(0.00)K(0.00)	N(0)N(3)A(0)T(0)V(0)H(0)E(0)Q(0)V(0)G(0)G(0)P(0)S(0)L(0)T(0)S(0)D(0)L(0)Q(0)A(0)Q(0)S(0)K(0)	32.2627	11	0	0	32.275032	11	14.290124	3	0	0	0	FALSE	FALSE	FALSE	sp|P04004|VTNC_HUMAN	P04004	VTNC_HUMAN	VTN	Vitronectin		tr|F5GX75|F5GX75_HUMAN	30378	2857.4602	30303	2795.9492	2911.8452	28.917002	50
240419_ES_R00006_MG_c00001_SA_NPB_3_i2.30436.30436.3	D:\SHARE\Tim\25-12-03_GD_Dataset\GD_dataset\NPB_3_i2\interact.pep.xml	NNATVHEQVGGPSLTSDLQAQSK	NN[2028]ATVHEQVGGPSLTSDLQAQSK	VYDDGEEK.NNATVHEQVGGPSLTSDLQAQSK.GNPEQTPV	K	G	23	3	2867.694	4293.8296	4293.826	1432.2838	1432.2826	4293.8389	1432.287	-0.0127	0.000974474	19.635	0	1	0	2	0	85	107	0	2N(1913.6770)	NA	HexNAc(4)Hex(5)NeuAc(1) % 1913.6770	2.11	0	NnATVHEQVGGPSLTSDLQAQSK	N(0.00)N(19.64)A(0.00)T(0.00)V(0.00)H(0.00)E(0.00)Q(0.00)V(0.00)G(0.00)G(0.00)P(0.00)S(0.00)L(0.00)T(0.00)S(0.00)D(0.00)L(0.00)Q(0.00)A(0.00)Q(0.00)S(0.00)K(0.00)	N2	1	N(0.00)N(10.92)A(0.00)T(0.00)V(0.00)H(0.00)E(0.00)Q(0.00)V(0.00)G(0.00)G(0.00)P(0.00)S(0.00)L(0.00)T(0.00)S(0.00)D(0.00)L(0.00)Q(0.00)A(0.00)Q(0.00)S(0.00)K(0.00)	N(0)N(0)A(0)T(0)V(0)H(0)E(0)Q(0)V(0)G(0)G(0)P(0)S(0)L(0)T(0)S(0)D(0)L(0)Q(0)A(0)Q(0)S(0)K(0)	19.635677	4	0	0	19.635677	4	10.919335	0	0	0	0	FALSE	FALSE	FALSE	sp|P04004|VTNC_HUMAN	P04004	VTNC_HUMAN	VTN	Vitronectin		tr|F5GX75|F5GX75_HUMAN	30378	0	0	0	0	0	0
240419_ES_R00006_MG_c00001_SA_NPB_3_i2.30439.30439.3	D:\SHARE\Tim\25-12-03_GD_Dataset\GD_dataset\NPB_3_i2\interact.pep.xml	EDNAVQPNSSYTYVWHATER	EDNAVQPN[2028]SSYTYVWHATER	DDSPEWFK.EDNAVQPNSSYTYVWHATER.SGPESPGS	K	S	20	3	2867.899	4282.7437	4282.7505	1428.5885	1428.5908	4279.7334	1427.5851	3.0173	0.002009093	18.288	6.813	0.9991	0	2	0	1696	1715	0	8N(1913.6770)	NA	HexNAc(4)Hex(5)NeuAc(1) % 1913.6770	0.2	0	EDNAVQPnSSYTYVWHATER	E(0.00)D(0.00)N(0.00)A(0.00)V(0.00)Q(0.00)P(0.00)N(18.29)S(0.00)S(0.00)Y(0.00)T(0.00)Y(0.00)V(0.00)W(0.00)H(0.00)A(0.00)T(0.00)E(0.00)R(0.00)	N8	1	E(0.00)D(0.00)N(0.00)A(0.00)V(0.00)Q(0.00)P(0.00)N(5.39)S(0.00)S(0.00)Y(0.00)T(0.00)Y(0.00)V(0.00)W(0.00)H(0.00)A(0.00)T(0.00)E(0.00)R(0.00)	E(0)D(0)N(0)A(0)V(0)Q(0)P(0)N(0)S(0)S(0)Y(0)T(0)Y(0)V(0)W(0)H(0)A(0)T(0)E(0)R(0)	18.288675	7	0	0	18.288675	7	5.387509	0	0	0	0	FALSE	FALSE	FALSE	sp|P12259|FA5_HUMAN	P12259	FA5_HUMAN	F5	Coagulation factor V		tr|A0A0A0MRJ7|A0A0A0MRJ7_HUMAN	30378	0	0	0	0	0	0
240419_ES_R00006_MG_c00001_SA_NPB_3_i2.30455.30455.4	D:\SHARE\Tim\25-12-03_GD_Dataset\GD_dataset\NPB_3_i2\interact.pep.xml	NNATVHEQVGGPSLTSDLQAQSK	NN[2975]ATVHEQVGGPSLTSDLQAQSK	VYDDGEEK.NNATVHEQVGGPSLTSDLQAQSK.GNPEQTPV	K	G	23	4	2869.0535	5241.1724	5241.1636	1311.3004	1311.2982	5241.1621	1311.2979	0.0017	1.70E-13	58.569	0	1	0	2	0	85	107	1623721600	2N(2861.0000)	NA	HexNAc(5)Hex(6)NeuAc(3) % 2861.0000	8.53	0	NnATVHEQVGGPSLTSDLQAQSK	N(0.00)N(58.57)A(0.00)T(0.00)V(0.00)H(0.00)E(0.00)Q(0.00)V(0.00)G(0.00)G(0.00)P(0.00)S(0.00)L(0.00)T(0.00)S(0.00)D(0.00)L(0.00)Q(0.00)A(0.00)Q(0.00)S(0.00)K(0.00)	N2	1	N(0.00)N(19.46)A(0.00)T(0.00)V(0.00)H(0.00)E(0.00)Q(0.00)V(0.00)G(0.00)G(0.00)P(0.00)S(0.00)L(0.00)T(0.00)S(0.00)D(0.00)L(0.00)Q(0.00)A(0.00)Q(0.00)S(0.00)K(0.00)	N(0)N(5)A(0)T(0)V(0)H(0)E(0)Q(0)V(0)G(0)G(0)P(0)S(0)L(0)T(0)S(0)D(0)L(0)Q(0)A(0)Q(0)S(0)K(0)	58.569496	20	0	0	55.322014	18	19.456013	5	0	0	0	FALSE	FALSE	FALSE	sp|P04004|VTNC_HUMAN	P04004	VTNC_HUMAN	VTN	Vitronectin		tr|F5GX75|F5GX75_HUMAN	30417	2850.9092	30220	2667.746	3366.922	22.405	309
240419_ES_R00006_MG_c00001_SA_NPB_3_i2.30484.30484.3	D:\SHARE\Tim\25-12-03_GD_Dataset\GD_dataset\NPB_3_i2\interact.pep.xml	NFTENDLLVR	N[2028]FTENDLLVR	LLYPPWDK.NFTENDLLVR.IGKHSRTR	K	I	10	3	2871.6802	3133.2944	3133.2969	1045.4387	1045.4396	3133.2966	1045.4395	2.00E-04	3.34E-06	33.405	0	1	0	2	0	416	425	3164662270	1N(1913.6770)	NA	HexNAc(4)Hex(5)NeuAc(1) % 1913.6770	6.68	0	nFTENDLLVR	N(33.41)F(0.00)T(0.00)E(0.00)N(0.00)D(0.00)L(0.00)L(0.00)V(0.00)R(0.00)	N1	1	N(11.85)F(0.00)T(0.00)E(0.00)N(0.00)D(0.00)L(0.00)L(0.00)V(0.00)R(0.00)	N(0)F(0)T(0)E(0)N(0)D(0)L(0)L(0)V(0)R(0)	33.405678	9	0	0	33.405678	9	11.85244	0	0	0	0	FALSE	FALSE	FALSE	sp|P00734|THRB_HUMAN	P00734	THRB_HUMAN	F2	Prothrombin		tr|E9PIT3|E9PIT3_HUMAN	30454	2888.3992	30709	2854.416	3021.84	23.172	81
240419_ES_R00006_MG_c00001_SA_NPB_3_i2.30486.30486.3	D:\SHARE\Tim\25-12-03_GD_Dataset\GD_dataset\NPB_3_i2\interact.pep.xml	GTAGNALMDGASQLMGENR	GTAGNALMDGASQLM[147]GEN[2028]R	QISVNKYR.GTAGNALMDGASQLMGENR.TMTIHNGM	R	T	19	3	2871.8218	3821.567	3821.5261	1274.8629	1274.8493	3821.5234	1274.8484	0.0026	0.1184404	12.206	9.004	0.9685	0.000230947	2	0	377	395	23680064	"15M(15.9949),18N(1913.6770)"	NA	HexNAc(4)Hex(5)NeuAc(1) % 1913.6770	3.58	0	GTAGNALMDGASQLMGEnR	G(0.00)T(0.00)A(0.00)G(0.00)N(0.00)A(0.00)L(0.00)M(0.00)D(0.00)G(0.00)A(0.00)S(0.00)Q(0.00)L(0.00)M(0.00)G(0.00)E(0.00)N(12.21)R(0.00)	N18	1	G(0.00)T(0.00)A(0.00)G(0.00)N(0.00)A(0.00)L(0.00)M(0.00)D(0.00)G(0.00)A(0.00)S(0.00)Q(0.00)L(0.00)M(0.00)G(0.00)E(0.00)N(8.99)R(0.00)	G(0)T(0)A(0)G(0)N(0)A(0)L(0)M(0)D(0)G(0)A(0)S(0)Q(0)L(0)M(0)G(0)E(0)N(3)R(0)	12.206242	5	0	0	7.2659597	2	8.994316	3	0	0	0	FALSE	FALSE	FALSE	sp|P02675|FIBB_HUMAN	P02675	FIBB_HUMAN	FGB	Fibrinogen beta chain		tr|D6REL8|D6REL8_HUMAN	30454	2875.447	30535	2756.7332	2908.06	19.414001	61
240419_ES_R00006_MG_c00001_SA_NPB_3_i2.30493.30493.3	D:\SHARE\Tim\25-12-03_GD_Dataset\GD_dataset\NPB_3_i2\interact.pep.xml	NNATVHEQVGGPSLTSDLQAQSK	NN[3121]ATVHEQVGGPSLTSDLQAQSK	VYDDGEEK.NNATVHEQVGGPSLTSDLQAQSK.GNPEQTPV	K	G	23	3	2872.3132	5388.2295	5388.225	1797.0838	1797.0823	5387.2197	1796.7472	1.0054	5.90E-06	28.416	0	1	0	2	0	85	107	27051084	2N(3007.0579)	NA	HexNAc(5)Hex(6)Fuc(1)NeuAc(3) % 3007.0579	4.13	0	NnATVHEQVGGPSLTSDLQAQSK	N(0.00)N(28.42)A(0.00)T(0.00)V(0.00)H(0.00)E(0.00)Q(0.00)V(0.00)G(0.00)G(0.00)P(0.00)S(0.00)L(0.00)T(0.00)S(0.00)D(0.00)L(0.00)Q(0.00)A(0.00)Q(0.00)S(0.00)K(0.00)	N2	1	N(0.00)N(12.88)A(0.00)T(0.00)V(0.00)H(0.00)E(0.00)Q(0.00)V(0.00)G(0.00)G(0.00)P(0.00)S(0.00)L(0.00)T(0.00)S(0.00)D(0.00)L(0.00)Q(0.00)A(0.00)Q(0.00)S(0.00)K(0.00)	N(0)N(2)A(0)T(0)V(0)H(0)E(0)Q(0)V(0)G(0)G(0)P(0)S(0)L(0)T(0)S(0)D(0)L(0)Q(0)A(0)Q(0)S(0)K(0)	28.416605	9	0	0	25.517164	7	12.8808565	2	0	0	0	FALSE	FALSE	FALSE	sp|P04004|VTNC_HUMAN	P04004	VTNC_HUMAN	VTN	Vitronectin		tr|F5GX75|F5GX75_HUMAN	30454	2854.416	30266	2800.2102	2881.2212	36.008003	33
240419_ES_R00006_MG_c00001_SA_NPB_3_i2.30499.30499.3	D:\SHARE\Tim\25-12-03_GD_Dataset\GD_dataset\NPB_3_i2\interact.pep.xml	NNATVHEQVGGPSLTSDLQAQSK	NN[2028]ATVHEQVGGPSLTSDLQAQSK	VYDDGEEK.NNATVHEQVGGPSLTSDLQAQSK.GNPEQTPV	K	G	23	3	2872.7231	4295.8584	4295.857	1432.9601	1432.9596	4293.8389	1432.287	2.0179	0.000542167	34.135	14.085	1	0	2	0	85	107	0	2N(1913.6770)	NA	HexNAc(4)Hex(5)NeuAc(1) % 1913.6770	1.29	0	NnATVHEQVGGPSLTSDLQAQSK	N(0.00)N(34.14)A(0.00)T(0.00)V(0.00)H(0.00)E(0.00)Q(0.00)V(0.00)G(0.00)G(0.00)P(0.00)S(0.00)L(0.00)T(0.00)S(0.00)D(0.00)L(0.00)Q(0.00)A(0.00)Q(0.00)S(0.00)K(0.00)	N2	1	N(0.00)N(12.51)A(0.00)T(0.00)V(0.00)H(0.00)E(0.00)Q(0.00)V(0.00)G(0.00)G(0.00)P(0.00)S(0.00)L(0.00)T(0.00)S(0.00)D(0.00)L(0.00)Q(0.00)A(0.00)Q(0.00)S(0.00)K(0.00)	N(0)N(1)A(0)T(0)V(0)H(0)E(0)Q(0)V(0)G(0)G(0)P(0)S(0)L(0)T(0)S(0)D(0)L(0)Q(0)A(0)Q(0)S(0)K(0)	34.135204	10	0	0	33.02236	9	12.510803	1	0	0	0	FALSE	FALSE	FALSE	sp|P04004|VTNC_HUMAN	P04004	VTNC_HUMAN	VTN	Vitronectin		tr|F5GX75|F5GX75_HUMAN	30454	0	0	0	0	0	0
240419_ES_R00006_MG_c00001_SA_NPB_3_i2.30539.30539.3	D:\SHARE\Tim\25-12-03_GD_Dataset\GD_dataset\NPB_3_i2\interact.pep.xml	NNATVHEQVGGPSLTSDLQAQSK	NN[3121]ATVHEQVGGPSLTSDLQAQSK	VYDDGEEK.NNATVHEQVGGPSLTSDLQAQSK.GNPEQTPV	K	G	23	3	2875.7942	5387.2305	5387.2305	1796.7508	1796.7508	5387.2197	1796.7472	0.0107	2.65E-06	29.809	0	1	0	2	0	85	107	27051084	2N(3007.0579)	NA	HexNAc(5)Hex(6)Fuc(1)NeuAc(3) % 3007.0579	2.15	0	NnATVHEQVGGPSLTSDLQAQSK	N(0.00)N(28.00)A(0.00)T(0.00)V(0.00)H(0.00)E(0.00)Q(0.00)V(0.00)G(0.00)G(0.00)P(0.00)S(0.00)L(0.00)T(0.00)S(0.00)D(0.00)L(0.00)Q(0.00)A(0.00)Q(0.00)S(0.00)K(0.00)	N2	1	N(0.00)N(9.81)A(0.00)T(0.00)V(0.00)H(0.00)E(0.00)Q(0.00)V(0.00)G(0.00)G(0.00)P(0.00)S(0.00)L(0.00)T(0.00)S(0.00)D(0.00)L(0.00)Q(0.00)A(0.00)Q(0.00)S(0.00)K(0.00)	N(0)N(0)A(0)T(0)V(0)H(0)E(0)Q(0)V(0)G(0)G(0)P(0)S(0)L(0)T(0)S(0)D(0)L(0)Q(0)A(0)Q(0)S(0)K(0)	27.995089	8	0	0	29.809097	9	9.814066	0	0	0	0	FALSE	FALSE	FALSE	sp|P04004|VTNC_HUMAN	P04004	VTNC_HUMAN	VTN	Vitronectin		tr|F5GX75|F5GX75_HUMAN	30510	2854.416	30266	2800.2102	2883.593	36.008003	33
240419_ES_R00006_MG_c00001_SA_NPB_3_i2.30540.30540.2	D:\SHARE\Tim\25-12-03_GD_Dataset\GD_dataset\NPB_3_i2\interact.pep.xml	NFTENDLLVR	N[2028]FTENDLLVR	LLYPPWDK.NFTENDLLVR.IGKHSRTR	K	I	10	2	2875.8625	3133.309	3133.3018	1567.6618	1567.6582	3133.2966	1567.6556	0.0051	0.000958297	20.574	6.99	1	0	2	0	416	425	111850152	1N(1913.6770)	NA	HexNAc(4)Hex(5)NeuAc(1) % 1913.6770	1.47	0	nFTENDLLVR	N(20.57)F(0.00)T(0.00)E(0.00)N(0.00)D(0.00)L(0.00)L(0.00)V(0.00)R(0.00)	N1	1	N(8.18)F(0.00)T(0.00)E(0.00)N(0.00)D(0.00)L(0.00)L(0.00)V(0.00)R(0.00)	N(0)F(0)T(0)E(0)N(0)D(0)L(0)L(0)V(0)R(0)	20.574846	6	0	0	20.574846	6	8.182087	0	0	0	0	FALSE	FALSE	FALSE	sp|P00734|THRB_HUMAN	P00734	THRB_HUMAN	F2	Prothrombin		tr|E9PIT3|E9PIT3_HUMAN	30510	2891.7393	30753	2869.039	2914.384	28.052002	18
240419_ES_R00006_MG_c00001_SA_NPB_3_i2.30558.30558.2	D:\SHARE\Tim\25-12-03_GD_Dataset\GD_dataset\NPB_3_i2\interact.pep.xml	NFTENDLLVR	N[2028]FTENDLLVR	LLYPPWDK.NFTENDLLVR.IGKHSRTR	K	I	10	2	2877.2715	3133.3032	3133.3018	1567.6589	1567.6582	3133.2966	1567.6556	0.0051	5.98E-05	25.393	0	1	0	2	0	416	425	94316880	1N(1913.6770)	NA	HexNAc(4)Hex(5)NeuAc(1) % 1913.6770	3.94	0	nFTENDLLVR	N(25.39)F(0.00)T(0.00)E(0.00)N(0.00)D(0.00)L(0.00)L(0.00)V(0.00)R(0.00)	N1	1	N(8.25)F(0.00)T(0.00)E(0.00)N(0.00)D(0.00)L(0.00)L(0.00)V(0.00)R(0.00)	N(0)F(0)T(0)E(0)N(0)D(0)L(0)L(0)V(0)R(0)	25.393013	8	0	0	25.393013	8	8.252996	0	0	0	0	FALSE	FALSE	FALSE	sp|P00734|THRB_HUMAN	P00734	THRB_HUMAN	F2	Prothrombin		tr|E9PIT3|E9PIT3_HUMAN	30535	2893.9802	30783	2869.039	2913.2751	28.052002	18
240419_ES_R00006_MG_c00001_SA_NPB_3_i2.30559.30559.4	D:\SHARE\Tim\25-12-03_GD_Dataset\GD_dataset\NPB_3_i2\interact.pep.xml	NFTENDLLVR	N[2028]FTENDLLVR	LLYPPWDK.NFTENDLLVR.IGKHSRTR	K	I	10	4	2877.3396	3133.3035	3133.2983	784.3332	784.3319	3133.2966	784.3314	0.0017	1.79E-05	28.486	8.756	0.9995	0	2	0	416	425	39742236	1N(1913.6770)	NA	HexNAc(4)Hex(5)NeuAc(1) % 1913.6770	3.92	0	nFTENDLLVR	N(27.82)F(0.00)T(0.00)E(0.00)N(0.00)D(0.00)L(0.00)L(0.00)V(0.00)R(0.00)	N1	1	N(9.78)F(0.00)T(0.00)E(0.00)N(0.00)D(0.00)L(0.00)L(0.00)V(0.00)R(0.00)	N(0)F(0)T(0)E(0)N(0)D(0)L(0)L(0)V(0)R(0)	27.8208	8	0	0	28.486061	9	9.776093	0	0	0	0	FALSE	FALSE	FALSE	sp|P00734|THRB_HUMAN	P00734	THRB_HUMAN	F2	Prothrombin		tr|E9PIT3|E9PIT3_HUMAN	30535	2883.593	30644	2873.5562	2890.425	14.978001	8
240419_ES_R00006_MG_c00001_SA_NPB_3_i2.30593.30593.4	D:\SHARE\Tim\25-12-03_GD_Dataset\GD_dataset\NPB_3_i2\interact.pep.xml	NNATVHEQVGGPSLTSDLQAQSK	NN[2465]ATVHEQVGGPSLTSDLQAQSK	VYDDGEEK.NNATVHEQVGGPSLTSDLQAQSK.GNPEQTPV	K	G	23	4	2879.8176	4731.0195	4730.9917	1183.7622	1183.7552	4730.9922	1183.7554	-5.00E-04	2.53E-05	28.027	9.742	0.9989	0	2	0	85	107	0	2N(2350.8303)	NA	HexNAc(4)Hex(5)Fuc(1)NeuAc(2) % 2350.8303	7.01	0	NnATVHEQVGGPSLTSDLQAQSK	N(0.00)N(28.03)A(0.00)T(0.00)V(0.00)H(0.00)E(0.00)Q(0.00)V(0.00)G(0.00)G(0.00)P(0.00)S(0.00)L(0.00)T(0.00)S(0.00)D(0.00)L(0.00)Q(0.00)A(0.00)Q(0.00)S(0.00)K(0.00)	N2	1	N(0.00)N(11.83)A(0.00)T(0.00)V(0.00)H(0.00)E(0.00)Q(0.00)V(0.00)G(0.00)G(0.00)P(0.00)S(0.00)L(0.00)T(0.00)S(0.00)D(0.00)L(0.00)Q(0.00)A(0.00)Q(0.00)S(0.00)K(0.00)	N(0)N(0)A(0)T(0)V(0)H(0)E(0)Q(0)V(0)G(0)G(0)P(0)S(0)L(0)T(0)S(0)D(0)L(0)Q(0)A(0)Q(0)S(0)K(0)	28.02793	7	0	0	28.02793	7	11.825075	0	0	0	0	FALSE	FALSE	FALSE	sp|P04004|VTNC_HUMAN	P04004	VTNC_HUMAN	VTN	Vitronectin		tr|F5GX75|F5GX75_HUMAN	30554	0	0	0	0	0	0
240419_ES_R00006_MG_c00001_SA_NPB_3_i2.30615.30615.5	D:\SHARE\Tim\25-12-03_GD_Dataset\GD_dataset\NPB_3_i2\interact.pep.xml	NNATVHEQVGGPSLTSDLQAQSK	NN[3121]ATVHEQVGGPSLTSDLQAQSK	VYDDGEEK.NNATVHEQVGGPSLTSDLQAQSK.GNPEQTPV	K	G	23	5	2881.4993	5387.1675	5387.1685	1078.4408	1078.441	5387.2197	1078.4513	-0.0513	3.57E-11	49.289	7.593	1	0	2	0	85	107	46829768	2N(3007.0579)	NA	HexNAc(5)Hex(6)Fuc(1)NeuAc(3) % 3007.0579	2.37	0	NnATVHEQVGGPSLTSDLQAQSK	N(0.00)N(49.29)A(0.00)T(0.00)V(0.00)H(0.00)E(0.00)Q(0.00)V(0.00)G(0.00)G(0.00)P(0.00)S(0.00)L(0.00)T(0.00)S(0.00)D(0.00)L(0.00)Q(0.00)A(0.00)Q(0.00)S(0.00)K(0.00)	N2	1	N(0.00)N(15.10)A(0.00)T(0.00)V(0.00)H(0.00)E(0.00)Q(0.00)V(0.00)G(0.00)G(0.00)P(0.00)S(0.00)L(0.00)T(0.00)S(0.00)D(0.00)L(0.00)Q(0.00)A(0.00)Q(0.00)S(0.00)K(0.00)	N(0)N(1)A(0)T(0)V(0)H(0)E(0)Q(0)V(0)G(0)G(0)P(0)S(0)L(0)T(0)S(0)D(0)L(0)Q(0)A(0)Q(0)S(0)K(0)	49.289425	14	0	0	47.77013	13	15.103176	1	0	0	0	FALSE	FALSE	FALSE	sp|P04004|VTNC_HUMAN	P04004	VTNC_HUMAN	VTN	Vitronectin		tr|F5GX75|F5GX75_HUMAN	30584	2871.4712	30482	2784.8591	2888.3992	21.941002	43
240419_ES_R00006_MG_c00001_SA_NPB_3_i2.30618.30618.4	D:\SHARE\Tim\25-12-03_GD_Dataset\GD_dataset\NPB_3_i2\interact.pep.xml	GLTFQQNASSMCVPDQDTAIR	GLTFQQN[2377]ASSM[147]CVPDQDTAIR	FTCRVDHR.GLTFQQNASSMCVPDQDTAIR.VFAIPPSF	R	V	21	4	2881.7039	4616.8896	4616.88	1155.2297	1155.2273	4616.877	1155.2266	0.0027	0.00090261	19.678	15.084	1	0	2	0	203	223	0	"7N(2262.8142),11M(15.9949),12C(57.0215)"	NA	HexNAc(5)Hex(5)Fuc(1)NeuAc(1) % 2262.8143	-2.64	0.001632209	GLTFQQnASSMCVPDQDTAIR	G(0.00)L(0.00)T(0.00)F(0.00)Q(0.00)Q(0.00)N(19.68)A(0.00)S(0.00)S(0.00)M(0.00)C(0.00)V(0.00)P(0.00)D(0.00)Q(0.00)D(0.00)T(0.00)A(0.00)I(0.00)R(0.00)	N7	1	G(0.00)L(0.00)T(0.00)F(0.00)Q(0.00)Q(0.00)N(0.00)A(0.00)S(0.00)S(0.00)M(0.00)C(0.00)V(0.00)P(0.00)D(0.00)Q(0.00)D(0.00)T(0.00)A(0.00)I(0.00)R(0.00)	G(0)L(0)T(0)F(0)Q(0)Q(0)N(0)A(0)S(0)S(0)M(0)C(0)V(0)P(0)D(0)Q(0)D(0)T(0)A(0)I(0)R(0)	19.678371	10	0	0	19.678371	10	0	0	0	0	0	FALSE	FALSE	TRUE	sp|P01871|IGHM_HUMAN	P01871	IGHM_HUMAN	IGHM	Immunoglobulin heavy constant mu			30584	0	0	0	0	0	0
240419_ES_R00006_MG_c00001_SA_NPB_3_i2.30660.30660.3	D:\SHARE\Tim\25-12-03_GD_Dataset\GD_dataset\NPB_3_i2\interact.pep.xml	NGSLFAFR	N[2028]GSLFAFR	FDAFTDLK.NGSLFAFR.GQYCYELD	K	G	8	3	2884.7761	2824.1475	2824.144	942.3898	942.3886	2824.1431	942.3882	9.00E-04	0.01189871	14.198	0	0.9922	0	2	0	169	176	0	1N(1913.6770)	NA	HexNAc(4)Hex(5)NeuAc(1) % 1913.6770	4.29	0	nGSLFAFR	N(14.20)G(0.00)S(0.00)L(0.00)F(0.00)A(0.00)F(0.00)R(0.00)	N1	1	N(10.39)G(0.00)S(0.00)L(0.00)F(0.00)A(0.00)F(0.00)R(0.00)	N(0)G(0)S(0)L(0)F(0)A(0)F(0)R(0)	14.198547	2	0	0	14.198547	2	10.390087	0	0	0	0	FALSE	FALSE	TRUE	sp|P04004|VTNC_HUMAN	P04004	VTNC_HUMAN	VTN	Vitronectin			30612	0	0	0	0	0	0
240419_ES_R00006_MG_c00001_SA_NPB_3_i2.30680.30680.4	D:\SHARE\Tim\25-12-03_GD_Dataset\GD_dataset\NPB_3_i2\interact.pep.xml	NNATVHEQVGGPSLTSDLQAQSK	NN[2319]ATVHEQVGGPSLTSDLQAQSK	VYDDGEEK.NNATVHEQVGGPSLTSDLQAQSK.GNPEQTPV	K	G	23	4	2886.182	4584.936	4584.927	1147.2413	1147.239	4584.9346	1147.241	-0.0076	1.56E-11	52.729	16.789	1	0	2	0	85	107	155327936	2N(2204.7725)	NA	HexNAc(4)Hex(5)NeuAc(2) % 2204.7724	5.38	0	NnATVHEQVGGPSLTSDLQAQSK	N(0.00)N(52.73)A(0.00)T(0.00)V(0.00)H(0.00)E(0.00)Q(0.00)V(0.00)G(0.00)G(0.00)P(0.00)S(0.00)L(0.00)T(0.00)S(0.00)D(0.00)L(0.00)Q(0.00)A(0.00)Q(0.00)S(0.00)K(0.00)	N2	1	N(0.00)N(19.72)A(0.00)T(0.00)V(0.00)H(0.00)E(0.00)Q(0.00)V(0.00)G(0.00)G(0.00)P(0.00)S(0.00)L(0.00)T(0.00)S(0.00)D(0.00)L(0.00)Q(0.00)A(0.00)Q(0.00)S(0.00)K(0.00)	N(0)N(5)A(0)T(0)V(0)H(0)E(0)Q(0)V(0)G(0)G(0)P(0)S(0)L(0)T(0)S(0)D(0)L(0)Q(0)A(0)Q(0)S(0)K(0)	52.729607	18	0	0	47.87168	15	19.719788	5	0	0	0	FALSE	FALSE	FALSE	sp|P04004|VTNC_HUMAN	P04004	VTNC_HUMAN	VTN	Vitronectin		tr|F5GX75|F5GX75_HUMAN	30644	2899.154	30851	2433.0452	3480.4631	38.528004	487
240419_ES_R00006_MG_c00001_SA_NPB_3_i2.30787.30787.3	D:\SHARE\Tim\25-12-03_GD_Dataset\GD_dataset\NPB_3_i2\interact.pep.xml	NNATVHEQVGGPSLTSDLQAQSK	NN[2975]ATVHEQVGGPSLTSDLQAQSK	VYDDGEEK.NNATVHEQVGGPSLTSDLQAQSK.GNPEQTPV	K	G	23	3	2894.332	5241.175	5241.175	1748.0656	1748.0656	5241.1621	1748.0614	0.0129	1.38E-09	27.083	13.474	1	0	2	0	85	107	0	2N(2861.0000)	NA	HexNAc(5)Hex(6)NeuAc(3) % 2861.0000	3.68	0	NnATVHEQVGGPSLTSDLQAQSK	N(0.00)N(27.08)A(0.00)T(0.00)V(0.00)H(0.00)E(0.00)Q(0.00)V(0.00)G(0.00)G(0.00)P(0.00)S(0.00)L(0.00)T(0.00)S(0.00)D(0.00)L(0.00)Q(0.00)A(0.00)Q(0.00)S(0.00)K(0.00)	N2	1	N(0.00)N(8.40)A(0.00)T(0.00)V(0.00)H(0.00)E(0.00)Q(0.00)V(0.00)G(0.00)G(0.00)P(0.00)S(0.00)L(0.00)T(0.00)S(0.00)D(0.00)L(0.00)Q(0.00)A(0.00)Q(0.00)S(0.00)K(0.00)	N(0)N(1)A(0)T(0)V(0)H(0)E(0)Q(0)V(0)G(0)G(0)P(0)S(0)L(0)T(0)S(0)D(0)L(0)Q(0)A(0)Q(0)S(0)K(0)	27.083912	10	0	0	25.294655	9	8.402578	1	0	0	0	FALSE	FALSE	FALSE	sp|P04004|VTNC_HUMAN	P04004	VTNC_HUMAN	VTN	Vitronectin		tr|F5GX75|F5GX75_HUMAN	30753	0	0	0	0	0	0
240419_ES_R00006_MG_c00001_SA_NPB_3_i2.30792.30792.3	D:\SHARE\Tim\25-12-03_GD_Dataset\GD_dataset\NPB_3_i2\interact.pep.xml	NGSLFAFR	N[1987]GSLFAFR	FDAFTDLK.NGSLFAFR.GQYCYELD	K	G	8	3	2894.6729	2783.122	2783.1174	928.7146	928.7131	2783.1165	928.7127	9.00E-04	9.80E-05	22.535	0	1	0	2	0	169	176	866396860	1N(1872.6504)	NA	HexNAc(3)Hex(6)NeuAc(1) % 1872.6505	6.89	0	nGSLFAFR	N(22.54)G(0.00)S(0.00)L(0.00)F(0.00)A(0.00)F(0.00)R(0.00)	N1	1	N(11.53)G(0.00)S(0.00)L(0.00)F(0.00)A(0.00)F(0.00)R(0.00)	N(0)G(0)S(0)L(0)F(0)A(0)F(0)R(0)	22.5358	5	0	0	22.5358	5	11.529244	0	0	0	0	FALSE	FALSE	TRUE	sp|P04004|VTNC_HUMAN	P04004	VTNC_HUMAN	VTN	Vitronectin			30753	2909.311	30981	2886.1672	3000.195	25.019001	60
240419_ES_R00006_MG_c00001_SA_NPB_3_i2.30793.30793.4	D:\SHARE\Tim\25-12-03_GD_Dataset\GD_dataset\NPB_3_i2\interact.pep.xml	NNATVHEQVGGPSLTSDLQAQSK	NN[2465]ATVHEQVGGPSLTSDLQAQSK	VYDDGEEK.NNATVHEQVGGPSLTSDLQAQSK.GNPEQTPV	K	G	23	4	2894.7415	4732.018	4731.992	1184.0118	1184.0053	4730.9922	1183.7554	1	1.00E-14	34.537	8.691	1	0	2	0	85	107	0	2N(2350.8303)	NA	HexNAc(4)Hex(5)Fuc(1)NeuAc(2) % 2350.8303	5.14	0	NnATVHEQVGGPSLTSDLQAQSK	N(0.00)N(33.39)A(0.00)T(0.00)V(0.00)H(0.00)E(0.00)Q(0.00)V(0.00)G(0.00)G(0.00)P(0.00)S(0.00)L(0.00)T(0.00)S(0.00)D(0.00)L(0.00)Q(0.00)A(0.00)Q(0.00)S(0.00)K(0.00)	N2	1	N(0.00)N(14.45)A(0.00)T(0.00)V(0.00)H(0.00)E(0.00)Q(0.00)V(0.00)G(0.00)G(0.00)P(0.00)S(0.00)L(0.00)T(0.00)S(0.00)D(0.00)L(0.00)Q(0.00)A(0.00)Q(0.00)S(0.00)K(0.00)	N(0)N(2)A(0)T(0)V(0)H(0)E(0)Q(0)V(0)G(0)G(0)P(0)S(0)L(0)T(0)S(0)D(0)L(0)Q(0)A(0)Q(0)S(0)K(0)	33.390022	10	0	0	34.537613	11	14.451893	2	0	0	0	FALSE	FALSE	FALSE	sp|P04004|VTNC_HUMAN	P04004	VTNC_HUMAN	VTN	Vitronectin		tr|F5GX75|F5GX75_HUMAN	30753	0	0	0	0	0	0
240419_ES_R00006_MG_c00001_SA_NPB_3_i2.30806.30806.2	D:\SHARE\Tim\25-12-03_GD_Dataset\GD_dataset\NPB_3_i2\interact.pep.xml	NGSLFAFR	N[2028]GSLFAFR	FDAFTDLK.NGSLFAFR.GQYCYELD	K	G	8	2	2895.6523	2824.148	2824.1448	1413.0813	1413.0797	2824.1431	1413.0789	0.0017	6.93E-05	23.136	0	1	0	2	0	169	176	2075860990	1N(1913.6770)	NA	HexNAc(4)Hex(5)NeuAc(1) % 1913.6770	4.76	0	nGSLFAFR	N(22.90)G(0.00)S(0.00)L(0.00)F(0.00)A(0.00)F(0.00)R(0.00)	N1	1	N(10.03)G(0.00)S(0.00)L(0.00)F(0.00)A(0.00)F(0.00)R(0.00)	N(0)G(0)S(0)L(0)F(0)A(0)F(0)R(0)	22.895945	6	0	0	23.136536	7	10.029905	0	0	0	0	FALSE	FALSE	TRUE	sp|P04004|VTNC_HUMAN	P04004	VTNC_HUMAN	VTN	Vitronectin			30783	2920.311	31112	2886.1672	3008.9631	18.254002	60
240419_ES_R00006_MG_c00001_SA_NPB_3_i2.30855.30855.3	D:\SHARE\Tim\25-12-03_GD_Dataset\GD_dataset\NPB_3_i2\interact.pep.xml	NNATVHEQVGGPSLTSDLQAQSK	NN[2319]ATVHEQVGGPSLTSDLQAQSK	VYDDGEEK.NNATVHEQVGGPSLTSDLQAQSK.GNPEQTPV	K	G	23	3	2899.5002	4584.9414	4584.94	1529.3211	1529.3206	4584.9346	1529.3188	0.0056	1.81E-07	34.518	6.86	1	0	2	0	85	107	37052424	2N(2204.7725)	NA	HexNAc(4)Hex(5)NeuAc(2) % 2204.7724	4.46	0	NnATVHEQVGGPSLTSDLQAQSK	N(0.00)N(34.52)A(0.00)T(0.00)V(0.00)H(0.00)E(0.00)Q(0.00)V(0.00)G(0.00)G(0.00)P(0.00)S(0.00)L(0.00)T(0.00)S(0.00)D(0.00)L(0.00)Q(0.00)A(0.00)Q(0.00)S(0.00)K(0.00)	N2	1	N(0.00)N(9.28)A(0.00)T(0.00)V(0.00)H(0.00)E(0.00)Q(0.00)V(0.00)G(0.00)G(0.00)P(0.00)S(0.00)L(0.00)T(0.00)S(0.00)D(0.00)L(0.00)Q(0.00)A(0.00)Q(0.00)S(0.00)K(0.00)	N(0)N(2)A(0)T(0)V(0)H(0)E(0)Q(0)V(0)G(0)G(0)P(0)S(0)L(0)T(0)S(0)D(0)L(0)Q(0)A(0)Q(0)S(0)K(0)	34.518906	13	0	0	33.12435	12	9.277201	2	0	0	0	FALSE	FALSE	FALSE	sp|P04004|VTNC_HUMAN	P04004	VTNC_HUMAN	VTN	Vitronectin		tr|F5GX75|F5GX75_HUMAN	30829	2902.301	30890	2461.559	2914.384	35.525	214
240419_ES_R00006_MG_c00001_SA_NPB_3_i2.30858.30858.2	D:\SHARE\Tim\25-12-03_GD_Dataset\GD_dataset\NPB_3_i2\interact.pep.xml	NGSLFAFR	N[1987]GSLFAFR	FDAFTDLK.NGSLFAFR.GQYCYELD	K	G	8	2	2899.7048	2783.1213	2783.1187	1392.5679	1392.5666	2783.1165	1392.5656	0.0021	8.45E-05	22.793	0	1	0	2	0	169	176	174233536	1N(1872.6504)	NA	HexNAc(3)Hex(6)NeuAc(1) % 1872.6505	7.25	0	nGSLFAFR	N(22.79)G(0.00)S(0.00)L(0.00)F(0.00)A(0.00)F(0.00)R(0.00)	N1	1	N(9.96)G(0.00)S(0.00)L(0.00)F(0.00)A(0.00)F(0.00)R(0.00)	N(0)G(0)S(0)L(0)F(0)A(0)F(0)R(0)	22.793928	6	0	0	22.793928	6	9.957902	0	0	0	0	FALSE	FALSE	TRUE	sp|P04004|VTNC_HUMAN	P04004	VTNC_HUMAN	VTN	Vitronectin			30829	2909.311	30981	2895.6372	2958.926	20.93	35
240419_ES_R00006_MG_c00001_SA_NPB_3_i2.30859.30859.4	D:\SHARE\Tim\25-12-03_GD_Dataset\GD_dataset\NPB_3_i2\interact.pep.xml	NGSLFAFR	N[2028]GSLFAFR	FDAFTDLK.NGSLFAFR.GQYCYELD	K	G	8	4	2899.7734	2824.1494	2824.1467	707.0446	707.044	2824.1431	707.043	0.0035	5.77E-05	23.456	0	1	0	2	0	169	176	45684048	1N(1913.6770)	NA	HexNAc(4)Hex(5)NeuAc(1) % 1913.6770	2.8	0	nGSLFAFR	N(22.81)G(0.00)S(0.00)L(0.00)F(0.00)A(0.00)F(0.00)R(0.00)	N1	1	N(9.82)G(0.00)S(0.00)L(0.00)F(0.00)A(0.00)F(0.00)R(0.00)	N(0)G(0)S(0)L(0)F(0)A(0)F(0)R(0)	22.810373	6	0	0	23.456429	7	9.823971	0	0	0	0	FALSE	FALSE	TRUE	sp|P04004|VTNC_HUMAN	P04004	VTNC_HUMAN	VTN	Vitronectin			30829	2913.2751	31028	2893.9802	2930.3901	16.01	24
240419_ES_R00006_MG_c00001_SA_NPB_3_i2.30897.30897.2	D:\SHARE\Tim\25-12-03_GD_Dataset\GD_dataset\NPB_3_i2\interact.pep.xml	NGSLFAFR	N[1737]GSLFAFR	FDAFTDLK.NGSLFAFR.GQYCYELD	K	G	8	2	2902.8518	2533.0398	2533.0474	1267.5272	1267.531	2533.0476	1267.5311	-2.00E-04	2.86E-05	24.672	0	1	0	2	0	169	176	55244600	1N(1622.5815)	NA	HexNAc(4)Hex(5) % 1622.5816	6.07	0	nGSLFAFR	N(22.95)G(0.00)S(0.00)L(0.00)F(0.00)A(0.00)F(0.00)R(0.00)	N1	1	N(10.08)G(0.00)S(0.00)L(0.00)F(0.00)A(0.00)F(0.00)R(0.00)	N(0)G(0)S(0)L(0)F(0)A(0)F(0)R(0)	22.954046	6	0	0	24.67216	8	10.08272	0	0	0	0	FALSE	FALSE	TRUE	sp|P04004|VTNC_HUMAN	P04004	VTNC_HUMAN	VTN	Vitronectin			30851	2913.2751	31028	2893.9802	2944.977	17.460001	28
240419_ES_R00006_MG_c00001_SA_NPB_3_i2.30947.30947.3	D:\SHARE\Tim\25-12-03_GD_Dataset\GD_dataset\NPB_3_i2\interact.pep.xml	NGSLFAFR	N[1737]GSLFAFR	FDAFTDLK.NGSLFAFR.GQYCYELD	K	G	8	3	2906.738	2533.057	2533.0483	845.3596	845.3567	2533.0476	845.3564	6.00E-04	3.42E-06	28.363	0	1	0	2	0	169	176	9871358	1N(1622.5815)	NA	HexNAc(4)Hex(5) % 1622.5816	5.08	0	nGSLFAFR	N(28.24)G(0.00)S(0.00)L(0.00)F(0.00)A(0.00)F(0.00)R(0.00)	N1	1	N(12.19)G(0.00)S(0.00)L(0.00)F(0.00)A(0.00)F(0.00)R(0.00)	N(0)G(0)S(0)L(0)F(0)A(0)F(0)R(0)	28.242771	7	0	0	28.363216	8	12.191883	0	0	0	0	FALSE	FALSE	TRUE	sp|P04004|VTNC_HUMAN	P04004	VTNC_HUMAN	VTN	Vitronectin			30890	2914.384	31042	2893.9802	2930.3901	10.187	14
240419_ES_R00006_MG_c00001_SA_NPB_3_i2.30967.30967.5	D:\SHARE\Tim\25-12-03_GD_Dataset\GD_dataset\NPB_3_i2\interact.pep.xml	NNATVHEQVGGPSLTSDLQAQSK	NN[2975]ATVHEQVGGPSLTSDLQAQSK	VYDDGEEK.NNATVHEQVGGPSLTSDLQAQSK.GNPEQTPV	K	G	23	5	2908.2693	5241.179	5241.16	1049.2431	1049.2393	5241.1621	1049.2397	-0.0017	1.28E-07	35.072	0	1	0	2	0	85	107	49837392	2N(2861.0000)	NA	HexNAc(5)Hex(6)NeuAc(3) % 2861.0000	7.12	0	NnATVHEQVGGPSLTSDLQAQSK	N(0.00)N(35.07)A(0.00)T(0.00)V(0.00)H(0.00)E(0.00)Q(0.00)V(0.00)G(0.00)G(0.00)P(0.00)S(0.00)L(0.00)T(0.00)S(0.00)D(0.00)L(0.00)Q(0.00)A(0.00)Q(0.00)S(0.00)K(0.00)	N2	1	N(0.00)N(11.69)A(0.00)T(0.00)V(0.00)H(0.00)E(0.00)Q(0.00)V(0.00)G(0.00)G(0.00)P(0.00)S(0.00)L(0.00)T(0.00)S(0.00)D(0.00)L(0.00)Q(0.00)A(0.00)Q(0.00)S(0.00)K(0.00)	N(0)N(1)A(0)T(0)V(0)H(0)E(0)Q(0)V(0)G(0)G(0)P(0)S(0)L(0)T(0)S(0)D(0)L(0)Q(0)A(0)Q(0)S(0)K(0)	35.07262	11	0	0	33.52166	10	11.687426	1	0	0	0	FALSE	FALSE	FALSE	sp|P04004|VTNC_HUMAN	P04004	VTNC_HUMAN	VTN	Vitronectin		tr|F5GX75|F5GX75_HUMAN	30926	2899.154	30851	2795.9492	3111.089	28.917002	140
240419_ES_R00006_MG_c00001_SA_NPB_3_i2.30968.30968.3	D:\SHARE\Tim\25-12-03_GD_Dataset\GD_dataset\NPB_3_i2\interact.pep.xml	NNATVHEQVGGPSLTSDLQAQSK	NN[2975]ATVHEQVGGPSLTSDLQAQSK	VYDDGEEK.NNATVHEQVGGPSLTSDLQAQSK.GNPEQTPV	K	G	23	3	2908.3376	5242.1836	5242.17	1748.4018	1748.3973	5241.1621	1748.0614	1.0081	1.58E-07	35.71	0	1	0	2	0	85	107	0	2N(2861.0000)	NA	HexNAc(5)Hex(6)NeuAc(3) % 2861.0000	4.14	0	NnATVHEQVGGPSLTSDLQAQSK	N(0.00)N(32.51)A(0.00)T(0.00)V(0.00)H(0.00)E(0.00)Q(0.00)V(0.00)G(0.00)G(0.00)P(0.00)S(0.00)L(0.00)T(0.00)S(0.00)D(0.00)L(0.00)Q(0.00)A(0.00)Q(0.00)S(0.00)K(0.00)	N2	1	N(0.00)N(11.72)A(0.00)T(0.00)V(0.00)H(0.00)E(0.00)Q(0.00)V(0.00)G(0.00)G(0.00)P(0.00)S(0.00)L(0.00)T(0.00)S(0.00)D(0.00)L(0.00)Q(0.00)A(0.00)Q(0.00)S(0.00)K(0.00)	N(0)N(1)A(0)T(0)V(0)H(0)E(0)Q(0)V(0)G(0)G(0)P(0)S(0)L(0)T(0)S(0)D(0)L(0)Q(0)A(0)Q(0)S(0)K(0)	32.50999	10	0	0	35.71011	12	11.718203	1	0	0	0	FALSE	FALSE	FALSE	sp|P04004|VTNC_HUMAN	P04004	VTNC_HUMAN	VTN	Vitronectin		tr|F5GX75|F5GX75_HUMAN	30926	0	0	0	0	0	0
240419_ES_R00006_MG_c00001_SA_NPB_3_i2.31001.31001.4	D:\SHARE\Tim\25-12-03_GD_Dataset\GD_dataset\NPB_3_i2\interact.pep.xml	NNATVHEQVGGPSLTSDLQAQSK	NN[3121]ATVHEQVGGPSLTSDLQAQSK	VYDDGEEK.NNATVHEQVGGPSLTSDLQAQSK.GNPEQTPV	K	G	23	4	2910.936	5387.2305	5387.2246	1347.8149	1347.8134	5387.2197	1347.8123	0.0049	9.50E-11	47.589	0	1	0	2	0	85	107	158893760	2N(3007.0579)	NA	HexNAc(5)Hex(6)Fuc(1)NeuAc(3) % 3007.0579	5.29	0	NnATVHEQVGGPSLTSDLQAQSK	N(0.00)N(47.59)A(0.00)T(0.00)V(0.00)H(0.00)E(0.00)Q(0.00)V(0.00)G(0.00)G(0.00)P(0.00)S(0.00)L(0.00)T(0.00)S(0.00)D(0.00)L(0.00)Q(0.00)A(0.00)Q(0.00)S(0.00)K(0.00)	N2	1	N(0.00)N(12.61)A(0.00)T(0.00)V(0.00)H(0.00)E(0.00)Q(0.00)V(0.00)G(0.00)G(0.00)P(0.00)S(0.00)L(0.00)T(0.00)S(0.00)D(0.00)L(0.00)Q(0.00)A(0.00)Q(0.00)S(0.00)K(0.00)	N(0)N(2)A(0)T(0)V(0)H(0)E(0)Q(0)V(0)G(0)G(0)P(0)S(0)L(0)T(0)S(0)D(0)L(0)Q(0)A(0)Q(0)S(0)K(0)	47.58902	16	0	0	45.022533	14	12.610353	2	0	0	0	FALSE	FALSE	FALSE	sp|P04004|VTNC_HUMAN	P04004	VTNC_HUMAN	VTN	Vitronectin		tr|F5GX75|F5GX75_HUMAN	30981	2899.154	30851	2730.8232	3344.0652	38.428	270
240419_ES_R00006_MG_c00001_SA_NPB_3_i2.31014.31014.2	D:\SHARE\Tim\25-12-03_GD_Dataset\GD_dataset\NPB_3_i2\interact.pep.xml	NGSLFAFR	N[1737]GSLFAFR	FDAFTDLK.NGSLFAFR.GQYCYELD	K	G	8	2	2911.86	2533.054	2533.0479	1267.5343	1267.5312	2533.0476	1267.5311	1.00E-04	8.00E-05	22.887	0	1	0	2	0	169	176	55244600	1N(1622.5815)	NA	HexNAc(4)Hex(5) % 1622.5816	7.22	0	nGSLFAFR	N(22.89)G(0.00)S(0.00)L(0.00)F(0.00)A(0.00)F(0.00)R(0.00)	N1	1	N(10.05)G(0.00)S(0.00)L(0.00)F(0.00)A(0.00)F(0.00)R(0.00)	N(0)G(0)S(0)L(0)F(0)A(0)F(0)R(0)	22.88778	6	0	0	22.88778	6	10.050648	0	0	0	0	FALSE	FALSE	TRUE	sp|P04004|VTNC_HUMAN	P04004	VTNC_HUMAN	VTN	Vitronectin			30998	2913.2751	31028	2891.7393	2944.977	17.460001	28
240419_ES_R00006_MG_c00001_SA_NPB_3_i2.31027.31027.3	D:\SHARE\Tim\25-12-03_GD_Dataset\GD_dataset\NPB_3_i2\interact.pep.xml	NGSLFAFR	N[1737]GSLFAFR	FDAFTDLK.NGSLFAFR.GQYCYELD	K	G	8	3	2913.1206	2533.051	2533.048	845.3576	845.3566	2533.0476	845.3564	5.00E-04	0.000118987	23.198	0	1	0	2	0	169	176	18408828	1N(1622.5815)	NA	HexNAc(4)Hex(5) % 1622.5816	5.33	0	nGSLFAFR	N(23.20)G(0.00)S(0.00)L(0.00)F(0.00)A(0.00)F(0.00)R(0.00)	N1	1	N(12.21)G(0.00)S(0.00)L(0.00)F(0.00)A(0.00)F(0.00)R(0.00)	N(0)G(0)S(0)L(0)F(0)A(0)F(0)R(0)	23.198296	5	0	0	23.198296	5	12.209158	0	0	0	0	FALSE	FALSE	TRUE	sp|P04004|VTNC_HUMAN	P04004	VTNC_HUMAN	VTN	Vitronectin			30998	2913.2751	31028	2893.9802	2930.3901	10.187	14
240419_ES_R00006_MG_c00001_SA_NPB_3_i2.31053.31053.4	D:\SHARE\Tim\25-12-03_GD_Dataset\GD_dataset\NPB_3_i2\interact.pep.xml	NNATVHEQVGGPSLTSDLQAQSK	NN[3121]ATVHEQVGGPSLTSDLQAQSK	VYDDGEEK.NNATVHEQVGGPSLTSDLQAQSK.GNPEQTPV	K	G	23	4	2915.3738	5387.2397	5387.224	1347.8172	1347.8133	5387.2197	1347.8123	0.0044	0	49.268	15.095	1	0	2	0	85	107	160763680	2N(3007.0579)	NA	HexNAc(5)Hex(6)Fuc(1)NeuAc(3) % 3007.0579	4.95	0	NnATVHEQVGGPSLTSDLQAQSK	N(0.00)N(49.27)A(0.00)T(0.00)V(0.00)H(0.00)E(0.00)Q(0.00)V(0.00)G(0.00)G(0.00)P(0.00)S(0.00)L(0.00)T(0.00)S(0.00)D(0.00)L(0.00)Q(0.00)A(0.00)Q(0.00)S(0.00)K(0.00)	N2	1	N(0.00)N(16.10)A(0.00)T(0.00)V(0.00)H(0.00)E(0.00)Q(0.00)V(0.00)G(0.00)G(0.00)P(0.00)S(0.00)L(0.00)T(0.00)S(0.00)D(0.00)L(0.00)Q(0.00)A(0.00)Q(0.00)S(0.00)K(0.00)	N(0)N(3)A(0)T(0)V(0)H(0)E(0)Q(0)V(0)G(0)G(0)P(0)S(0)L(0)T(0)S(0)D(0)L(0)Q(0)A(0)Q(0)S(0)K(0)	49.268505	16	0	0	46.480995	14	16.104326	3	0	0	0	FALSE	FALSE	FALSE	sp|P04004|VTNC_HUMAN	P04004	VTNC_HUMAN	VTN	Vitronectin		tr|F5GX75|F5GX75_HUMAN	31042	2897.465	30829	2719.943	3272.3882	38.428	239
240419_ES_R00006_MG_c00001_SA_NPB_3_i2.31087.31087.3	D:\SHARE\Tim\25-12-03_GD_Dataset\GD_dataset\NPB_3_i2\interact.pep.xml	NGSLFAFR	N[2028]GSLFAFR	FDAFTDLK.NGSLFAFR.GQYCYELD	K	G	8	3	2917.8948	2824.1477	2824.1443	942.3898	942.3887	2824.1431	942.3882	0.0012	2.77E-05	24.731	0	1	0	2	0	169	176	9526788100	1N(1913.6770)	NA	HexNAc(4)Hex(5)NeuAc(1) % 1913.6770	5.05	0	nGSLFAFR	N(23.25)G(0.00)S(0.00)L(0.00)F(0.00)A(0.00)F(0.00)R(0.00)	N1	1	N(10.47)G(0.00)S(0.00)L(0.00)F(0.00)A(0.00)F(0.00)R(0.00)	N(0)G(0)S(0)L(0)F(0)A(0)F(0)R(0)	23.246609	6	0	0	24.73139	8	10.466913	0	0	0	0	FALSE	FALSE	TRUE	sp|P04004|VTNC_HUMAN	P04004	VTNC_HUMAN	VTN	Vitronectin			31070	2917.8752	31086	2879.1292	3251.37	25.019001	164
240419_ES_R00006_MG_c00001_SA_NPB_3_i2.31096.31096.3	D:\SHARE\Tim\25-12-03_GD_Dataset\GD_dataset\NPB_3_i2\interact.pep.xml	NNATVHEQVGGPSLTSDLQAQSK	NN[2319]ATVHEQVGGPSLTSDLQAQSK	VYDDGEEK.NNATVHEQVGGPSLTSDLQAQSK.GNPEQTPV	K	G	23	3	2918.6301	4585.9414	4585.9404	1529.6544	1529.6541	4584.9346	1529.3188	1.0061	2.16E-09	42.159	7.907	1	0	2	0	85	107	30004296	2N(2204.7725)	NA	HexNAc(4)Hex(5)NeuAc(2) % 2204.7724	4.77	0	NnATVHEQVGGPSLTSDLQAQSK	N(0.00)N(39.16)A(0.00)T(0.00)V(0.00)H(0.00)E(0.00)Q(0.00)V(0.00)G(0.00)G(0.00)P(0.00)S(0.00)L(0.00)T(0.00)S(0.00)D(0.00)L(0.00)Q(0.00)A(0.00)Q(0.00)S(0.00)K(0.00)	N2	1	N(0.00)N(11.84)A(0.00)T(0.00)V(0.00)H(0.00)E(0.00)Q(0.00)V(0.00)G(0.00)G(0.00)P(0.00)S(0.00)L(0.00)T(0.00)S(0.00)D(0.00)L(0.00)Q(0.00)A(0.00)Q(0.00)S(0.00)K(0.00)	N(0)N(0)A(0)T(0)V(0)H(0)E(0)Q(0)V(0)G(0)G(0)P(0)S(0)L(0)T(0)S(0)D(0)L(0)Q(0)A(0)Q(0)S(0)K(0)	39.156395	11	0	0	42.1595	13	11.83954	0	0	0	0	FALSE	FALSE	FALSE	sp|P04004|VTNC_HUMAN	P04004	VTNC_HUMAN	VTN	Vitronectin		tr|F5GX75|F5GX75_HUMAN	31070	2921.153	31122	2913.2751	3355.1062	15.092001	193
240419_ES_R00006_MG_c00001_SA_NPB_3_i2.31163.31163.5	D:\SHARE\Tim\25-12-03_GD_Dataset\GD_dataset\NPB_3_i2\interact.pep.xml	NNATVHEQVGGPSLTSDLQAQSK	NN[3121]ATVHEQVGGPSLTSDLQAQSK	VYDDGEEK.NNATVHEQVGGPSLTSDLQAQSK.GNPEQTPV	K	G	23	5	2924.4893	5387.2305	5387.141	1078.4534	1078.4355	5387.2197	1078.4513	-0.0786	5.46E-07	19.581	6.147	1	0	2	0	85	107	0	2N(3007.0579)	NA	HexNAc(5)Hex(6)Fuc(1)NeuAc(3) % 3007.0579	-0.53	0	NnATVHEQVGGPSLTSDLQAQSK	N(0.00)N(19.58)A(0.00)T(0.00)V(0.00)H(0.00)E(0.00)Q(0.00)V(0.00)G(0.00)G(0.00)P(0.00)S(0.00)L(0.00)T(0.00)S(0.00)D(0.00)L(0.00)Q(0.00)A(0.00)Q(0.00)S(0.00)K(0.00)	N2	1	N(0.00)N(7.22)A(0.00)T(0.00)V(0.00)H(0.00)E(0.00)Q(0.00)V(0.00)G(0.00)G(0.00)P(0.00)S(0.00)L(0.00)T(0.00)S(0.00)D(0.00)L(0.00)Q(0.00)A(0.00)Q(0.00)S(0.00)K(0.00)	N(0)N(1)A(0)T(0)V(0)H(0)E(0)Q(0)V(0)G(0)G(0)P(0)S(0)L(0)T(0)S(0)D(0)L(0)Q(0)A(0)Q(0)S(0)K(0)	19.5813	7	0	0	19.094563	6	7.2156153	1	0	0	0	FALSE	FALSE	FALSE	sp|P04004|VTNC_HUMAN	P04004	VTNC_HUMAN	VTN	Vitronectin		tr|F5GX75|F5GX75_HUMAN	31148	0	0	0	0	0	0
240419_ES_R00006_MG_c00001_SA_NPB_3_i2.31176.31176.3	D:\SHARE\Tim\25-12-03_GD_Dataset\GD_dataset\NPB_3_i2\interact.pep.xml	NGSLFAFR	N[1825]GSLFAFR	FDAFTDLK.NGSLFAFR.GQYCYELD	K	G	8	3	2925.5286	2621.0586	2621.0652	874.6935	874.6957	2621.0637	874.6951	0.0015	0.00022751	20.072	0	1	0	2	0	169	176	0	1N(1710.5977)	NA	HexNAc(3)Hex(5)NeuAc(1) % 1710.5976	6.13	0	nGSLFAFR	N(20.07)G(0.00)S(0.00)L(0.00)F(0.00)A(0.00)F(0.00)R(0.00)	N1	1	N(9.65)G(0.00)S(0.00)L(0.00)F(0.00)A(0.00)F(0.00)R(0.00)	N(0)G(0)S(0)L(0)F(0)A(0)F(0)R(0)	20.072105	5	0	0	20.072105	5	9.646156	0	0	0	0	FALSE	FALSE	TRUE	sp|P04004|VTNC_HUMAN	P04004	VTNC_HUMAN	VTN	Vitronectin			31157	0	0	0	0	0	0
240419_ES_R00006_MG_c00001_SA_NPB_3_i2.31201.31201.4	D:\SHARE\Tim\25-12-03_GD_Dataset\GD_dataset\NPB_3_i2\interact.pep.xml	NNATVHEQVGGPSLTSDLQAQSK	NN[2028]ATVHEQVGGPSLTSDLQAQSK	VYDDGEEK.NNATVHEQVGGPSLTSDLQAQSK.GNPEQTPV	K	G	23	4	2927.602	4293.845	4293.839	1074.4685	1074.467	4293.8389	1074.467	0	3.39E-08	33.834	15.366	1	0	2	0	85	107	24412592	2N(1913.6770)	NA	HexNAc(4)Hex(5)NeuAc(1) % 1913.6770	8.6	0	NnATVHEQVGGPSLTSDLQAQSK	N(0.00)N(33.83)A(0.00)T(0.00)V(0.00)H(0.00)E(0.00)Q(0.00)V(0.00)G(0.00)G(0.00)P(0.00)S(0.00)L(0.00)T(0.00)S(0.00)D(0.00)L(0.00)Q(0.00)A(0.00)Q(0.00)S(0.00)K(0.00)	N2	1	N(0.00)N(11.59)A(0.00)T(0.00)V(0.00)H(0.00)E(0.00)Q(0.00)V(0.00)G(0.00)G(0.00)P(0.00)S(0.00)L(0.00)T(0.00)S(0.00)D(0.00)L(0.00)Q(0.00)A(0.00)Q(0.00)S(0.00)K(0.00)	N(0)N(2)A(0)T(0)V(0)H(0)E(0)Q(0)V(0)G(0)G(0)P(0)S(0)L(0)T(0)S(0)D(0)L(0)Q(0)A(0)Q(0)S(0)K(0)	33.834835	12	0	0	33.422432	12	11.588259	2	0	0	0	FALSE	FALSE	FALSE	sp|P04004|VTNC_HUMAN	P04004	VTNC_HUMAN	VTN	Vitronectin		tr|F5GX75|F5GX75_HUMAN	31184	2916.6143	31070	2908.06	3131.4932	14.264001	105
240419_ES_R00006_MG_c00001_SA_NPB_3_i2.31212.31212.5	D:\SHARE\Tim\25-12-03_GD_Dataset\GD_dataset\NPB_3_i2\interact.pep.xml	NNATVHEQVGGPSLTSDLQAQSK	NN[2975]ATVHEQVGGPSLTSDLQAQSK	VYDDGEEK.NNATVHEQVGGPSLTSDLQAQSK.GNPEQTPV	K	G	23	5	2928.4526	5241.1665	5241.1616	1049.2406	1049.2396	5241.1621	1049.2397	-2.00E-04	2.62E-10	45.829	0	1	0	2	0	85	107	0	2N(2861.0000)	NA	HexNAc(5)Hex(6)NeuAc(3) % 2861.0000	9	0	NnATVHEQVGGPSLTSDLQAQSK	N(0.00)N(45.83)A(0.00)T(0.00)V(0.00)H(0.00)E(0.00)Q(0.00)V(0.00)G(0.00)G(0.00)P(0.00)S(0.00)L(0.00)T(0.00)S(0.00)D(0.00)L(0.00)Q(0.00)A(0.00)Q(0.00)S(0.00)K(0.00)	N2	1	N(0.00)N(13.87)A(0.00)T(0.00)V(0.00)H(0.00)E(0.00)Q(0.00)V(0.00)G(0.00)G(0.00)P(0.00)S(0.00)L(0.00)T(0.00)S(0.00)D(0.00)L(0.00)Q(0.00)A(0.00)Q(0.00)S(0.00)K(0.00)	N(0)N(3)A(0)T(0)V(0)H(0)E(0)Q(0)V(0)G(0)G(0)P(0)S(0)L(0)T(0)S(0)D(0)L(0)Q(0)A(0)Q(0)S(0)K(0)	45.82934	16	0	0	44.10296	15	13.867917	3	0	0	0	FALSE	FALSE	FALSE	sp|P04004|VTNC_HUMAN	P04004	VTNC_HUMAN	VTN	Vitronectin		tr|F5GX75|F5GX75_HUMAN	31198	0	0	0	0	0	0
240419_ES_R00006_MG_c00001_SA_NPB_3_i2.31218.31218.3	D:\SHARE\Tim\25-12-03_GD_Dataset\GD_dataset\NPB_3_i2\interact.pep.xml	NNATVHEQVGGPSLTSDLQAQSK	NN[2028]ATVHEQVGGPSLTSDLQAQSK	VYDDGEEK.NNATVHEQVGGPSLTSDLQAQSK.GNPEQTPV	K	G	23	3	2928.9883	4294.846	4294.8423	1432.6226	1432.6214	4293.8389	1432.287	1.0034	0.000126425	31.814	8.656	1	0	2	0	85	107	0	2N(1913.6770)	NA	HexNAc(4)Hex(5)NeuAc(1) % 1913.6770	5.47	0	NnATVHEQVGGPSLTSDLQAQSK	N(0.00)N(31.81)A(0.00)T(0.00)V(0.00)H(0.00)E(0.00)Q(0.00)V(0.00)G(0.00)G(0.00)P(0.00)S(0.00)L(0.00)T(0.00)S(0.00)D(0.00)L(0.00)Q(0.00)A(0.00)Q(0.00)S(0.00)K(0.00)	N2	1	N(0.00)N(12.93)A(0.00)T(0.00)V(0.00)H(0.00)E(0.00)Q(0.00)V(0.00)G(0.00)G(0.00)P(0.00)S(0.00)L(0.00)T(0.00)S(0.00)D(0.00)L(0.00)Q(0.00)A(0.00)Q(0.00)S(0.00)K(0.00)	N(0)N(1)A(0)T(0)V(0)H(0)E(0)Q(0)V(0)G(0)G(0)P(0)S(0)L(0)T(0)S(0)D(0)L(0)Q(0)A(0)Q(0)S(0)K(0)	31.814732	9	0	0	31.735321	9	12.933594	1	0	0	0	FALSE	FALSE	FALSE	sp|P04004|VTNC_HUMAN	P04004	VTNC_HUMAN	VTN	Vitronectin		tr|F5GX75|F5GX75_HUMAN	31198	0	0	0	0	0	0
240419_ES_R00006_MG_c00001_SA_NPB_3_i2.31236.31236.4	D:\SHARE\Tim\25-12-03_GD_Dataset\GD_dataset\NPB_3_i2\interact.pep.xml	NNATVHEQVGGPSLTSDLQAQSK	NN[2975]ATVHEQVGGPSLTSDLQAQSK	VYDDGEEK.NNATVHEQVGGPSLTSDLQAQSK.GNPEQTPV	K	G	23	4	2930.4048	5241.1646	5241.165	1311.2984	1311.2985	5241.1621	1311.2979	0.0032	8.01E-10	35.636	0	1	0	2	0	85	107	0	2N(2861.0000)	NA	HexNAc(5)Hex(6)NeuAc(3) % 2861.0000	7.83	0	NnATVHEQVGGPSLTSDLQAQSK	N(0.00)N(34.21)A(0.00)T(0.00)V(0.00)H(0.00)E(0.00)Q(0.00)V(0.00)G(0.00)G(0.00)P(0.00)S(0.00)L(0.00)T(0.00)S(0.00)D(0.00)L(0.00)Q(0.00)A(0.00)Q(0.00)S(0.00)K(0.00)	N2	1	N(0.00)N(12.56)A(0.00)T(0.00)V(0.00)H(0.00)E(0.00)Q(0.00)V(0.00)G(0.00)G(0.00)P(0.00)S(0.00)L(0.00)T(0.00)S(0.00)D(0.00)L(0.00)Q(0.00)A(0.00)Q(0.00)S(0.00)K(0.00)	N(0)N(1)A(0)T(0)V(0)H(0)E(0)Q(0)V(0)G(0)G(0)P(0)S(0)L(0)T(0)S(0)D(0)L(0)Q(0)A(0)Q(0)S(0)K(0)	34.205112	10	0	0	35.636574	11	12.564859	1	0	0	0	FALSE	FALSE	FALSE	sp|P04004|VTNC_HUMAN	P04004	VTNC_HUMAN	VTN	Vitronectin		tr|F5GX75|F5GX75_HUMAN	31224	0	0	0	0	0	0
240419_ES_R00006_MG_c00001_SA_NPB_3_i2.31237.31237.4	D:\SHARE\Tim\25-12-03_GD_Dataset\GD_dataset\NPB_3_i2\interact.pep.xml	NNATVHEQVGGPSLTSDLQAQSK	NN[2028]ATVHEQVGGPSLTSDLQAQSK	VYDDGEEK.NNATVHEQVGGPSLTSDLQAQSK.GNPEQTPV	K	G	23	4	2930.599	4294.858	4294.8506	1074.7218	1074.7199	4293.8389	1074.467	1.0117	5.11E-09	44.786	15.844	1	0	2	0	85	107	31426540	2N(1913.6770)	NA	HexNAc(4)Hex(5)NeuAc(1) % 1913.6770	2.99	0	NnATVHEQVGGPSLTSDLQAQSK	N(0.00)N(39.38)A(0.00)T(0.00)V(0.00)H(0.00)E(0.00)Q(0.00)V(0.00)G(0.00)G(0.00)P(0.00)S(0.00)L(0.00)T(0.00)S(0.00)D(0.00)L(0.00)Q(0.00)A(0.00)Q(0.00)S(0.00)K(0.00)	N2	1	N(0.00)N(12.26)A(0.00)T(0.00)V(0.00)H(0.00)E(0.00)Q(0.00)V(0.00)G(0.00)G(0.00)P(0.00)S(0.00)L(0.00)T(0.00)S(0.00)D(0.00)L(0.00)Q(0.00)A(0.00)Q(0.00)S(0.00)K(0.00)	N(0)N(0)A(0)T(0)V(0)H(0)E(0)Q(0)V(0)G(0)G(0)P(0)S(0)L(0)T(0)S(0)D(0)L(0)Q(0)A(0)Q(0)S(0)K(0)	39.3839	11	0	0	44.786797	15	12.264704	0	0	0	0	FALSE	FALSE	FALSE	sp|P04004|VTNC_HUMAN	P04004	VTNC_HUMAN	VTN	Vitronectin		tr|F5GX75|F5GX75_HUMAN	31224	2911.8452	31013	2908.06	3133.1711	14.264001	106
240419_ES_R00006_MG_c00001_SA_NPB_3_i2.31286.31286.2	D:\SHARE\Tim\25-12-03_GD_Dataset\GD_dataset\NPB_3_i2\interact.pep.xml	NGSLFAFR	N[1825]GSLFAFR	FDAFTDLK.NGSLFAFR.GQYCYELD	K	G	8	2	2934.2065	2621.0708	2621.0776	1311.5427	1311.5461	2621.0637	1311.5392	0.0138	0.004528975	15.876	0	0.9812	0.000230947	2	0	169	176	1494768130	1N(1710.5977)	NA	HexNAc(3)Hex(5)NeuAc(1) % 1710.5976	5.49	0	nGSLFAFR	N(15.88)G(0.00)S(0.00)L(0.00)F(0.00)A(0.00)F(0.00)R(0.00)	N1	1	N(9.99)G(0.00)S(0.00)L(0.00)F(0.00)A(0.00)F(0.00)R(0.00)	N(0)G(0)S(0)L(0)F(0)A(0)F(0)R(0)	15.876674	3	0	0	15.876674	3	9.991053	0	0	0	0	FALSE	FALSE	TRUE	sp|P04004|VTNC_HUMAN	P04004	VTNC_HUMAN	VTN	Vitronectin			31262	2949.227	31487	2919.3252	3054.2441	22.405	59
240419_ES_R00006_MG_c00001_SA_NPB_3_i2.31288.31288.3	D:\SHARE\Tim\25-12-03_GD_Dataset\GD_dataset\NPB_3_i2\interact.pep.xml	NFTENDLLVR	N[2028]FTENDLLVR	LLYPPWDK.NFTENDLLVR.IGKHSRTR	K	I	10	3	2934.4692	3133.3032	3133.297	1045.4417	1045.4396	3133.2966	1045.4395	4.00E-04	2.59E-06	33.847	9.299	1	0	2	0	416	425	34889168	1N(1913.6770)	NA	HexNAc(4)Hex(5)NeuAc(1) % 1913.6770	6.18	0	nFTENDLLVR	N(33.46)F(0.00)T(0.00)E(0.00)N(0.00)D(0.00)L(0.00)L(0.00)V(0.00)R(0.00)	N1	1	N(11.88)F(0.00)T(0.00)E(0.00)N(0.00)D(0.00)L(0.00)L(0.00)V(0.00)R(0.00)	N(0)F(0)T(0)E(0)N(0)D(0)L(0)L(0)V(0)R(0)	33.45863	9	0	0	33.847286	10	11.881163	0	0	0	0	FALSE	FALSE	FALSE	sp|P00734|THRB_HUMAN	P00734	THRB_HUMAN	F2	Prothrombin		tr|E9PIT3|E9PIT3_HUMAN	31262	2934.1912	31285	2857.4602	3021.84	23.172	80
240419_ES_R00006_MG_c00001_SA_NPB_3_i2.31376.31376.3	D:\SHARE\Tim\25-12-03_GD_Dataset\GD_dataset\NPB_3_i2\interact.pep.xml	NNATVHEQVGGPSLTSDLQAQSK	NN[2975]ATVHEQVGGPSLTSDLQAQSK	VYDDGEEK.NNATVHEQVGGPSLTSDLQAQSK.GNPEQTPV	K	G	23	3	2940.9988	5244.1885	5244.173	1749.0701	1749.0649	5241.1621	1748.0614	3.011	0.004928899	17.729	11.14	0.9768	0.000230947	2	0	85	107	0	2N(2861.0000)	NA	HexNAc(5)Hex(6)NeuAc(3) % 2861.0000	2.55	0	NnATVHEQVGGPSLTSDLQAQSK	N(0.00)N(17.73)A(0.00)T(0.00)V(0.00)H(0.00)E(0.00)Q(0.00)V(0.00)G(0.00)G(0.00)P(0.00)S(0.00)L(0.00)T(0.00)S(0.00)D(0.00)L(0.00)Q(0.00)A(0.00)Q(0.00)S(0.00)K(0.00)	N2	1	N(0.00)N(7.52)A(0.00)T(0.00)V(0.00)H(0.00)E(0.00)Q(0.00)V(0.00)G(0.00)G(0.00)P(0.00)S(0.00)L(0.00)T(0.00)S(0.00)D(0.00)L(0.00)Q(0.00)A(0.00)Q(0.00)S(0.00)K(0.00)	N(0)N(0)A(0)T(0)V(0)H(0)E(0)Q(0)V(0)G(0)G(0)P(0)S(0)L(0)T(0)S(0)D(0)L(0)Q(0)A(0)Q(0)S(0)K(0)	17.729336	5	0	0	17.729336	5	7.5224824	0	0	0	0	FALSE	FALSE	FALSE	sp|P04004|VTNC_HUMAN	P04004	VTNC_HUMAN	VTN	Vitronectin		tr|F5GX75|F5GX75_HUMAN	31349	0	0	0	0	0	0
240419_ES_R00006_MG_c00001_SA_NPB_3_i2.31407.31407.4	D:\SHARE\Tim\25-12-03_GD_Dataset\GD_dataset\NPB_3_i2\interact.pep.xml	NNATVHEQVGGPSLTSDLQAQSK	NN[2465]ATVHEQVGGPSLTSDLQAQSK	VYDDGEEK.NNATVHEQVGGPSLTSDLQAQSK.GNPEQTPV	K	G	23	4	2943.3042	4730.994	4730.984	1183.7558	1183.7533	4730.9922	1183.7554	-0.0083	8.72E-07	43.226	15.173	1	0	2	0	85	107	0	2N(2350.8303)	NA	HexNAc(4)Hex(5)Fuc(1)NeuAc(2) % 2350.8303	3.21	0	NnATVHEQVGGPSLTSDLQAQSK	N(0.00)N(42.73)A(0.00)T(0.00)V(0.00)H(0.00)E(0.00)Q(0.00)V(0.00)G(0.00)G(0.00)P(0.00)S(0.00)L(0.00)T(0.00)S(0.00)D(0.00)L(0.00)Q(0.00)A(0.00)Q(0.00)S(0.00)K(0.00)	N2	1	N(0.00)N(12.49)A(0.00)T(0.00)V(0.00)H(0.00)E(0.00)Q(0.00)V(0.00)G(0.00)G(0.00)P(0.00)S(0.00)L(0.00)T(0.00)S(0.00)D(0.00)L(0.00)Q(0.00)A(0.00)Q(0.00)S(0.00)K(0.00)	N(0)N(1)A(0)T(0)V(0)H(0)E(0)Q(0)V(0)G(0)G(0)P(0)S(0)L(0)T(0)S(0)D(0)L(0)Q(0)A(0)Q(0)S(0)K(0)	42.73253	13	0	0	43.22616	13	12.49198	1	0	0	0	FALSE	FALSE	FALSE	sp|P04004|VTNC_HUMAN	P04004	VTNC_HUMAN	VTN	Vitronectin		tr|F5GX75|F5GX75_HUMAN	31371	0	0	0	0	0	0
240419_ES_R00006_MG_c00001_SA_NPB_3_i2.31465.31465.3	D:\SHARE\Tim\25-12-03_GD_Dataset\GD_dataset\NPB_3_i2\interact.pep.xml	NNATVHEQVGGPSLTSDLQAQSK	NN[2028]ATVHEQVGGPSLTSDLQAQSK	VYDDGEEK.NNATVHEQVGGPSLTSDLQAQSK.GNPEQTPV	K	G	23	3	2947.6475	4295.845	4295.857	1432.9556	1432.9596	4293.8389	1432.287	2.0179	1.96E-06	29.128	9.047	1	0	2	0	85	107	14145180	2N(1913.6770)	NA	HexNAc(4)Hex(5)NeuAc(1) % 1913.6770	1.47	0	NnATVHEQVGGPSLTSDLQAQSK	N(0.00)N(27.72)A(0.00)T(0.00)V(0.00)H(0.00)E(0.00)Q(0.00)V(0.00)G(0.00)G(0.00)P(0.00)S(0.00)L(0.00)T(0.00)S(0.00)D(0.00)L(0.00)Q(0.00)A(0.00)Q(0.00)S(0.00)K(0.00)	N2	1	N(0.00)N(9.70)A(0.00)T(0.00)V(0.00)H(0.00)E(0.00)Q(0.00)V(0.00)G(0.00)G(0.00)P(0.00)S(0.00)L(0.00)T(0.00)S(0.00)D(0.00)L(0.00)Q(0.00)A(0.00)Q(0.00)S(0.00)K(0.00)	N(0)N(0)A(0)T(0)V(0)H(0)E(0)Q(0)V(0)G(0)G(0)P(0)S(0)L(0)T(0)S(0)D(0)L(0)Q(0)A(0)Q(0)S(0)K(0)	27.715807	8	0	0	29.128742	9	9.700411	0	0	0	0	FALSE	FALSE	FALSE	sp|P04004|VTNC_HUMAN	P04004	VTNC_HUMAN	VTN	Vitronectin		tr|F5GX75|F5GX75_HUMAN	31430	2944.977	31430	2938.902	2954.3882	13.607	6
240419_ES_R00006_MG_c00001_SA_NPB_3_i2.31488.31488.4	D:\SHARE\Tim\25-12-03_GD_Dataset\GD_dataset\NPB_3_i2\interact.pep.xml	NNATVHEQVGGPSLTSDLQAQSK	NN[2319]ATVHEQVGGPSLTSDLQAQSK	VYDDGEEK.NNATVHEQVGGPSLTSDLQAQSK.GNPEQTPV	K	G	23	4	2949.242	4584.9443	4584.935	1147.2434	1147.241	4584.9346	1147.241	7.00E-04	9.66E-12	49.86	9.968	1	0	2	0	85	107	115940664	2N(2204.7725)	NA	HexNAc(4)Hex(5)NeuAc(2) % 2204.7724	8.23	0	NnATVHEQVGGPSLTSDLQAQSK	N(0.00)N(49.86)A(0.00)T(0.00)V(0.00)H(0.00)E(0.00)Q(0.00)V(0.00)G(0.00)G(0.00)P(0.00)S(0.00)L(0.00)T(0.00)S(0.00)D(0.00)L(0.00)Q(0.00)A(0.00)Q(0.00)S(0.00)K(0.00)	N2	1	N(0.00)N(18.01)A(0.00)T(0.00)V(0.00)H(0.00)E(0.00)Q(0.00)V(0.00)G(0.00)G(0.00)P(0.00)S(0.00)L(0.00)T(0.00)S(0.00)D(0.00)L(0.00)Q(0.00)A(0.00)Q(0.00)S(0.00)K(0.00)	N(0)N(5)A(0)T(0)V(0)H(0)E(0)Q(0)V(0)G(0)G(0)P(0)S(0)L(0)T(0)S(0)D(0)L(0)Q(0)A(0)Q(0)S(0)K(0)	49.86026	18	0	0	49.738815	18	18.008781	5	0	0	0	FALSE	FALSE	FALSE	sp|P04004|VTNC_HUMAN	P04004	VTNC_HUMAN	VTN	Vitronectin		tr|F5GX75|F5GX75_HUMAN	31458	2928.4382	31211	2368.9302	3474.7961	38.528004	515
240419_ES_R00006_MG_c00001_SA_NPB_3_i2.31511.31511.5	D:\SHARE\Tim\25-12-03_GD_Dataset\GD_dataset\NPB_3_i2\interact.pep.xml	NNATVHEQVGGPSLTSDLQAQSK	NN[2975]ATVHEQVGGPSLTSDLQAQSK	VYDDGEEK.NNATVHEQVGGPSLTSDLQAQSK.GNPEQTPV	K	G	23	5	2950.9878	5244.167	5244.161	1049.8407	1049.8395	5241.1621	1049.2397	2.9993	6.20E-13	37.928	6.122	1	0	2	0	85	107	0	2N(2861.0000)	NA	HexNAc(5)Hex(6)NeuAc(3) % 2861.0000	3.59	0	NnATVHEQVGGPSLTSDLQAQSK	N(0.00)N(37.93)A(0.00)T(0.00)V(0.00)H(0.00)E(0.00)Q(0.00)V(0.00)G(0.00)G(0.00)P(0.00)S(0.00)L(0.00)T(0.00)S(0.00)D(0.00)L(0.00)Q(0.00)A(0.00)Q(0.00)S(0.00)K(0.00)	N2	1	N(0.00)N(13.48)A(0.00)T(0.00)V(0.00)H(0.00)E(0.00)Q(0.00)V(0.00)G(0.00)G(0.00)P(0.00)S(0.00)L(0.00)T(0.00)S(0.00)D(0.00)L(0.00)Q(0.00)A(0.00)Q(0.00)S(0.00)K(0.00)	N(0)N(2)A(0)T(0)V(0)H(0)E(0)Q(0)V(0)G(0)G(0)P(0)S(0)L(0)T(0)S(0)D(0)L(0)Q(0)A(0)Q(0)S(0)K(0)	37.928726	12	0	0	36.79065	11	13.481398	2	0	0	0	FALSE	FALSE	FALSE	sp|P04004|VTNC_HUMAN	P04004	VTNC_HUMAN	VTN	Vitronectin		tr|F5GX75|F5GX75_HUMAN	31487	0	0	0	0	0	0
240419_ES_R00006_MG_c00001_SA_NPB_3_i2.31531.31531.5	D:\SHARE\Tim\25-12-03_GD_Dataset\GD_dataset\NPB_3_i2\interact.pep.xml	NNATVHEQVGGPSLTSDLQAQSK	NN[2975]ATVHEQVGGPSLTSDLQAQSK	VYDDGEEK.NNATVHEQVGGPSLTSDLQAQSK.GNPEQTPV	K	G	23	5	2952.5234	5242.161	5242.163	1049.4395	1049.4399	5241.1621	1049.2397	1.0012	0	33.964	14.707	1	0	2	0	85	107	0	2N(2861.0000)	NA	HexNAc(5)Hex(6)NeuAc(3) % 2861.0000	7.18	0	NnATVHEQVGGPSLTSDLQAQSK	N(0.00)N(32.97)A(0.00)T(0.00)V(0.00)H(0.00)E(0.00)Q(0.00)V(0.00)G(0.00)G(0.00)P(0.00)S(0.00)L(0.00)T(0.00)S(0.00)D(0.00)L(0.00)Q(0.00)A(0.00)Q(0.00)S(0.00)K(0.00)	N2	1	N(0.00)N(11.33)A(0.00)T(0.00)V(0.00)H(0.00)E(0.00)Q(0.00)V(0.00)G(0.00)G(0.00)P(0.00)S(0.00)L(0.00)T(0.00)S(0.00)D(0.00)L(0.00)Q(0.00)A(0.00)Q(0.00)S(0.00)K(0.00)	N(0)N(0)A(0)T(0)V(0)H(0)E(0)Q(0)V(0)G(0)G(0)P(0)S(0)L(0)T(0)S(0)D(0)L(0)Q(0)A(0)Q(0)S(0)K(0)	32.971115	9	0	0	33.964737	10	11.331599	0	0	0	0	FALSE	FALSE	FALSE	sp|P04004|VTNC_HUMAN	P04004	VTNC_HUMAN	VTN	Vitronectin		tr|F5GX75|F5GX75_HUMAN	31510	0	0	0	0	0	0
240419_ES_R00006_MG_c00001_SA_NPB_3_i2.31562.31562.3	D:\SHARE\Tim\25-12-03_GD_Dataset\GD_dataset\NPB_3_i2\interact.pep.xml	NFTENDLLVR	N[2028]FTENDLLVR	LLYPPWDK.NFTENDLLVR.IGKHSRTR	K	I	10	3	2954.9392	3133.265	3133.297	1045.4289	1045.4396	3133.2966	1045.4395	4.00E-04	0.0967164	13.558	0	0.9435	0.000230947	2	0	416	425	0	1N(1913.6770)	NA	HexNAc(4)Hex(5)NeuAc(1) % 1913.6770	4.21	0	nFTENDLLVR	N(13.56)F(0.00)T(0.00)E(0.00)N(0.00)D(0.00)L(0.00)L(0.00)V(0.00)R(0.00)	N1	1	N(7.93)F(0.00)T(0.00)E(0.00)N(0.00)D(0.00)L(0.00)L(0.00)V(0.00)R(0.00)	N(0)F(0)T(0)E(0)N(0)D(0)L(0)L(0)V(0)R(0)	13.558329	3	0	0	13.558329	3	7.9266834	0	0	0	0	FALSE	FALSE	FALSE	sp|P00734|THRB_HUMAN	P00734	THRB_HUMAN	F2	Prothrombin		tr|E9PIT3|E9PIT3_HUMAN	31530	0	0	0	0	0	0
240419_ES_R00006_MG_c00001_SA_NPB_3_i2.31584.31584.3	D:\SHARE\Tim\25-12-03_GD_Dataset\GD_dataset\NPB_3_i2\interact.pep.xml	NGSLFAFR	N[1987]GSLFAFR	FDAFTDLK.NGSLFAFR.GQYCYELD	K	G	8	3	2956.4866	2783.1196	2783.118	928.7138	928.7133	2783.1165	928.7127	0.0015	0.000103932	22.433	0	1	0	2	0	169	176	27169740	1N(1872.6504)	NA	HexNAc(3)Hex(6)NeuAc(1) % 1872.6505	6.16	0	nGSLFAFR	N(22.43)G(0.00)S(0.00)L(0.00)F(0.00)A(0.00)F(0.00)R(0.00)	N1	1	N(9.61)G(0.00)S(0.00)L(0.00)F(0.00)A(0.00)F(0.00)R(0.00)	N(0)G(0)S(0)L(0)F(0)A(0)F(0)R(0)	22.433388	6	0	0	22.433388	6	9.612335	0	0	0	0	FALSE	FALSE	TRUE	sp|P04004|VTNC_HUMAN	P04004	VTNC_HUMAN	VTN	Vitronectin			31555	2956.4712	31583	2886.1672	3000.195	25.019001	60
240419_ES_R00006_MG_c00001_SA_NPB_3_i2.31596.31596.3	D:\SHARE\Tim\25-12-03_GD_Dataset\GD_dataset\NPB_3_i2\interact.pep.xml	NNATVHEQVGGPSLTSDLQAQSK	NN[2975]ATVHEQVGGPSLTSDLQAQSK	VYDDGEEK.NNATVHEQVGGPSLTSDLQAQSK.GNPEQTPV	K	G	23	3	2957.443	5242.175	5242.175	1748.3989	1748.3989	5241.1621	1748.0614	1.0129	0.05347319	11.477	0	0.8999	0.000230947	2	0	85	107	0	2N(2861.0000)	NA	HexNAc(5)Hex(6)NeuAc(3) % 2861.0000	2.87	0	NnATVHEQVGGPSLTSDLQAQSK	N(0.00)N(11.48)A(0.00)T(0.00)V(0.00)H(0.00)E(0.00)Q(0.00)V(0.00)G(0.00)G(0.00)P(0.00)S(0.00)L(0.00)T(0.00)S(0.00)D(0.00)L(0.00)Q(0.00)A(0.00)Q(0.00)S(0.00)K(0.00)	N2	1	N(0.00)N(8.25)A(0.00)T(0.00)V(0.00)H(0.00)E(0.00)Q(0.00)V(0.00)G(0.00)G(0.00)P(0.00)S(0.00)L(0.00)T(0.00)S(0.00)D(0.00)L(0.00)Q(0.00)A(0.00)Q(0.00)S(0.00)K(0.00)	N(0)N(1)A(0)T(0)V(0)H(0)E(0)Q(0)V(0)G(0)G(0)P(0)S(0)L(0)T(0)S(0)D(0)L(0)Q(0)A(0)Q(0)S(0)K(0)	11.477823	3	0	0	11.185675	3	8.253819	1	0	0	0	FALSE	FALSE	FALSE	sp|P04004|VTNC_HUMAN	P04004	VTNC_HUMAN	VTN	Vitronectin		tr|F5GX75|F5GX75_HUMAN	31555	0	0	0	0	0	0
240419_ES_R00006_MG_c00001_SA_NPB_3_i2.31614.31614.2	D:\SHARE\Tim\25-12-03_GD_Dataset\GD_dataset\NPB_3_i2\interact.pep.xml	NGSLFAFR	N[2028]GSLFAFR	FDAFTDLK.NGSLFAFR.GQYCYELD	K	G	8	2	2959.1362	2824.1482	2824.146	1413.0814	1413.0803	2824.1431	1413.0789	0.0029	5.04E-05	23.69	0	1	0	2	0	169	176	61177544	1N(1913.6770)	NA	HexNAc(4)Hex(5)NeuAc(1) % 1913.6770	5.81	0	nGSLFAFR	N(22.87)G(0.00)S(0.00)L(0.00)F(0.00)A(0.00)F(0.00)R(0.00)	N1	1	N(10.01)G(0.00)S(0.00)L(0.00)F(0.00)A(0.00)F(0.00)R(0.00)	N(0)G(0)S(0)L(0)F(0)A(0)F(0)R(0)	22.8742	6	0	0	23.690891	7	10.01334	0	0	0	0	FALSE	FALSE	TRUE	sp|P04004|VTNC_HUMAN	P04004	VTNC_HUMAN	VTN	Vitronectin			31583	2952.509	31530	2886.1672	3006.874	18.254002	60
240419_ES_R00006_MG_c00001_SA_NPB_3_i2.31679.31679.3	D:\SHARE\Tim\25-12-03_GD_Dataset\GD_dataset\NPB_3_i2\interact.pep.xml	NNATVHEQVGGPSLTSDLQAQSK	NN[2319]ATVHEQVGGPSLTSDLQAQSK	VYDDGEEK.NNATVHEQVGGPSLTSDLQAQSK.GNPEQTPV	K	G	23	3	2964.5383	4584.943	4584.944	1529.3216	1529.3219	4584.9346	1529.3188	0.0095	2.00E-14	48.024	15.227	1	0	2	0	85	107	27284590	2N(2204.7725)	NA	HexNAc(4)Hex(5)NeuAc(2) % 2204.7724	4.01	0	NnATVHEQVGGPSLTSDLQAQSK	N(0.00)N(47.62)A(0.00)T(0.00)V(0.00)H(0.00)E(0.00)Q(0.00)V(0.00)G(0.00)G(0.00)P(0.00)S(0.00)L(0.00)T(0.00)S(0.00)D(0.00)L(0.00)Q(0.00)A(0.00)Q(0.00)S(0.00)K(0.00)	N2	1	N(0.00)N(14.55)A(0.00)T(0.00)V(0.00)H(0.00)E(0.00)Q(0.00)V(0.00)G(0.00)G(0.00)P(0.00)S(0.00)L(0.00)T(0.00)S(0.00)D(0.00)L(0.00)Q(0.00)A(0.00)Q(0.00)S(0.00)K(0.00)	N(0)N(2)A(0)T(0)V(0)H(0)E(0)Q(0)V(0)G(0)G(0)P(0)S(0)L(0)T(0)S(0)D(0)L(0)Q(0)A(0)Q(0)S(0)K(0)	47.615463	15	0	0	48.02425	15	14.5490885	2	0	0	0	FALSE	FALSE	FALSE	sp|P04004|VTNC_HUMAN	P04004	VTNC_HUMAN	VTN	Vitronectin		tr|F5GX75|F5GX75_HUMAN	31640	2967.0261	31714	2911.8452	3355.1062	15.092001	193
240419_ES_R00006_MG_c00001_SA_NPB_3_i2.31683.31683.4	D:\SHARE\Tim\25-12-03_GD_Dataset\GD_dataset\NPB_3_i2\interact.pep.xml	NNATVHEQVGGPSLTSDLQAQSK	NN[2465]ATVHEQVGGPSLTSDLQAQSK	VYDDGEEK.NNATVHEQVGGPSLTSDLQAQSK.GNPEQTPV	K	G	23	4	2964.8113	4732.0337	4731.9956	1184.0157	1184.0062	4730.9922	1183.7554	1.0034	3.98E-07	35.101	10.402	1	0	2	0	85	107	13898445	2N(2350.8303)	NA	HexNAc(4)Hex(5)Fuc(1)NeuAc(2) % 2350.8303	6.02	0	NnATVHEQVGGPSLTSDLQAQSK	N(0.00)N(33.52)A(0.00)T(0.00)V(0.00)H(0.00)E(0.00)Q(0.00)V(0.00)G(0.00)G(0.00)P(0.00)S(0.00)L(0.00)T(0.00)S(0.00)D(0.00)L(0.00)Q(0.00)A(0.00)Q(0.00)S(0.00)K(0.00)	N2	1	N(0.00)N(11.92)A(0.00)T(0.00)V(0.00)H(0.00)E(0.00)Q(0.00)V(0.00)G(0.00)G(0.00)P(0.00)S(0.00)L(0.00)T(0.00)S(0.00)D(0.00)L(0.00)Q(0.00)A(0.00)Q(0.00)S(0.00)K(0.00)	N(0)N(0)A(0)T(0)V(0)H(0)E(0)Q(0)V(0)G(0)G(0)P(0)S(0)L(0)T(0)S(0)D(0)L(0)Q(0)A(0)Q(0)S(0)K(0)	33.516182	9	0	0	35.101532	10	11.915683	0	0	0	0	FALSE	FALSE	FALSE	sp|P04004|VTNC_HUMAN	P04004	VTNC_HUMAN	VTN	Vitronectin		tr|F5GX75|F5GX75_HUMAN	31640	2987.5623	31987	2911.8452	3033.8022	7.393	53
240419_ES_R00006_MG_c00001_SA_NPB_3_i2.31687.31687.4	D:\SHARE\Tim\25-12-03_GD_Dataset\GD_dataset\NPB_3_i2\interact.pep.xml	NNATVHEQVGGPSLTSDLQAQSK	NN[2684]ATVHEQVGGPSLTSDLQAQSK	VYDDGEEK.NNATVHEQVGGPSLTSDLQAQSK.GNPEQTPV	K	G	23	4	2965.0842	4950.0796	4950.0547	1238.5272	1238.521	4950.0664	1238.5239	-0.0117	0.000120351	24.133	11.902	1	0	2	0	85	107	10984787	2N(2569.9045)	NA	HexNAc(5)Hex(6)NeuAc(2) % 2569.9046	4.58	0	NnATVHEQVGGPSLTSDLQAQSK	N(0.00)N(24.13)A(0.00)T(0.00)V(0.00)H(0.00)E(0.00)Q(0.00)V(0.00)G(0.00)G(0.00)P(0.00)S(0.00)L(0.00)T(0.00)S(0.00)D(0.00)L(0.00)Q(0.00)A(0.00)Q(0.00)S(0.00)K(0.00)	N2	1	N(0.00)N(9.51)A(0.00)T(0.00)V(0.00)H(0.00)E(0.00)Q(0.00)V(0.00)G(0.00)G(0.00)P(0.00)S(0.00)L(0.00)T(0.00)S(0.00)D(0.00)L(0.00)Q(0.00)A(0.00)Q(0.00)S(0.00)K(0.00)	N(0)N(1)A(0)T(0)V(0)H(0)E(0)Q(0)V(0)G(0)G(0)P(0)S(0)L(0)T(0)S(0)D(0)L(0)Q(0)A(0)Q(0)S(0)K(0)	24.133621	8	0	0	22.647707	7	9.506673	1	0	0	0	FALSE	FALSE	FALSE	sp|P04004|VTNC_HUMAN	P04004	VTNC_HUMAN	VTN	Vitronectin		tr|F5GX75|F5GX75_HUMAN	31640	2978.09	31862	2964.256	3054.2441	30.285002	37
240419_ES_R00006_MG_c00001_SA_NPB_3_i2.31703.31703.3	D:\SHARE\Tim\25-12-03_GD_Dataset\GD_dataset\NPB_3_i2\interact.pep.xml	NNATVHEQVGGPSLTSDLQAQSK	NN[2975]ATVHEQVGGPSLTSDLQAQSK	VYDDGEEK.NNATVHEQVGGPSLTSDLQAQSK.GNPEQTPV	K	G	23	3	2966.1943	5241.166	5241.166	1748.0626	1748.0626	5241.1621	1748.0614	0.0042	0.2630268	10.82	0	0.5982	0.000230947	2	0	85	107	0	2N(2861.0000)	NA	HexNAc(5)Hex(6)NeuAc(3) % 2861.0000	2.67	0	NnATVHEQVGGPSLTSDLQAQSK	N(0.00)N(8.95)A(0.00)T(0.00)V(0.00)H(0.00)E(0.00)Q(0.00)V(0.00)G(0.00)G(0.00)P(0.00)S(0.00)L(0.00)T(0.00)S(0.00)D(0.00)L(0.00)Q(0.00)A(0.00)Q(0.00)S(0.00)K(0.00)	N2	1	N(0.00)N(5.58)A(0.00)T(0.00)V(0.00)H(0.00)E(0.00)Q(0.00)V(0.00)G(0.00)G(0.00)P(0.00)S(0.00)L(0.00)T(0.00)S(0.00)D(0.00)L(0.00)Q(0.00)A(0.00)Q(0.00)S(0.00)K(0.00)	N(0)N(0)A(0)T(0)V(0)H(0)E(0)Q(0)V(0)G(0)G(0)P(0)S(0)L(0)T(0)S(0)D(0)L(0)Q(0)A(0)Q(0)S(0)K(0)	8.947593	2	0	0	10.820471	3	5.5809593	0	0	0	0	FALSE	FALSE	FALSE	sp|P04004|VTNC_HUMAN	P04004	VTNC_HUMAN	VTN	Vitronectin		tr|F5GX75|F5GX75_HUMAN	31640	0	0	0	0	0	0
240419_ES_R00006_MG_c00001_SA_NPB_3_i2.31717.31717.3	D:\SHARE\Tim\25-12-03_GD_Dataset\GD_dataset\NPB_3_i2\interact.pep.xml	NFTENDLLVR	N[2028]FTENDLLVR	LLYPPWDK.NFTENDLLVR.IGKHSRTR	K	I	10	3	2967.3042	3133.2898	3133.297	1045.4372	1045.4396	3133.2966	1045.4395	4.00E-04	0.01268382	16.087	0	0.9915	0	2	0	416	425	10383901	1N(1913.6770)	NA	HexNAc(4)Hex(5)NeuAc(1) % 1913.6770	5.97	0	nFTENDLLVR	N(16.09)F(0.00)T(0.00)E(0.00)N(0.00)D(0.00)L(0.00)L(0.00)V(0.00)R(0.00)	N1	1	N(10.06)F(0.00)T(0.00)E(0.00)N(0.00)D(0.00)L(0.00)L(0.00)V(0.00)R(0.00)	N(0)F(0)T(0)E(0)N(0)D(0)L(0)L(0)V(0)R(0)	16.087372	3	0	0	16.087372	3	10.060471	0	0	0	0	FALSE	FALSE	FALSE	sp|P00734|THRB_HUMAN	P00734	THRB_HUMAN	F2	Prothrombin		tr|E9PIT3|E9PIT3_HUMAN	31676	2964.256	31676	2844.9482	3021.84	23.172	86
240419_ES_R00006_MG_c00001_SA_NPB_3_i2.31742.31742.3	D:\SHARE\Tim\25-12-03_GD_Dataset\GD_dataset\NPB_3_i2\interact.pep.xml	NNATVHEQVGGPSLTSDLQAQSK	NN[2028]ATVHEQVGGPSLTSDLQAQSK	VYDDGEEK.NNATVHEQVGGPSLTSDLQAQSK.GNPEQTPV	K	G	23	3	2969.2441	4293.8667	4293.8706	1432.2962	1432.2975	4293.8389	1432.287	0.0317	3.30E-08	24.357	0	1	0	2	0	85	107	12236015	2N(1913.6770)	NA	HexNAc(4)Hex(5)NeuAc(1) % 1913.6770	2.03	0	NnATVHEQVGGPSLTSDLQAQSK	N(0.00)N(24.36)A(0.00)T(0.00)V(0.00)H(0.00)E(0.00)Q(0.00)V(0.00)G(0.00)G(0.00)P(0.00)S(0.00)L(0.00)T(0.00)S(0.00)D(0.00)L(0.00)Q(0.00)A(0.00)Q(0.00)S(0.00)K(0.00)	N2	1	N(0.00)N(11.42)A(0.00)T(0.00)V(0.00)H(0.00)E(0.00)Q(0.00)V(0.00)G(0.00)G(0.00)P(0.00)S(0.00)L(0.00)T(0.00)S(0.00)D(0.00)L(0.00)Q(0.00)A(0.00)Q(0.00)S(0.00)K(0.00)	N(0)N(1)A(0)T(0)V(0)H(0)E(0)Q(0)V(0)G(0)G(0)P(0)S(0)L(0)T(0)S(0)D(0)L(0)Q(0)A(0)Q(0)S(0)K(0)	24.357574	7	0	0	23.795803	7	11.423548	1	0	0	0	FALSE	FALSE	FALSE	sp|P04004|VTNC_HUMAN	P04004	VTNC_HUMAN	VTN	Vitronectin		tr|F5GX75|F5GX75_HUMAN	31714	2990.0552	32017	2954.3882	3039.975	47.656002	34
240419_ES_R00006_MG_c00001_SA_NPB_3_i2.31863.31863.4	D:\SHARE\Tim\25-12-03_GD_Dataset\GD_dataset\NPB_3_i2\interact.pep.xml	NNATVHEQVGGPSLTSDLQAQSK	NN[3121]ATVHEQVGGPSLTSDLQAQSK	VYDDGEEK.NNATVHEQVGGPSLTSDLQAQSK.GNPEQTPV	K	G	23	4	2978.106	5387.2275	5387.2266	1347.8142	1347.8139	5387.2197	1347.8123	0.0068	3.86E-05	25.152	0	0.9998	0	2	0	85	107	114894840	2N(3007.0579)	NA	HexNAc(5)Hex(6)Fuc(1)NeuAc(3) % 3007.0579	4.78	0	NnATVHEQVGGPSLTSDLQAQSK	N(0.00)N(25.15)A(0.00)T(0.00)V(0.00)H(0.00)E(0.00)Q(0.00)V(0.00)G(0.00)G(0.00)P(0.00)S(0.00)L(0.00)T(0.00)S(0.00)D(0.00)L(0.00)Q(0.00)A(0.00)Q(0.00)S(0.00)K(0.00)	N2	1	N(0.00)N(11.46)A(0.00)T(0.00)V(0.00)H(0.00)E(0.00)Q(0.00)V(0.00)G(0.00)G(0.00)P(0.00)S(0.00)L(0.00)T(0.00)S(0.00)D(0.00)L(0.00)Q(0.00)A(0.00)Q(0.00)S(0.00)K(0.00)	N(0)N(0)A(0)T(0)V(0)H(0)E(0)Q(0)V(0)G(0)G(0)P(0)S(0)L(0)T(0)S(0)D(0)L(0)Q(0)A(0)Q(0)S(0)K(0)	25.152613	6	0	0	25.152613	6	11.459155	0	0	0	0	FALSE	FALSE	FALSE	sp|P04004|VTNC_HUMAN	P04004	VTNC_HUMAN	VTN	Vitronectin		tr|F5GX75|F5GX75_HUMAN	31833	2958.926	31612	2719.943	3272.3882	38.428	239
240419_ES_R00006_MG_c00001_SA_NPB_3_i2.31866.31866.3	D:\SHARE\Tim\25-12-03_GD_Dataset\GD_dataset\NPB_3_i2\interact.pep.xml	NNATVHEQVGGPSLTSDLQAQSK	NN[2028]ATVHEQVGGPSLTSDLQAQSK	VYDDGEEK.NNATVHEQVGGPSLTSDLQAQSK.GNPEQTPV	K	G	23	3	2978.4397	4293.7993	4293.819	1432.2737	1432.2803	4293.8389	1432.287	-0.0201	4.30E-09	29.157	7.473	1	0	2	0	85	107	0	2N(1913.6770)	NA	HexNAc(4)Hex(5)NeuAc(1) % 1913.6770	2.15	0	NnATVHEQVGGPSLTSDLQAQSK	N(0.00)N(27.71)A(0.00)T(0.00)V(0.00)H(0.00)E(0.00)Q(0.00)V(0.00)G(0.00)G(0.00)P(0.00)S(0.00)L(0.00)T(0.00)S(0.00)D(0.00)L(0.00)Q(0.00)A(0.00)Q(0.00)S(0.00)K(0.00)	N2	1	N(0.00)N(9.62)A(0.00)T(0.00)V(0.00)H(0.00)E(0.00)Q(0.00)V(0.00)G(0.00)G(0.00)P(0.00)S(0.00)L(0.00)T(0.00)S(0.00)D(0.00)L(0.00)Q(0.00)A(0.00)Q(0.00)S(0.00)K(0.00)	N(0)N(0)A(0)T(0)V(0)H(0)E(0)Q(0)V(0)G(0)G(0)P(0)S(0)L(0)T(0)S(0)D(0)L(0)Q(0)A(0)Q(0)S(0)K(0)	27.711868	8	0	0	29.157139	9	9.61627	0	0	0	0	FALSE	FALSE	FALSE	sp|P04004|VTNC_HUMAN	P04004	VTNC_HUMAN	VTN	Vitronectin		tr|F5GX75|F5GX75_HUMAN	31833	0	0	0	0	0	0
240419_ES_R00006_MG_c00001_SA_NPB_3_i2.31867.31867.3	D:\SHARE\Tim\25-12-03_GD_Dataset\GD_dataset\NPB_3_i2\interact.pep.xml	NNATVHEQVGGPSLTSDLQAQSK	NN[2975]ATVHEQVGGPSLTSDLQAQSK	VYDDGEEK.NNATVHEQVGGPSLTSDLQAQSK.GNPEQTPV	K	G	23	3	2978.5127	5242.175	5242.1724	1748.3989	1748.3981	5241.1621	1748.0614	1.0105	0.07231861	12.063	0	0.8681	0.000230947	2	0	85	107	0	2N(2861.0000)	NA	HexNAc(5)Hex(6)NeuAc(3) % 2861.0000	2.44	0	NnATVHEQVGGPSLTSDLQAQSK	N(0.00)N(12.06)A(0.00)T(0.00)V(0.00)H(0.00)E(0.00)Q(0.00)V(0.00)G(0.00)G(0.00)P(0.00)S(0.00)L(0.00)T(0.00)S(0.00)D(0.00)L(0.00)Q(0.00)A(0.00)Q(0.00)S(0.00)K(0.00)	N2	1	N(0.00)N(8.93)A(0.00)T(0.00)V(0.00)H(0.00)E(0.00)Q(0.00)V(0.00)G(0.00)G(0.00)P(0.00)S(0.00)L(0.00)T(0.00)S(0.00)D(0.00)L(0.00)Q(0.00)A(0.00)Q(0.00)S(0.00)K(0.00)	N(0)N(1)A(0)T(0)V(0)H(0)E(0)Q(0)V(0)G(0)G(0)P(0)S(0)L(0)T(0)S(0)D(0)L(0)Q(0)A(0)Q(0)S(0)K(0)	12.063641	3	0	0	9.999439	2	8.930578	1	0	0	0	FALSE	FALSE	FALSE	sp|P04004|VTNC_HUMAN	P04004	VTNC_HUMAN	VTN	Vitronectin		tr|F5GX75|F5GX75_HUMAN	31833	0	0	0	0	0	0
240419_ES_R00006_MG_c00001_SA_NPB_3_i2.31896.31896.3	D:\SHARE\Tim\25-12-03_GD_Dataset\GD_dataset\NPB_3_i2\interact.pep.xml	NGSLFAFR	N[2028]GSLFAFR	FDAFTDLK.NGSLFAFR.GQYCYELD	K	G	8	3	2980.5347	2824.15	2824.1448	942.3906	942.3889	2824.1431	942.3882	0.0017	0.00021677	21.156	0	1	0	2	0	169	176	55060112	1N(1913.6770)	NA	HexNAc(4)Hex(5)NeuAc(1) % 1913.6770	4.97	0	nGSLFAFR	N(20.86)G(0.00)S(0.00)L(0.00)F(0.00)A(0.00)F(0.00)R(0.00)	N1	1	N(10.48)G(0.00)S(0.00)L(0.00)F(0.00)A(0.00)F(0.00)R(0.00)	N(0)G(0)S(0)L(0)F(0)A(0)F(0)R(0)	20.855127	5	0	0	21.156712	6	10.480749	0	0	0	0	FALSE	FALSE	TRUE	sp|P04004|VTNC_HUMAN	P04004	VTNC_HUMAN	VTN	Vitronectin			31862	2980.519	31895	2871.4712	3251.37	25.019001	165
240419_ES_R00006_MG_c00001_SA_NPB_3_i2.31900.31900.3	D:\SHARE\Tim\25-12-03_GD_Dataset\GD_dataset\NPB_3_i2\interact.pep.xml	GTAGNALMDGASQLMGENR	GTAGNALMDGASQLM[147]GEN[2028]R	QISVNKYR.GTAGNALMDGASQLMGENR.TMTIHNGM	R	T	19	3	2980.9338	3821.5195	3821.526	1274.8471	1274.8493	3821.5234	1274.8484	0.0024	0.3147748	7.508	6.15	0.8255	0.000230947	2	0	377	395	350584640	"15M(15.9949),18N(1913.6770)"	NA	HexNAc(4)Hex(5)NeuAc(1) % 1913.6770	3.85	0	GTAGNALMDGASQLMGEnR	G(0.00)T(0.00)A(0.00)G(0.00)N(0.00)A(0.00)L(0.00)M(0.00)D(0.00)G(0.00)A(0.00)S(0.00)Q(0.00)L(0.00)M(0.00)G(0.00)E(0.00)N(7.51)R(0.00)	N18	1	G(0.00)T(0.00)A(0.00)G(0.00)N(0.00)A(0.00)L(0.00)M(0.00)D(0.00)G(0.00)A(0.00)S(0.00)Q(0.00)L(0.00)M(0.00)G(0.00)E(0.00)N(4.34)R(0.00)	G(0)T(0)A(0)G(0)N(0)A(0)L(0)M(0)D(0)G(0)A(0)S(0)Q(0)L(0)M(0)G(0)E(0)N(2)R(0)	7.508465	4	0	0	4.5301876	2	4.339719	2	0	0	0	FALSE	FALSE	FALSE	sp|P02675|FIBB_HUMAN	P02675	FIBB_HUMAN	FGB	Fibrinogen beta chain		tr|D6REL8|D6REL8_HUMAN	31862	3003.517	32187	2968.966	3016.5432	21.885	19
240419_ES_R00006_MG_c00001_SA_NPB_3_i2.31969.31969.2	D:\SHARE\Tim\25-12-03_GD_Dataset\GD_dataset\NPB_3_i2\interact.pep.xml	NGSLFAFR	N[2028]GSLFAFR	FDAFTDLK.NGSLFAFR.GQYCYELD	K	G	8	2	2986.2002	2825.1423	2825.1504	1413.5784	1413.5825	2824.1431	1413.0789	1.0073	0.05000344	11.704	0	0.6897	0.000230947	2	0	169	176	0	1N(1913.6770)	NA	HexNAc(4)Hex(5)NeuAc(1) % 1913.6770	2.83	0	nGSLFAFR	N(11.70)G(0.00)S(0.00)L(0.00)F(0.00)A(0.00)F(0.00)R(0.00)	N1	1	N(8.16)G(0.00)S(0.00)L(0.00)F(0.00)A(0.00)F(0.00)R(0.00)	N(0)G(0)S(0)L(0)F(0)A(0)F(0)R(0)	11.704988	2	0	0	11.704988	2	8.156104	0	0	0	0	FALSE	FALSE	TRUE	sp|P04004|VTNC_HUMAN	P04004	VTNC_HUMAN	VTN	Vitronectin			31934	0	0	0	0	0	0
240419_ES_R00006_MG_c00001_SA_NPB_3_i2.31988.31988.3	D:\SHARE\Tim\25-12-03_GD_Dataset\GD_dataset\NPB_3_i2\interact.pep.xml	NGSLFAFR	N[1825]GSLFAFR	FDAFTDLK.NGSLFAFR.GQYCYELD	K	G	8	3	2987.5776	2621.0698	2621.0657	874.6972	874.6958	2621.0637	874.6951	0.002	0.000199067	20.304	0	1	0	2	0	169	176	56236628	1N(1710.5977)	NA	HexNAc(3)Hex(5)NeuAc(1) % 1710.5976	6.7	0	nGSLFAFR	N(20.07)G(0.00)S(0.00)L(0.00)F(0.00)A(0.00)F(0.00)R(0.00)	N1	1	N(9.68)G(0.00)S(0.00)L(0.00)F(0.00)A(0.00)F(0.00)R(0.00)	N(0)G(0)S(0)L(0)F(0)A(0)F(0)R(0)	20.069466	5	0	0	20.304537	6	9.67516	0	0	0	0	FALSE	FALSE	TRUE	sp|P04004|VTNC_HUMAN	P04004	VTNC_HUMAN	VTN	Vitronectin			31963	2987.5623	31987	2914.384	3188.6301	22.405	115
240419_ES_R00006_MG_c00001_SA_NPB_3_i2.31992.31992.5	D:\SHARE\Tim\25-12-03_GD_Dataset\GD_dataset\NPB_3_i2\interact.pep.xml	NNATVHEQVGGPSLTSDLQAQSK	NN[3121]ATVHEQVGGPSLTSDLQAQSK	VYDDGEEK.NNATVHEQVGGPSLTSDLQAQSK.GNPEQTPV	K	G	23	5	2988.004	5387.2246	5387.1924	1078.4522	1078.4458	5387.2197	1078.4513	-0.0273	5.39E-06	14.695	12.515	1	0	2	0	85	107	0	2N(3007.0579)	NA	HexNAc(5)Hex(6)Fuc(1)NeuAc(3) % 3007.0579	-0.43	0	NnATVHEQVGGPSLTSDLQAQSK	N(0.00)N(14.70)A(0.00)T(0.00)V(0.00)H(0.00)E(0.00)Q(0.00)V(0.00)G(0.00)G(0.00)P(0.00)S(0.00)L(0.00)T(0.00)S(0.00)D(0.00)L(0.00)Q(0.00)A(0.00)Q(0.00)S(0.00)K(0.00)	N2	1	N(0.00)N(6.91)A(0.00)T(0.00)V(0.00)H(0.00)E(0.00)Q(0.00)V(0.00)G(0.00)G(0.00)P(0.00)S(0.00)L(0.00)T(0.00)S(0.00)D(0.00)L(0.00)Q(0.00)A(0.00)Q(0.00)S(0.00)K(0.00)	N(0)N(0)A(0)T(0)V(0)H(0)E(0)Q(0)V(0)G(0)G(0)P(0)S(0)L(0)T(0)S(0)D(0)L(0)Q(0)A(0)Q(0)S(0)K(0)	14.695341	4	0	0	14.695341	4	6.912074	0	0	0	0	FALSE	FALSE	FALSE	sp|P04004|VTNC_HUMAN	P04004	VTNC_HUMAN	VTN	Vitronectin		tr|F5GX75|F5GX75_HUMAN	31963	0	0	0	0	0	0
240419_ES_R00006_MG_c00001_SA_NPB_3_i2.32018.32018.4	D:\SHARE\Tim\25-12-03_GD_Dataset\GD_dataset\NPB_3_i2\interact.pep.xml	NNATVHEQVGGPSLTSDLQAQSK	NN[2028]ATVHEQVGGPSLTSDLQAQSK	VYDDGEEK.NNATVHEQVGGPSLTSDLQAQSK.GNPEQTPV	K	G	23	4	2990.0703	4293.8477	4293.839	1074.4692	1074.467	4293.8389	1074.467	0	2.77E-05	25.635	15.353	0.9998	0	2	0	85	107	19249952	2N(1913.6770)	NA	HexNAc(4)Hex(5)NeuAc(1) % 1913.6770	9.64	0	NnATVHEQVGGPSLTSDLQAQSK	N(0.00)N(25.64)A(0.00)T(0.00)V(0.00)H(0.00)E(0.00)Q(0.00)V(0.00)G(0.00)G(0.00)P(0.00)S(0.00)L(0.00)T(0.00)S(0.00)D(0.00)L(0.00)Q(0.00)A(0.00)Q(0.00)S(0.00)K(0.00)	N2	1	N(0.00)N(12.79)A(0.00)T(0.00)V(0.00)H(0.00)E(0.00)Q(0.00)V(0.00)G(0.00)G(0.00)P(0.00)S(0.00)L(0.00)T(0.00)S(0.00)D(0.00)L(0.00)Q(0.00)A(0.00)Q(0.00)S(0.00)K(0.00)	N(0)N(2)A(0)T(0)V(0)H(0)E(0)Q(0)V(0)G(0)G(0)P(0)S(0)L(0)T(0)S(0)D(0)L(0)Q(0)A(0)Q(0)S(0)K(0)	25.63556	8	0	0	22.965694	6	12.7901945	2	0	0	0	FALSE	FALSE	FALSE	sp|P04004|VTNC_HUMAN	P04004	VTNC_HUMAN	VTN	Vitronectin		tr|F5GX75|F5GX75_HUMAN	31987	3003.517	32187	2908.06	3131.4932	14.264001	105
240419_ES_R00006_MG_c00001_SA_NPB_3_i2.32054.32054.5	D:\SHARE\Tim\25-12-03_GD_Dataset\GD_dataset\NPB_3_i2\interact.pep.xml	NNATVHEQVGGPSLTSDLQAQSK	NN[2975]ATVHEQVGGPSLTSDLQAQSK	VYDDGEEK.NNATVHEQVGGPSLTSDLQAQSK.GNPEQTPV	K	G	23	5	2993.1538	5241.157	5241.1494	1049.2387	1049.2372	5241.1621	1049.2397	-0.0125	0.000477973	21.869	11.241	1	0	2	0	85	107	16730865	2N(2861.0000)	NA	HexNAc(5)Hex(6)NeuAc(3) % 2861.0000	4.92	0	NnATVHEQVGGPSLTSDLQAQSK	N(0.00)N(21.87)A(0.00)T(0.00)V(0.00)H(0.00)E(0.00)Q(0.00)V(0.00)G(0.00)G(0.00)P(0.00)S(0.00)L(0.00)T(0.00)S(0.00)D(0.00)L(0.00)Q(0.00)A(0.00)Q(0.00)S(0.00)K(0.00)	N2	1	N(0.00)N(11.31)A(0.00)T(0.00)V(0.00)H(0.00)E(0.00)Q(0.00)V(0.00)G(0.00)G(0.00)P(0.00)S(0.00)L(0.00)T(0.00)S(0.00)D(0.00)L(0.00)Q(0.00)A(0.00)Q(0.00)S(0.00)K(0.00)	N(0)N(1)A(0)T(0)V(0)H(0)E(0)Q(0)V(0)G(0)G(0)P(0)S(0)L(0)T(0)S(0)D(0)L(0)Q(0)A(0)Q(0)S(0)K(0)	21.869633	6	0	0	20.048153	5	11.314856	1	0	0	0	FALSE	FALSE	FALSE	sp|P04004|VTNC_HUMAN	P04004	VTNC_HUMAN	VTN	Vitronectin		tr|F5GX75|F5GX75_HUMAN	32017	2978.09	31862	2911.8452	3111.089	8.466001	91
240419_ES_R00006_MG_c00001_SA_NPB_3_i2.32076.32076.4	D:\SHARE\Tim\25-12-03_GD_Dataset\GD_dataset\NPB_3_i2\interact.pep.xml	NNATVHEQVGGPSLTSDLQAQSK	NN[2975]ATVHEQVGGPSLTSDLQAQSK	VYDDGEEK.NNATVHEQVGGPSLTSDLQAQSK.GNPEQTPV	K	G	23	4	2994.9683	5241.165	5241.166	1311.2985	1311.2988	5241.1621	1311.2979	0.0042	1.91E-07	28.223	0	1	0	2	0	85	107	142932064	2N(2861.0000)	NA	HexNAc(5)Hex(6)NeuAc(3) % 2861.0000	6.57	0	NnATVHEQVGGPSLTSDLQAQSK	N(0.00)N(25.05)A(0.00)T(0.00)V(0.00)H(0.00)E(0.00)Q(0.00)V(0.00)G(0.00)G(0.00)P(0.00)S(0.00)L(0.00)T(0.00)S(0.00)D(0.00)L(0.00)Q(0.00)A(0.00)Q(0.00)S(0.00)K(0.00)	N2	1	N(0.00)N(10.38)A(0.00)T(0.00)V(0.00)H(0.00)E(0.00)Q(0.00)V(0.00)G(0.00)G(0.00)P(0.00)S(0.00)L(0.00)T(0.00)S(0.00)D(0.00)L(0.00)Q(0.00)A(0.00)Q(0.00)S(0.00)K(0.00)	N(0)N(2)A(0)T(0)V(0)H(0)E(0)Q(0)V(0)G(0)G(0)P(0)S(0)L(0)T(0)S(0)D(0)L(0)Q(0)A(0)Q(0)S(0)K(0)	25.053875	9	0	0	28.223671	11	10.382387	2	0	0	0	FALSE	FALSE	FALSE	sp|P04004|VTNC_HUMAN	P04004	VTNC_HUMAN	VTN	Vitronectin		tr|F5GX75|F5GX75_HUMAN	32045	2992.464	32045	2669.652	3366.922	22.405	308
240419_ES_R00006_MG_c00001_SA_NPB_3_i2.32151.32151.3	D:\SHARE\Tim\25-12-03_GD_Dataset\GD_dataset\NPB_3_i2\interact.pep.xml	NNATVHEQVGGPSLTSDLQAQSK	NN[2028]ATVHEQVGGPSLTSDLQAQSK	VYDDGEEK.NNATVHEQVGGPSLTSDLQAQSK.GNPEQTPV	K	G	23	3	3000.6099	4294.782	4294.7715	1432.6013	1432.5978	4293.8389	1432.287	0.9326	2.65E-07	20.132	16.434	1	0	2	0	85	107	0	2N(1913.6770)	NA	HexNAc(4)Hex(5)NeuAc(1) % 1913.6770	0.88	0	NnATVHEQVGGPSLTSDLQAQSK	N(0.00)N(20.13)A(0.00)T(0.00)V(0.00)H(0.00)E(0.00)Q(0.00)V(0.00)G(0.00)G(0.00)P(0.00)S(0.00)L(0.00)T(0.00)S(0.00)D(0.00)L(0.00)Q(0.00)A(0.00)Q(0.00)S(0.00)K(0.00)	N2	1	N(0.00)N(11.44)A(0.00)T(0.00)V(0.00)H(0.00)E(0.00)Q(0.00)V(0.00)G(0.00)G(0.00)P(0.00)S(0.00)L(0.00)T(0.00)S(0.00)D(0.00)L(0.00)Q(0.00)A(0.00)Q(0.00)S(0.00)K(0.00)	N(0)N(0)A(0)T(0)V(0)H(0)E(0)Q(0)V(0)G(0)G(0)P(0)S(0)L(0)T(0)S(0)D(0)L(0)Q(0)A(0)Q(0)S(0)K(0)	20.13222	4	0	0	20.13222	4	11.437721	0	0	0	0	FALSE	FALSE	FALSE	sp|P04004|VTNC_HUMAN	P04004	VTNC_HUMAN	VTN	Vitronectin		tr|F5GX75|F5GX75_HUMAN	32112	0	0	0	0	0	0
240419_ES_R00006_MG_c00001_SA_NPB_3_i2.32155.32155.4	D:\SHARE\Tim\25-12-03_GD_Dataset\GD_dataset\NPB_3_i2\interact.pep.xml	NNATVHEQVGGPSLTSDLQAQSK	NN[2465]ATVHEQVGGPSLTSDLQAQSK	VYDDGEEK.NNATVHEQVGGPSLTSDLQAQSK.GNPEQTPV	K	G	23	4	3000.8828	4730.9927	4730.9873	1183.7555	1183.7541	4730.9922	1183.7554	-0.0049	0.000298028	17.777	7.662	1	0	2	0	85	107	14055985	2N(2350.8303)	NA	HexNAc(4)Hex(5)Fuc(1)NeuAc(2) % 2350.8303	3.03	0	NnATVHEQVGGPSLTSDLQAQSK	N(0.00)N(17.78)A(0.00)T(0.00)V(0.00)H(0.00)E(0.00)Q(0.00)V(0.00)G(0.00)G(0.00)P(0.00)S(0.00)L(0.00)T(0.00)S(0.00)D(0.00)L(0.00)Q(0.00)A(0.00)Q(0.00)S(0.00)K(0.00)	N2	1	N(0.00)N(9.43)A(0.00)T(0.00)V(0.00)H(0.00)E(0.00)Q(0.00)V(0.00)G(0.00)G(0.00)P(0.00)S(0.00)L(0.00)T(0.00)S(0.00)D(0.00)L(0.00)Q(0.00)A(0.00)Q(0.00)S(0.00)K(0.00)	N(0)N(0)A(0)T(0)V(0)H(0)E(0)Q(0)V(0)G(0)G(0)P(0)S(0)L(0)T(0)S(0)D(0)L(0)Q(0)A(0)Q(0)S(0)K(0)	17.777319	4	0	0	17.777319	4	9.428078	0	0	0	0	FALSE	FALSE	FALSE	sp|P04004|VTNC_HUMAN	P04004	VTNC_HUMAN	VTN	Vitronectin		tr|F5GX75|F5GX75_HUMAN	32112	2990.0552	32017	2911.8452	3144.2222	7.393	104
240419_ES_R00006_MG_c00001_SA_NPB_3_i2.32170.32170.3	D:\SHARE\Tim\25-12-03_GD_Dataset\GD_dataset\NPB_3_i2\interact.pep.xml	NFTENDLLVR	N[2028]FTENDLLVR	LLYPPWDK.NFTENDLLVR.IGKHSRTR	K	I	10	3	3001.9062	3133.3022	3133.2979	1045.4413	1045.4399	3133.2966	1045.4395	0.0012	0.0442079	15.918	0	0.9753	0.000230947	2	0	416	425	6145314	1N(1913.6770)	NA	HexNAc(4)Hex(5)NeuAc(1) % 1913.6770	5.09	0	nFTENDLLVR	N(15.92)F(0.00)T(0.00)E(0.00)N(0.00)D(0.00)L(0.00)L(0.00)V(0.00)R(0.00)	N1	1	N(8.29)F(0.00)T(0.00)E(0.00)N(0.00)D(0.00)L(0.00)L(0.00)V(0.00)R(0.00)	N(0)F(0)T(0)E(0)N(0)D(0)L(0)L(0)V(0)R(0)	15.9181385	4	0	0	15.9181385	4	8.286312	0	0	0	0	FALSE	FALSE	FALSE	sp|P00734|THRB_HUMAN	P00734	THRB_HUMAN	F2	Prothrombin		tr|E9PIT3|E9PIT3_HUMAN	32112	2987.5623	31987	2857.4602	3021.84	23.172	80
240419_ES_R00006_MG_c00001_SA_NPB_3_i2.32188.32188.4	D:\SHARE\Tim\25-12-03_GD_Dataset\GD_dataset\NPB_3_i2\interact.pep.xml	NNATVHEQVGGPSLTSDLQAQSK	NN[2028]ATVHEQVGGPSLTSDLQAQSK	VYDDGEEK.NNATVHEQVGGPSLTSDLQAQSK.GNPEQTPV	K	G	23	4	3003.5322	4293.7954	4293.8335	1074.4561	1074.4657	4293.8389	1074.467	-0.0054	0.00018726	18.557	8.171	1	0	2	0	85	107	14530308	2N(1913.6770)	NA	HexNAc(4)Hex(5)NeuAc(1) % 1913.6770	3.73	0	NnATVHEQVGGPSLTSDLQAQSK	N(0.00)N(17.48)A(0.00)T(0.00)V(0.00)H(0.00)E(0.00)Q(0.00)V(0.00)G(0.00)G(0.00)P(0.00)S(0.00)L(0.00)T(0.00)S(0.00)D(0.00)L(0.00)Q(0.00)A(0.00)Q(0.00)S(0.00)K(0.00)	N2	1	N(0.00)N(9.25)A(0.00)T(0.00)V(0.00)H(0.00)E(0.00)Q(0.00)V(0.00)G(0.00)G(0.00)P(0.00)S(0.00)L(0.00)T(0.00)S(0.00)D(0.00)L(0.00)Q(0.00)A(0.00)Q(0.00)S(0.00)K(0.00)	N(0)N(0)A(0)T(0)V(0)H(0)E(0)Q(0)V(0)G(0)G(0)P(0)S(0)L(0)T(0)S(0)D(0)L(0)Q(0)A(0)Q(0)S(0)K(0)	17.476952	4	0	0	18.55774	5	9.254526	0	0	0	0	FALSE	FALSE	FALSE	sp|P04004|VTNC_HUMAN	P04004	VTNC_HUMAN	VTN	Vitronectin		tr|F5GX75|F5GX75_HUMAN	32146	3003.517	32187	2985.6592	3008.9631	21.401001	6
240419_ES_R00006_MG_c00001_SA_NPB_3_i2.32199.32199.4	D:\SHARE\Tim\25-12-03_GD_Dataset\GD_dataset\NPB_3_i2\interact.pep.xml	GTAGNALMDGASQLMGENR	GTAGNALM[147]DGASQLM[147]GEN[2028]R	QISVNKYR.GTAGNALMDGASQLMGENR.TMTIHNGM	R	T	19	4	3004.4158	3837.5537	3837.5493	960.3957	960.3946	3837.5183	960.3868	0.031	0.2613665	9.831	6.759	0.8887	0.000230947	2	0	377	395	0	"8M(15.9949),15M(15.9949),18N(1913.6770)"	NA	HexNAc(4)Hex(5)NeuAc(1) % 1913.6770	0.01	0	GTAGNALMDGASQLMGEnR	G(0.00)T(0.00)A(0.00)G(0.00)N(0.00)A(0.00)L(0.00)M(0.00)D(0.00)G(0.00)A(0.00)S(0.00)Q(0.00)L(0.00)M(0.00)G(0.00)E(0.00)N(9.83)R(0.00)	N18	1	G(0.00)T(0.00)A(0.00)G(0.00)N(0.00)A(0.00)L(0.00)M(0.00)D(0.00)G(0.00)A(0.00)S(0.00)Q(0.00)L(0.00)M(0.00)G(0.00)E(0.00)N(6.58)R(0.00)	G(0)T(0)A(0)G(0)N(0)A(0)L(0)M(0)D(0)G(0)A(0)S(0)Q(0)L(0)M(0)G(0)E(0)N(2)R(0)	9.831095	4	0	0	6.459585	2	6.5817146	2	0	0	0	FALSE	FALSE	FALSE	sp|P02675|FIBB_HUMAN	P02675	FIBB_HUMAN	FGB	Fibrinogen beta chain		tr|D6REL8|D6REL8_HUMAN	32146	0	0	0	0	0	0
240419_ES_R00006_MG_c00001_SA_NPB_3_i2.32322.32322.4	D:\SHARE\Tim\25-12-03_GD_Dataset\GD_dataset\NPB_3_i2\interact.pep.xml	NNATVHEQVGGPSLTSDLQAQSK	NN[2319]ATVHEQVGGPSLTSDLQAQSK	VYDDGEEK.NNATVHEQVGGPSLTSDLQAQSK.GNPEQTPV	K	G	23	4	3014.3643	4584.9424	4584.933	1147.2429	1147.2405	4584.9346	1147.241	-0.0012	0	58.745	15.712	1	0	2	0	85	107	114243592	2N(2204.7725)	NA	HexNAc(4)Hex(5)NeuAc(2) % 2204.7724	7.1	0	NnATVHEQVGGPSLTSDLQAQSK	N(0.00)N(58.65)A(0.00)T(0.00)V(0.00)H(0.00)E(0.00)Q(0.00)V(0.00)G(0.00)G(0.00)P(0.00)S(0.00)L(0.00)T(0.00)S(0.00)D(0.00)L(0.00)Q(0.00)A(0.00)Q(0.00)S(0.00)K(0.00)	N2	1	N(0.00)N(19.61)A(0.00)T(0.00)V(0.00)H(0.00)E(0.00)Q(0.00)V(0.00)G(0.00)G(0.00)P(0.00)S(0.00)L(0.00)T(0.00)S(0.00)D(0.00)L(0.00)Q(0.00)A(0.00)Q(0.00)S(0.00)K(0.00)	N(0)N(5)A(0)T(0)V(0)H(0)E(0)Q(0)V(0)G(0)G(0)P(0)S(0)L(0)T(0)S(0)D(0)L(0)Q(0)A(0)Q(0)S(0)K(0)	58.649254	20	0	0	58.74573	20	19.609543	5	0	0	0	FALSE	FALSE	FALSE	sp|P04004|VTNC_HUMAN	P04004	VTNC_HUMAN	VTN	Vitronectin		tr|F5GX75|F5GX75_HUMAN	32284	3019.622	32392	2431.745	3480.4631	38.528004	488
240419_ES_R00006_MG_c00001_SA_NPB_3_i2.32354.32354.4	D:\SHARE\Tim\25-12-03_GD_Dataset\GD_dataset\NPB_3_i2\interact.pep.xml	NNATVHEQVGGPSLTSDLQAQSK	NN[2465]ATVHEQVGGPSLTSDLQAQSK	VYDDGEEK.NNATVHEQVGGPSLTSDLQAQSK.GNPEQTPV	K	G	23	4	3016.8887	4730.9756	4730.991	1183.7512	1183.755	4730.9922	1183.7554	-0.001	5.39E-07	21.418	7.225	1	0	2	0	85	107	14057207	2N(2350.8303)	NA	HexNAc(4)Hex(5)Fuc(1)NeuAc(2) % 2350.8303	4.37	0	NnATVHEQVGGPSLTSDLQAQSK	N(0.00)N(20.05)A(0.00)T(0.00)V(0.00)H(0.00)E(0.00)Q(0.00)V(0.00)G(0.00)G(0.00)P(0.00)S(0.00)L(0.00)T(0.00)S(0.00)D(0.00)L(0.00)Q(0.00)A(0.00)Q(0.00)S(0.00)K(0.00)	N2	1	N(0.00)N(7.68)A(0.00)T(0.00)V(0.00)H(0.00)E(0.00)Q(0.00)V(0.00)G(0.00)G(0.00)P(0.00)S(0.00)L(0.00)T(0.00)S(0.00)D(0.00)L(0.00)Q(0.00)A(0.00)Q(0.00)S(0.00)K(0.00)	N(0)N(0)A(0)T(0)V(0)H(0)E(0)Q(0)V(0)G(0)G(0)P(0)S(0)L(0)T(0)S(0)D(0)L(0)Q(0)A(0)Q(0)S(0)K(0)	20.053364	6	0	0	21.418179	7	7.6765513	0	0	0	0	FALSE	FALSE	FALSE	sp|P04004|VTNC_HUMAN	P04004	VTNC_HUMAN	VTN	Vitronectin		tr|F5GX75|F5GX75_HUMAN	32321	3029.1711	32521	3006.874	3054.2441	14.966001	18
240419_ES_R00006_MG_c00001_SA_NPB_3_i2.32444.32444.3	D:\SHARE\Tim\25-12-03_GD_Dataset\GD_dataset\NPB_3_i2\interact.pep.xml	NFTENDLLVR	N[2028]FTENDLLVR	LLYPPWDK.NFTENDLLVR.IGKHSRTR	K	I	10	3	3023.4158	3134.3057	3134.2788	1045.7758	1045.7669	3133.2966	1045.4395	0.9821	0.01574889	15.711	7.481	0.9577	0.000230947	2	0	416	425	0	1N(1913.6770)	NA	HexNAc(4)Hex(5)NeuAc(1) % 1913.6770	0.88	0	nFTENDLLVR	N(15.71)F(0.00)T(0.00)E(0.00)N(0.00)D(0.00)L(0.00)L(0.00)V(0.00)R(0.00)	N1	1	N(9.61)F(0.00)T(0.00)E(0.00)N(0.00)D(0.00)L(0.00)L(0.00)V(0.00)R(0.00)	N(0)F(0)T(0)E(0)N(0)D(0)L(0)L(0)V(0)R(0)	15.711554	3	0	0	15.711554	3	9.610004	0	0	0	0	FALSE	FALSE	FALSE	sp|P00734|THRB_HUMAN	P00734	THRB_HUMAN	F2	Prothrombin		tr|E9PIT3|E9PIT3_HUMAN	32392	0	0	0	0	0	0
240419_ES_R00006_MG_c00001_SA_NPB_3_i2.32486.32486.3	D:\SHARE\Tim\25-12-03_GD_Dataset\GD_dataset\NPB_3_i2\interact.pep.xml	NNATVHEQVGGPSLTSDLQAQSK	NN[2319]ATVHEQVGGPSLTSDLQAQSK	VYDDGEEK.NNATVHEQVGGPSLTSDLQAQSK.GNPEQTPV	K	G	23	3	3026.68	4584.9385	4584.9224	1529.3201	1529.3147	4584.9346	1529.3188	-0.012	8.60E-13	39.07	7.842	1	0	2	0	85	107	21862724	2N(2204.7725)	NA	HexNAc(4)Hex(5)NeuAc(2) % 2204.7724	3.81	0	NnATVHEQVGGPSLTSDLQAQSK	N(0.00)N(37.44)A(0.00)T(0.00)V(0.00)H(0.00)E(0.00)Q(0.00)V(0.00)G(0.00)G(0.00)P(0.00)S(0.00)L(0.00)T(0.00)S(0.00)D(0.00)L(0.00)Q(0.00)A(0.00)Q(0.00)S(0.00)K(0.00)	N2	1	N(0.00)N(13.09)A(0.00)T(0.00)V(0.00)H(0.00)E(0.00)Q(0.00)V(0.00)G(0.00)G(0.00)P(0.00)S(0.00)L(0.00)T(0.00)S(0.00)D(0.00)L(0.00)Q(0.00)A(0.00)Q(0.00)S(0.00)K(0.00)	N(0)N(1)A(0)T(0)V(0)H(0)E(0)Q(0)V(0)G(0)G(0)P(0)S(0)L(0)T(0)S(0)D(0)L(0)Q(0)A(0)Q(0)S(0)K(0)	37.443253	11	0	0	39.07007	12	13.092421	1	0	0	0	FALSE	FALSE	FALSE	sp|P04004|VTNC_HUMAN	P04004	VTNC_HUMAN	VTN	Vitronectin		tr|F5GX75|F5GX75_HUMAN	32455	3016.5432	32350	2913.2751	3355.1062	15.092001	193
240419_ES_R00006_MG_c00001_SA_NPB_3_i2.32498.32498.3	D:\SHARE\Tim\25-12-03_GD_Dataset\GD_dataset\NPB_3_i2\interact.pep.xml	NNATVHEQVGGPSLTSDLQAQSK	NN[2028]ATVHEQVGGPSLTSDLQAQSK	VYDDGEEK.NNATVHEQVGGPSLTSDLQAQSK.GNPEQTPV	K	G	23	3	3027.503	4294.8496	4294.846	1432.6238	1432.6226	4293.8389	1432.287	1.0073	0.001035964	25.151	12.682	1	0	2	0	85	107	0	2N(1913.6770)	NA	HexNAc(4)Hex(5)NeuAc(1) % 1913.6770	2.56	0	NnATVHEQVGGPSLTSDLQAQSK	N(0.00)N(23.81)A(0.00)T(0.00)V(0.00)H(0.00)E(0.00)Q(0.00)V(0.00)G(0.00)G(0.00)P(0.00)S(0.00)L(0.00)T(0.00)S(0.00)D(0.00)L(0.00)Q(0.00)A(0.00)Q(0.00)S(0.00)K(0.00)	N2	1	N(0.00)N(10.88)A(0.00)T(0.00)V(0.00)H(0.00)E(0.00)Q(0.00)V(0.00)G(0.00)G(0.00)P(0.00)S(0.00)L(0.00)T(0.00)S(0.00)D(0.00)L(0.00)Q(0.00)A(0.00)Q(0.00)S(0.00)K(0.00)	N(0)N(1)A(0)T(0)V(0)H(0)E(0)Q(0)V(0)G(0)G(0)P(0)S(0)L(0)T(0)S(0)D(0)L(0)Q(0)A(0)Q(0)S(0)K(0)	23.805477	7	0	0	25.15108	8	10.879353	1	0	0	0	FALSE	FALSE	FALSE	sp|P04004|VTNC_HUMAN	P04004	VTNC_HUMAN	VTN	Vitronectin		tr|F5GX75|F5GX75_HUMAN	32455	0	0	0	0	0	0
240419_ES_R00006_MG_c00001_SA_NPB_3_i2.32528.32528.4	D:\SHARE\Tim\25-12-03_GD_Dataset\GD_dataset\NPB_3_i2\interact.pep.xml	NNATVHEQVGGPSLTSDLQAQSK	NN[2465]ATVHEQVGGPSLTSDLQAQSK	VYDDGEEK.NNATVHEQVGGPSLTSDLQAQSK.GNPEQTPV	K	G	23	4	3029.7222	4732.017	4731.9966	1184.0115	1184.0064	4730.9922	1183.7554	1.0044	2.40E-09	24.541	9.591	1	0	2	0	85	107	9774706	2N(2350.8303)	NA	HexNAc(4)Hex(5)Fuc(1)NeuAc(2) % 2350.8303	4.1	0	NnATVHEQVGGPSLTSDLQAQSK	N(0.00)N(24.54)A(0.00)T(0.00)V(0.00)H(0.00)E(0.00)Q(0.00)V(0.00)G(0.00)G(0.00)P(0.00)S(0.00)L(0.00)T(0.00)S(0.00)D(0.00)L(0.00)Q(0.00)A(0.00)Q(0.00)S(0.00)K(0.00)	N2	1	N(0.00)N(11.55)A(0.00)T(0.00)V(0.00)H(0.00)E(0.00)Q(0.00)V(0.00)G(0.00)G(0.00)P(0.00)S(0.00)L(0.00)T(0.00)S(0.00)D(0.00)L(0.00)Q(0.00)A(0.00)Q(0.00)S(0.00)K(0.00)	N(0)N(1)A(0)T(0)V(0)H(0)E(0)Q(0)V(0)G(0)G(0)P(0)S(0)L(0)T(0)S(0)D(0)L(0)Q(0)A(0)Q(0)S(0)K(0)	24.541586	7	0	0	22.746332	6	11.554549	1	0	0	0	FALSE	FALSE	FALSE	sp|P04004|VTNC_HUMAN	P04004	VTNC_HUMAN	VTN	Vitronectin		tr|F5GX75|F5GX75_HUMAN	32484	3029.1711	32521	3016.5432	3144.2222	106.98701	55
240419_ES_R00006_MG_c00001_SA_NPB_3_i2.32651.32651.3	D:\SHARE\Tim\25-12-03_GD_Dataset\GD_dataset\NPB_3_i2\interact.pep.xml	NNATVHEQVGGPSLTSDLQAQSK	NN[2028]ATVHEQVGGPSLTSDLQAQSK	VYDDGEEK.NNATVHEQVGGPSLTSDLQAQSK.GNPEQTPV	K	G	23	3	3038.8464	4293.8457	4293.845	1432.2892	1432.2889	4293.8389	1432.287	0.0063	7.45E-06	24.655	11.196	1	0	2	0	85	107	0	2N(1913.6770)	NA	HexNAc(4)Hex(5)NeuAc(1) % 1913.6770	2.92	0	NnATVHEQVGGPSLTSDLQAQSK	N(0.00)N(24.66)A(0.00)T(0.00)V(0.00)H(0.00)E(0.00)Q(0.00)V(0.00)G(0.00)G(0.00)P(0.00)S(0.00)L(0.00)T(0.00)S(0.00)D(0.00)L(0.00)Q(0.00)A(0.00)Q(0.00)S(0.00)K(0.00)	N2	1	N(0.00)N(8.52)A(0.00)T(0.00)V(0.00)H(0.00)E(0.00)Q(0.00)V(0.00)G(0.00)G(0.00)P(0.00)S(0.00)L(0.00)T(0.00)S(0.00)D(0.00)L(0.00)Q(0.00)A(0.00)Q(0.00)S(0.00)K(0.00)	N(0)N(2)A(0)T(0)V(0)H(0)E(0)Q(0)V(0)G(0)G(0)P(0)S(0)L(0)T(0)S(0)D(0)L(0)Q(0)A(0)Q(0)S(0)K(0)	24.655266	10	0	0	22.260466	8	8.5187	2	0	0	0	FALSE	FALSE	FALSE	sp|P04004|VTNC_HUMAN	P04004	VTNC_HUMAN	VTN	Vitronectin		tr|F5GX75|F5GX75_HUMAN	32620	0	0	0	0	0	0
240419_ES_R00006_MG_c00001_SA_NPB_3_i2.32667.32667.4	D:\SHARE\Tim\25-12-03_GD_Dataset\GD_dataset\NPB_3_i2\interact.pep.xml	NNATVHEQVGGPSLTSDLQAQSK	NN[3121]ATVHEQVGGPSLTSDLQAQSK	VYDDGEEK.NNATVHEQVGGPSLTSDLQAQSK.GNPEQTPV	K	G	23	4	3039.991	5387.2246	5387.2246	1347.8134	1347.8134	5387.2197	1347.8123	0.0049	0.001849269	18.432	0	0.9999	0	2	0	85	107	42225308	2N(3007.0579)	NA	HexNAc(5)Hex(6)Fuc(1)NeuAc(3) % 3007.0579	4.98	0	NnATVHEQVGGPSLTSDLQAQSK	N(0.00)N(15.60)A(0.00)T(0.00)V(0.00)H(0.00)E(0.00)Q(0.00)V(0.00)G(0.00)G(0.00)P(0.00)S(0.00)L(0.00)T(0.00)S(0.00)D(0.00)L(0.00)Q(0.00)A(0.00)Q(0.00)S(0.00)K(0.00)	N2	1	N(0.00)N(7.94)A(0.00)T(0.00)V(0.00)H(0.00)E(0.00)Q(0.00)V(0.00)G(0.00)G(0.00)P(0.00)S(0.00)L(0.00)T(0.00)S(0.00)D(0.00)L(0.00)Q(0.00)A(0.00)Q(0.00)S(0.00)K(0.00)	N(0)N(0)A(0)T(0)V(0)H(0)E(0)Q(0)V(0)G(0)G(0)P(0)S(0)L(0)T(0)S(0)D(0)L(0)Q(0)A(0)Q(0)S(0)K(0)	15.601288	4	0	0	18.432735	6	7.94307	0	0	0	0	FALSE	FALSE	FALSE	sp|P04004|VTNC_HUMAN	P04004	VTNC_HUMAN	VTN	Vitronectin		tr|F5GX75|F5GX75_HUMAN	32643	3026.4702	32484	2719.943	3346.04	38.428	272
240419_ES_R00006_MG_c00001_SA_NPB_3_i2.32677.32677.3	D:\SHARE\Tim\25-12-03_GD_Dataset\GD_dataset\NPB_3_i2\interact.pep.xml	NFTENDLLVR	N[2028]FTENDLLVR	LLYPPWDK.NFTENDLLVR.IGKHSRTR	K	I	10	3	3040.805	3133.259	3133.2444	1045.4269	1045.4221	3133.2966	1045.4395	-0.0522	0.03670709	13.241	0	0.9784	0.000230947	2	0	416	425	0	1N(1913.6770)	NA	HexNAc(4)Hex(5)NeuAc(1) % 1913.6770	0.86	0	nFTENDLLVR	N(13.24)F(0.00)T(0.00)E(0.00)N(0.00)D(0.00)L(0.00)L(0.00)V(0.00)R(0.00)	N1	1	N(7.52)F(0.00)T(0.00)E(0.00)N(0.00)D(0.00)L(0.00)L(0.00)V(0.00)R(0.00)	N(0)F(0)T(0)E(0)N(0)D(0)L(0)L(0)V(0)R(0)	13.241202	3	0	0	13.241202	3	7.51575	0	0	0	0	FALSE	FALSE	FALSE	sp|P00734|THRB_HUMAN	P00734	THRB_HUMAN	F2	Prothrombin		tr|E9PIT3|E9PIT3_HUMAN	32643	0	0	0	0	0	0
240419_ES_R00006_MG_c00001_SA_NPB_3_i2.32716.32716.3	D:\SHARE\Tim\25-12-03_GD_Dataset\GD_dataset\NPB_3_i2\interact.pep.xml	NGSLFAFR	N[2028]GSLFAFR	FDAFTDLK.NGSLFAFR.GQYCYELD	K	G	8	3	3043.7808	2824.1506	2824.1445	942.3908	942.3888	2824.1431	942.3882	0.0013	0.001718898	18.559	0	1	0	2	0	169	176	21929368	1N(1913.6770)	NA	HexNAc(4)Hex(5)NeuAc(1) % 1913.6770	4.92	0	nGSLFAFR	N(18.56)G(0.00)S(0.00)L(0.00)F(0.00)A(0.00)F(0.00)R(0.00)	N1	1	N(10.48)G(0.00)S(0.00)L(0.00)F(0.00)A(0.00)F(0.00)R(0.00)	N(0)G(0)S(0)L(0)F(0)A(0)F(0)R(0)	18.559137	4	0	0	18.559137	4	10.484196	0	0	0	0	FALSE	FALSE	TRUE	sp|P04004|VTNC_HUMAN	P04004	VTNC_HUMAN	VTN	Vitronectin			32693	3026.4702	32484	2869.039	3249.3442	25.019001	164
240419_ES_R00006_MG_c00001_SA_NPB_3_i2.32753.32753.4	D:\SHARE\Tim\25-12-03_GD_Dataset\GD_dataset\NPB_3_i2\interact.pep.xml	NNATVHEQVGGPSLTSDLQAQSK	NN[2684]ATVHEQVGGPSLTSDLQAQSK	VYDDGEEK.NNATVHEQVGGPSLTSDLQAQSK.GNPEQTPV	K	G	23	4	3046.4934	4950.067	4950.052	1238.524	1238.5203	4950.0664	1238.5239	-0.0146	0.000442093	17.753	7.254	1	0	2	0	85	107	47961492	2N(2569.9045)	NA	HexNAc(5)Hex(6)NeuAc(2) % 2569.9046	2.83	0	NnATVHEQVGGPSLTSDLQAQSK	N(0.00)N(17.75)A(0.00)T(0.00)V(0.00)H(0.00)E(0.00)Q(0.00)V(0.00)G(0.00)G(0.00)P(0.00)S(0.00)L(0.00)T(0.00)S(0.00)D(0.00)L(0.00)Q(0.00)A(0.00)Q(0.00)S(0.00)K(0.00)	N2	1	N(0.00)N(9.57)A(0.00)T(0.00)V(0.00)H(0.00)E(0.00)Q(0.00)V(0.00)G(0.00)G(0.00)P(0.00)S(0.00)L(0.00)T(0.00)S(0.00)D(0.00)L(0.00)Q(0.00)A(0.00)Q(0.00)S(0.00)K(0.00)	N(0)N(0)A(0)T(0)V(0)H(0)E(0)Q(0)V(0)G(0)G(0)P(0)S(0)L(0)T(0)S(0)D(0)L(0)Q(0)A(0)Q(0)S(0)K(0)	17.753576	4	0	0	17.753576	4	9.566204	0	0	0	0	FALSE	FALSE	FALSE	sp|P04004|VTNC_HUMAN	P04004	VTNC_HUMAN	VTN	Vitronectin		tr|F5GX75|F5GX75_HUMAN	32712	3024.2612	32455	2950.9731	3056.924	30.285002	42
240419_ES_R00006_MG_c00001_SA_NPB_3_i2.32755.32755.3	D:\SHARE\Tim\25-12-03_GD_Dataset\GD_dataset\NPB_3_i2\interact.pep.xml	NGSLFAFR	N[1825]GSLFAFR	FDAFTDLK.NGSLFAFR.GQYCYELD	K	G	8	3	3046.6313	2621.0684	2621.0654	874.6967	874.6957	2621.0637	874.6951	0.0016	0.000222459	20.111	0	1	0	2	0	169	176	11646048	1N(1710.5977)	NA	HexNAc(3)Hex(5)NeuAc(1) % 1710.5976	5.18	0	nGSLFAFR	N(20.11)G(0.00)S(0.00)L(0.00)F(0.00)A(0.00)F(0.00)R(0.00)	N1	1	N(9.68)G(0.00)S(0.00)L(0.00)F(0.00)A(0.00)F(0.00)R(0.00)	N(0)G(0)S(0)L(0)F(0)A(0)F(0)R(0)	20.11139	5	0	0	20.11139	5	9.679096	0	0	0	0	FALSE	FALSE	TRUE	sp|P04004|VTNC_HUMAN	P04004	VTNC_HUMAN	VTN	Vitronectin			32712	3033.8022	32584	2913.2751	3191.9812	22.405	115
240419_ES_R00006_MG_c00001_SA_NPB_3_i2.32820.32820.3	D:\SHARE\Tim\25-12-03_GD_Dataset\GD_dataset\NPB_3_i2\interact.pep.xml	NGSLFAFR	N[1825]GSLFAFR	FDAFTDLK.NGSLFAFR.GQYCYELD	K	G	8	3	3051.6414	2621.0654	2621.066	874.6957	874.6959	2621.0637	874.6951	0.0022	0.05764346	11.457	0	0.8179	0.000230947	2	0	169	176	11646048	1N(1710.5977)	NA	HexNAc(3)Hex(5)NeuAc(1) % 1710.5976	4.73	0	nGSLFAFR	N(11.46)G(0.00)S(0.00)L(0.00)F(0.00)A(0.00)F(0.00)R(0.00)	N1	1	N(7.92)G(0.00)S(0.00)L(0.00)F(0.00)A(0.00)F(0.00)R(0.00)	N(0)G(0)S(0)L(0)F(0)A(0)F(0)R(0)	11.457985	2	0	0	11.457985	2	7.918297	0	0	0	0	FALSE	FALSE	TRUE	sp|P04004|VTNC_HUMAN	P04004	VTNC_HUMAN	VTN	Vitronectin			32778	3033.8022	32584	2914.384	3163.037	22.405	108
240419_ES_R00006_MG_c00001_SA_NPB_3_i2.32848.32848.4	D:\SHARE\Tim\25-12-03_GD_Dataset\GD_dataset\NPB_3_i2\interact.pep.xml	NNATVHEQVGGPSLTSDLQAQSK	NN[2028]ATVHEQVGGPSLTSDLQAQSK	VYDDGEEK.NNATVHEQVGGPSLTSDLQAQSK.GNPEQTPV	K	G	23	4	3054.2595	4293.8423	4293.839	1074.4679	1074.467	4293.8389	1074.467	0	2.87E-12	44.697	16.029	1	0	2	0	85	107	22190124	2N(1913.6770)	NA	HexNAc(4)Hex(5)NeuAc(1) % 1913.6770	9.42	0	NnATVHEQVGGPSLTSDLQAQSK	N(0.00)N(43.41)A(0.00)T(0.00)V(0.00)H(0.00)E(0.00)Q(0.00)V(0.00)G(0.00)G(0.00)P(0.00)S(0.00)L(0.00)T(0.00)S(0.00)D(0.00)L(0.00)Q(0.00)A(0.00)Q(0.00)S(0.00)K(0.00)	N2	1	N(0.00)N(16.32)A(0.00)T(0.00)V(0.00)H(0.00)E(0.00)Q(0.00)V(0.00)G(0.00)G(0.00)P(0.00)S(0.00)L(0.00)T(0.00)S(0.00)D(0.00)L(0.00)Q(0.00)A(0.00)Q(0.00)S(0.00)K(0.00)	N(0)N(3)A(0)T(0)V(0)H(0)E(0)Q(0)V(0)G(0)G(0)P(0)S(0)L(0)T(0)S(0)D(0)L(0)Q(0)A(0)Q(0)S(0)K(0)	43.41417	14	0	0	44.69723	15	16.316204	3	0	0	0	FALSE	FALSE	FALSE	sp|P04004|VTNC_HUMAN	P04004	VTNC_HUMAN	VTN	Vitronectin		tr|F5GX75|F5GX75_HUMAN	32815	3041.9902	32693	2908.06	3236.9631	14.264001	142
240419_ES_R00006_MG_c00001_SA_NPB_3_i2.32860.32860.5	D:\SHARE\Tim\25-12-03_GD_Dataset\GD_dataset\NPB_3_i2\interact.pep.xml	NNATVHEQVGGPSLTSDLQAQSK	NN[3121]ATVHEQVGGPSLTSDLQAQSK	VYDDGEEK.NNATVHEQVGGPSLTSDLQAQSK.GNPEQTPV	K	G	23	5	3055.204	5387.227	5387.29	1078.4527	1078.4653	5387.2197	1078.4513	0.0703	0.000202302	22.276	0	1	0	2	0	85	107	0	2N(3007.0579)	NA	HexNAc(5)Hex(6)Fuc(1)NeuAc(3) % 3007.0579	-0.46	0	NnATVHEQVGGPSLTSDLQAQSK	N(0.00)N(22.28)A(0.00)T(0.00)V(0.00)H(0.00)E(0.00)Q(0.00)V(0.00)G(0.00)G(0.00)P(0.00)S(0.00)L(0.00)T(0.00)S(0.00)D(0.00)L(0.00)Q(0.00)A(0.00)Q(0.00)S(0.00)K(0.00)	N2	1	N(0.00)N(7.55)A(0.00)T(0.00)V(0.00)H(0.00)E(0.00)Q(0.00)V(0.00)G(0.00)G(0.00)P(0.00)S(0.00)L(0.00)T(0.00)S(0.00)D(0.00)L(0.00)Q(0.00)A(0.00)Q(0.00)S(0.00)K(0.00)	N(0)N(0)A(0)T(0)V(0)H(0)E(0)Q(0)V(0)G(0)G(0)P(0)S(0)L(0)T(0)S(0)D(0)L(0)Q(0)A(0)Q(0)S(0)K(0)	22.276875	7	0	0	22.276875	7	7.552867	0	0	0	0	FALSE	FALSE	FALSE	sp|P04004|VTNC_HUMAN	P04004	VTNC_HUMAN	VTN	Vitronectin		tr|F5GX75|F5GX75_HUMAN	32815	0	0	0	0	0	0
240419_ES_R00006_MG_c00001_SA_NPB_3_i2.32885.32885.3	D:\SHARE\Tim\25-12-03_GD_Dataset\GD_dataset\NPB_3_i2\interact.pep.xml	NFTENDLLVR	N[2028]FTENDLLVR	LLYPPWDK.NFTENDLLVR.IGKHSRTR	K	I	10	3	3056.9392	3133.2827	3133.2505	1045.4348	1045.4241	3133.2966	1045.4395	-0.0461	0.01371671	14.951	6.767	0.9907	0	2	0	416	425	0	1N(1913.6770)	NA	HexNAc(4)Hex(5)NeuAc(1) % 1913.6770	-0.4	0	nFTENDLLVR	N(14.95)F(0.00)T(0.00)E(0.00)N(0.00)D(0.00)L(0.00)L(0.00)V(0.00)R(0.00)	N1	1	N(4.67)F(0.00)T(0.00)E(0.00)N(0.00)D(0.00)L(0.00)L(0.00)V(0.00)R(0.00)	N(0)F(0)T(0)E(0)N(0)D(0)L(0)L(0)V(0)R(0)	14.951921	5	0	0	14.951921	5	4.6687646	0	0	0	0	FALSE	FALSE	FALSE	sp|P00734|THRB_HUMAN	P00734	THRB_HUMAN	F2	Prothrombin		tr|E9PIT3|E9PIT3_HUMAN	32847	0	0	0	0	0	0
240419_ES_R00006_MG_c00001_SA_NPB_3_i2.32888.32888.5	D:\SHARE\Tim\25-12-03_GD_Dataset\GD_dataset\NPB_3_i2\interact.pep.xml	NNATVHEQVGGPSLTSDLQAQSK	NN[2975]ATVHEQVGGPSLTSDLQAQSK	VYDDGEEK.NNATVHEQVGGPSLTSDLQAQSK.GNPEQTPV	K	G	23	5	3057.2703	5241.1694	5241.1616	1049.2412	1049.2396	5241.1621	1049.2397	-2.00E-04	3.13E-09	23.57	13.235	1	0	2	0	85	107	0	2N(2861.0000)	NA	HexNAc(5)Hex(6)NeuAc(3) % 2861.0000	8.1	0	NnATVHEQVGGPSLTSDLQAQSK	N(0.00)N(23.57)A(0.00)T(0.00)V(0.00)H(0.00)E(0.00)Q(0.00)V(0.00)G(0.00)G(0.00)P(0.00)S(0.00)L(0.00)T(0.00)S(0.00)D(0.00)L(0.00)Q(0.00)A(0.00)Q(0.00)S(0.00)K(0.00)	N2	1	N(0.00)N(7.48)A(0.00)T(0.00)V(0.00)H(0.00)E(0.00)Q(0.00)V(0.00)G(0.00)G(0.00)P(0.00)S(0.00)L(0.00)T(0.00)S(0.00)D(0.00)L(0.00)Q(0.00)A(0.00)Q(0.00)S(0.00)K(0.00)	N(0)N(1)A(0)T(0)V(0)H(0)E(0)Q(0)V(0)G(0)G(0)P(0)S(0)L(0)T(0)S(0)D(0)L(0)Q(0)A(0)Q(0)S(0)K(0)	23.570007	9	0	0	22.351835	8	7.4760804	1	0	0	0	FALSE	FALSE	FALSE	sp|P04004|VTNC_HUMAN	P04004	VTNC_HUMAN	VTN	Vitronectin		tr|F5GX75|F5GX75_HUMAN	32847	0	0	0	0	0	0
240419_ES_R00006_MG_c00001_SA_NPB_3_i2.32920.32920.4	D:\SHARE\Tim\25-12-03_GD_Dataset\GD_dataset\NPB_3_i2\interact.pep.xml	NNATVHEQVGGPSLTSDLQAQSK	NN[2975]ATVHEQVGGPSLTSDLQAQSK	VYDDGEEK.NNATVHEQVGGPSLTSDLQAQSK.GNPEQTPV	K	G	23	4	3059.508	5241.1675	5241.1655	1311.2992	1311.2987	5241.1621	1311.2979	0.0037	1.00E-14	34.557	13.444	1	0	2	0	85	107	78319936	2N(2861.0000)	NA	HexNAc(5)Hex(6)NeuAc(3) % 2861.0000	6.96	0	NnATVHEQVGGPSLTSDLQAQSK	N(0.00)N(34.29)A(0.00)T(0.00)V(0.00)H(0.00)E(0.00)Q(0.00)V(0.00)G(0.00)G(0.00)P(0.00)S(0.00)L(0.00)T(0.00)S(0.00)D(0.00)L(0.00)Q(0.00)A(0.00)Q(0.00)S(0.00)K(0.00)	N2	1	N(0.00)N(10.83)A(0.00)T(0.00)V(0.00)H(0.00)E(0.00)Q(0.00)V(0.00)G(0.00)G(0.00)P(0.00)S(0.00)L(0.00)T(0.00)S(0.00)D(0.00)L(0.00)Q(0.00)A(0.00)Q(0.00)S(0.00)K(0.00)	N(0)N(1)A(0)T(0)V(0)H(0)E(0)Q(0)V(0)G(0)G(0)P(0)S(0)L(0)T(0)S(0)D(0)L(0)Q(0)A(0)Q(0)S(0)K(0)	34.292053	11	0	0	34.557022	11	10.8334255	1	0	0	0	FALSE	FALSE	FALSE	sp|P04004|VTNC_HUMAN	P04004	VTNC_HUMAN	VTN	Vitronectin		tr|F5GX75|F5GX75_HUMAN	32884	3043.434	32712	2595.079	3366.922	22.405	342
240419_ES_R00006_MG_c00001_SA_NPB_3_i2.33166.33166.4	D:\SHARE\Tim\25-12-03_GD_Dataset\GD_dataset\NPB_3_i2\interact.pep.xml	NNATVHEQVGGPSLTSDLQAQSK	NN[2319]ATVHEQVGGPSLTSDLQAQSK	VYDDGEEK.NNATVHEQVGGPSLTSDLQAQSK.GNPEQTPV	K	G	23	4	3078.2676	4584.943	4584.934	1147.243	1147.2408	4584.9346	1147.241	-2.00E-04	9.68E-06	33.556	9.844	0.999	0	2	0	85	107	99232384	2N(2204.7725)	NA	HexNAc(4)Hex(5)NeuAc(2) % 2204.7724	9.41	0	NnATVHEQVGGPSLTSDLQAQSK	N(0.00)N(33.56)A(0.00)T(0.00)V(0.00)H(0.00)E(0.00)Q(0.00)V(0.00)G(0.00)G(0.00)P(0.00)S(0.00)L(0.00)T(0.00)S(0.00)D(0.00)L(0.00)Q(0.00)A(0.00)Q(0.00)S(0.00)K(0.00)	N2	1	N(0.00)N(12.95)A(0.00)T(0.00)V(0.00)H(0.00)E(0.00)Q(0.00)V(0.00)G(0.00)G(0.00)P(0.00)S(0.00)L(0.00)T(0.00)S(0.00)D(0.00)L(0.00)Q(0.00)A(0.00)Q(0.00)S(0.00)K(0.00)	N(0)N(2)A(0)T(0)V(0)H(0)E(0)Q(0)V(0)G(0)G(0)P(0)S(0)L(0)T(0)S(0)D(0)L(0)Q(0)A(0)Q(0)S(0)K(0)	33.5566	11	0	0	33.397995	11	12.945365	2	0	0	0	FALSE	FALSE	FALSE	sp|P04004|VTNC_HUMAN	P04004	VTNC_HUMAN	VTN	Vitronectin		tr|F5GX75|F5GX75_HUMAN	33127	3098.1182	33433	2368.9302	3473.643	38.528004	515
240419_ES_R00006_MG_c00001_SA_NPB_3_i2.33168.33168.4	D:\SHARE\Tim\25-12-03_GD_Dataset\GD_dataset\NPB_3_i2\interact.pep.xml	EDNAVQPNSSYTYVWHATER	EDNAVQPN[2319]SSYTYVWHATER	DDSPEWFK.EDNAVQPNSSYTYVWHATER.SGPESPGS	K	S	20	4	3078.5303	4573.8364	4573.8276	1144.4664	1144.4642	4570.8286	1143.7145	2.999	0.0381286	10.567	0	0.9555	0.000230947	2	0	1696	1715	0	8N(2204.7725)	NA	HexNAc(4)Hex(5)NeuAc(2) % 2204.7724	-0.12	0	EDNAVQPnSSYTYVWHATER	E(0.00)D(0.00)N(0.00)A(0.00)V(0.00)Q(0.00)P(0.00)N(10.57)S(0.00)S(0.00)Y(0.00)T(0.00)Y(0.00)V(0.00)W(0.00)H(0.00)A(0.00)T(0.00)E(0.00)R(0.00)	N8	1	E(0.00)D(0.00)N(0.00)A(0.00)V(0.00)Q(0.00)P(0.00)N(0.00)S(0.00)S(0.00)Y(0.00)T(0.00)Y(0.00)V(0.00)W(0.00)H(0.00)A(0.00)T(0.00)E(0.00)R(0.00)	E(0)D(0)N(0)A(0)V(0)Q(0)P(0)N(0)S(0)S(0)Y(0)T(0)Y(0)V(0)W(0)H(0)A(0)T(0)E(0)R(0)	10.567119	6	0	0	10.567119	6	0	0	0	0	0	FALSE	FALSE	FALSE	sp|P12259|FA5_HUMAN	P12259	FA5_HUMAN	F5	Coagulation factor V		tr|A0A0A0MRJ7|A0A0A0MRJ7_HUMAN	33127	0	0	0	0	0	0
240419_ES_R00006_MG_c00001_SA_NPB_3_i2.33246.33246.4	D:\SHARE\Tim\25-12-03_GD_Dataset\GD_dataset\NPB_3_i2\interact.pep.xml	NNATVHEQVGGPSLTSDLQAQSK	NN[2465]ATVHEQVGGPSLTSDLQAQSK	VYDDGEEK.NNATVHEQVGGPSLTSDLQAQSK.GNPEQTPV	K	G	23	4	3084.3796	4731.007	4730.9907	1183.759	1183.755	4730.9922	1183.7554	-0.0015	5.78E-07	31.452	6.953	1	0	2	0	85	107	9905295	2N(2350.8303)	NA	HexNAc(4)Hex(5)Fuc(1)NeuAc(2) % 2350.8303	4.09	0	NnATVHEQVGGPSLTSDLQAQSK	N(0.00)N(31.45)A(0.00)T(0.00)V(0.00)H(0.00)E(0.00)Q(0.00)V(0.00)G(0.00)G(0.00)P(0.00)S(0.00)L(0.00)T(0.00)S(0.00)D(0.00)L(0.00)Q(0.00)A(0.00)Q(0.00)S(0.00)K(0.00)	N2	1	N(0.00)N(10.75)A(0.00)T(0.00)V(0.00)H(0.00)E(0.00)Q(0.00)V(0.00)G(0.00)G(0.00)P(0.00)S(0.00)L(0.00)T(0.00)S(0.00)D(0.00)L(0.00)Q(0.00)A(0.00)Q(0.00)S(0.00)K(0.00)	N(0)N(1)A(0)T(0)V(0)H(0)E(0)Q(0)V(0)G(0)G(0)P(0)S(0)L(0)T(0)S(0)D(0)L(0)Q(0)A(0)Q(0)S(0)K(0)	31.45272	10	0	0	31.378515	10	10.75078	1	0	0	0	FALSE	FALSE	FALSE	sp|P04004|VTNC_HUMAN	P04004	VTNC_HUMAN	VTN	Vitronectin		tr|F5GX75|F5GX75_HUMAN	33215	3103.548	33507	3003.517	3144.2222	120.01301	60
240419_ES_R00006_MG_c00001_SA_NPB_3_i2.33302.33302.3	D:\SHARE\Tim\25-12-03_GD_Dataset\GD_dataset\NPB_3_i2\interact.pep.xml	NNATVHEQVGGPSLTSDLQAQSK	NN[2319]ATVHEQVGGPSLTSDLQAQSK	VYDDGEEK.NNATVHEQVGGPSLTSDLQAQSK.GNPEQTPV	K	G	23	3	3088.4207	4584.9385	4584.9404	1529.3201	1529.3207	4584.9346	1529.3188	0.0061	4.77E-05	27.786	0	1	0	2	0	85	107	20828074	2N(2204.7725)	NA	HexNAc(4)Hex(5)NeuAc(2) % 2204.7724	4.26	0	NnATVHEQVGGPSLTSDLQAQSK	N(0.00)N(27.72)A(0.00)T(0.00)V(0.00)H(0.00)E(0.00)Q(0.00)V(0.00)G(0.00)G(0.00)P(0.00)S(0.00)L(0.00)T(0.00)S(0.00)D(0.00)L(0.00)Q(0.00)A(0.00)Q(0.00)S(0.00)K(0.00)	N2	1	N(0.00)N(9.58)A(0.00)T(0.00)V(0.00)H(0.00)E(0.00)Q(0.00)V(0.00)G(0.00)G(0.00)P(0.00)S(0.00)L(0.00)T(0.00)S(0.00)D(0.00)L(0.00)Q(0.00)A(0.00)Q(0.00)S(0.00)K(0.00)	N(0)N(1)A(0)T(0)V(0)H(0)E(0)Q(0)V(0)G(0)G(0)P(0)S(0)L(0)T(0)S(0)D(0)L(0)Q(0)A(0)Q(0)S(0)K(0)	27.723782	9	0	0	27.7864	9	9.580072	1	0	0	0	FALSE	FALSE	FALSE	sp|P04004|VTNC_HUMAN	P04004	VTNC_HUMAN	VTN	Vitronectin		tr|F5GX75|F5GX75_HUMAN	33276	3098.1182	33433	2913.2751	3355.1062	15.092001	193
240419_ES_R00006_MG_c00001_SA_NPB_3_i2.33313.33313.5	D:\SHARE\Tim\25-12-03_GD_Dataset\GD_dataset\NPB_3_i2\interact.pep.xml	NNATVHEQVGGPSLTSDLQAQSK	NN[2319]ATVHEQVGGPSLTSDLQAQSK	VYDDGEEK.NNATVHEQVGGPSLTSDLQAQSK.GNPEQTPV	K	G	23	5	3089.2983	4584.939	4584.9336	917.9951	917.994	4584.9346	917.9943	-7.00E-04	0.05721369	13.47	0	0.9917	0	2	0	85	107	0	2N(2204.7725)	NA	HexNAc(4)Hex(5)NeuAc(2) % 2204.7724	5.43	0	NnATVHEQVGGPSLTSDLQAQSK	N(0.00)N(13.47)A(0.00)T(0.00)V(0.00)H(0.00)E(0.00)Q(0.00)V(0.00)G(0.00)G(0.00)P(0.00)S(0.00)L(0.00)T(0.00)S(0.00)D(0.00)L(0.00)Q(0.00)A(0.00)Q(0.00)S(0.00)K(0.00)	N2	1	N(0.00)N(7.88)A(0.00)T(0.00)V(0.00)H(0.00)E(0.00)Q(0.00)V(0.00)G(0.00)G(0.00)P(0.00)S(0.00)L(0.00)T(0.00)S(0.00)D(0.00)L(0.00)Q(0.00)A(0.00)Q(0.00)S(0.00)K(0.00)	N(0)N(0)A(0)T(0)V(0)H(0)E(0)Q(0)V(0)G(0)G(0)P(0)S(0)L(0)T(0)S(0)D(0)L(0)Q(0)A(0)Q(0)S(0)K(0)	13.470596	3	0	0	13.470596	3	7.8766418	0	0	0	0	FALSE	FALSE	FALSE	sp|P04004|VTNC_HUMAN	P04004	VTNC_HUMAN	VTN	Vitronectin		tr|F5GX75|F5GX75_HUMAN	33276	0	0	0	0	0	0
240419_ES_R00006_MG_c00001_SA_NPB_3_i2.33403.33403.3	D:\SHARE\Tim\25-12-03_GD_Dataset\GD_dataset\NPB_3_i2\interact.pep.xml	NNATVHEQVGGPSLTSDLQAQSK	NN[2319]ATVHEQVGGPSLTSDLQAQSK	VYDDGEEK.NNATVHEQVGGPSLTSDLQAQSK.GNPEQTPV	K	G	23	3	3095.854	4585.935	4585.9346	1529.6523	1529.6521	4584.9346	1529.3188	1.0002	1.70E-05	29.574	8.98	1	0	2	0	85	107	20828074	2N(2204.7725)	NA	HexNAc(4)Hex(5)NeuAc(2) % 2204.7724	5.97	0	NnATVHEQVGGPSLTSDLQAQSK	N(0.00)N(25.47)A(0.00)T(0.00)V(0.00)H(0.00)E(0.00)Q(0.00)V(0.00)G(0.00)G(0.00)P(0.00)S(0.00)L(0.00)T(0.00)S(0.00)D(0.00)L(0.00)Q(0.00)A(0.00)Q(0.00)S(0.00)K(0.00)	N2	1	N(0.00)N(8.34)A(0.00)T(0.00)V(0.00)H(0.00)E(0.00)Q(0.00)V(0.00)G(0.00)G(0.00)P(0.00)S(0.00)L(0.00)T(0.00)S(0.00)D(0.00)L(0.00)Q(0.00)A(0.00)Q(0.00)S(0.00)K(0.00)	N(0)N(0)A(0)T(0)V(0)H(0)E(0)Q(0)V(0)G(0)G(0)P(0)S(0)L(0)T(0)S(0)D(0)L(0)Q(0)A(0)Q(0)S(0)K(0)	25.466557	8	0	0	29.574312	11	8.338275	0	0	0	0	FALSE	FALSE	FALSE	sp|P04004|VTNC_HUMAN	P04004	VTNC_HUMAN	VTN	Vitronectin		tr|F5GX75|F5GX75_HUMAN	33367	3098.1182	33433	2911.8452	3355.1062	15.092001	193
240419_ES_R00006_MG_c00001_SA_NPB_3_i2.33411.33411.3	D:\SHARE\Tim\25-12-03_GD_Dataset\GD_dataset\NPB_3_i2\interact.pep.xml	NNATVHEQVGGPSLTSDLQAQSK	NN[2028]ATVHEQVGGPSLTSDLQAQSK	VYDDGEEK.NNATVHEQVGGPSLTSDLQAQSK.GNPEQTPV	K	G	23	3	3096.5254	4294.818	4294.834	1432.6133	1432.6186	4293.8389	1432.287	0.9951	8.28E-05	26.374	7.437	1	0	2	0	85	107	13157347	2N(1913.6770)	NA	HexNAc(4)Hex(5)NeuAc(1) % 1913.6770	2.31	0	NnATVHEQVGGPSLTSDLQAQSK	N(0.00)N(26.37)A(0.00)T(0.00)V(0.00)H(0.00)E(0.00)Q(0.00)V(0.00)G(0.00)G(0.00)P(0.00)S(0.00)L(0.00)T(0.00)S(0.00)D(0.00)L(0.00)Q(0.00)A(0.00)Q(0.00)S(0.00)K(0.00)	N2	1	N(0.00)N(12.66)A(0.00)T(0.00)V(0.00)H(0.00)E(0.00)Q(0.00)V(0.00)G(0.00)G(0.00)P(0.00)S(0.00)L(0.00)T(0.00)S(0.00)D(0.00)L(0.00)Q(0.00)A(0.00)Q(0.00)S(0.00)K(0.00)	N(0)N(1)A(0)T(0)V(0)H(0)E(0)Q(0)V(0)G(0)G(0)P(0)S(0)L(0)T(0)S(0)D(0)L(0)Q(0)A(0)Q(0)S(0)K(0)	26.374117	7	0	0	25.11907	6	12.660961	1	0	0	0	FALSE	FALSE	FALSE	sp|P04004|VTNC_HUMAN	P04004	VTNC_HUMAN	VTN	Vitronectin		tr|F5GX75|F5GX75_HUMAN	33367	3108.79	33578	3071.111	3172.8652	9.133	38
240419_ES_R00006_MG_c00001_SA_NPB_3_i2.33546.33546.4	D:\SHARE\Tim\25-12-03_GD_Dataset\GD_dataset\NPB_3_i2\interact.pep.xml	NNATVHEQVGGPSLTSDLQAQSK	NN[2975]ATVHEQVGGPSLTSDLQAQSK	VYDDGEEK.NNATVHEQVGGPSLTSDLQAQSK.GNPEQTPV	K	G	23	4	3106.3953	5242.177	5242.1704	1311.5515	1311.5499	5241.1621	1311.2979	1.0085	5.42E-10	37.383	11.6	1	0	2	0	85	107	52450452	2N(2861.0000)	NA	HexNAc(5)Hex(6)NeuAc(3) % 2861.0000	6.53	0	NnATVHEQVGGPSLTSDLQAQSK	N(0.00)N(37.12)A(0.00)T(0.00)V(0.00)H(0.00)E(0.00)Q(0.00)V(0.00)G(0.00)G(0.00)P(0.00)S(0.00)L(0.00)T(0.00)S(0.00)D(0.00)L(0.00)Q(0.00)A(0.00)Q(0.00)S(0.00)K(0.00)	N2	1	N(0.00)N(10.90)A(0.00)T(0.00)V(0.00)H(0.00)E(0.00)Q(0.00)V(0.00)G(0.00)G(0.00)P(0.00)S(0.00)L(0.00)T(0.00)S(0.00)D(0.00)L(0.00)Q(0.00)A(0.00)Q(0.00)S(0.00)K(0.00)	N(0)N(1)A(0)T(0)V(0)H(0)E(0)Q(0)V(0)G(0)G(0)P(0)S(0)L(0)T(0)S(0)D(0)L(0)Q(0)A(0)Q(0)S(0)K(0)	37.12194	12	0	0	37.383736	12	10.897307	1	0	0	0	FALSE	FALSE	FALSE	sp|P04004|VTNC_HUMAN	P04004	VTNC_HUMAN	VTN	Vitronectin		tr|F5GX75|F5GX75_HUMAN	33507	3088.405	33301	2667.746	3366.922	22.405	309
240419_ES_R00006_MG_c00001_SA_NPB_3_i2.33549.33549.4	D:\SHARE\Tim\25-12-03_GD_Dataset\GD_dataset\NPB_3_i2\interact.pep.xml	NNATVHEQVGGPSLTSDLQAQSK	NN[3121]ATVHEQVGGPSLTSDLQAQSK	VYDDGEEK.NNATVHEQVGGPSLTSDLQAQSK.GNPEQTPV	K	G	23	4	3106.7266	5387.235	5387.2397	1347.816	1347.8172	5387.2197	1347.8123	0.02	1.78E-06	30.494	6.323	1	0	2	0	85	107	0	2N(3007.0579)	NA	HexNAc(5)Hex(6)Fuc(1)NeuAc(3) % 3007.0579	3.72	0	NnATVHEQVGGPSLTSDLQAQSK	N(0.00)N(30.49)A(0.00)T(0.00)V(0.00)H(0.00)E(0.00)Q(0.00)V(0.00)G(0.00)G(0.00)P(0.00)S(0.00)L(0.00)T(0.00)S(0.00)D(0.00)L(0.00)Q(0.00)A(0.00)Q(0.00)S(0.00)K(0.00)	N2	1	N(0.00)N(11.56)A(0.00)T(0.00)V(0.00)H(0.00)E(0.00)Q(0.00)V(0.00)G(0.00)G(0.00)P(0.00)S(0.00)L(0.00)T(0.00)S(0.00)D(0.00)L(0.00)Q(0.00)A(0.00)Q(0.00)S(0.00)K(0.00)	N(0)N(0)A(0)T(0)V(0)H(0)E(0)Q(0)V(0)G(0)G(0)P(0)S(0)L(0)T(0)S(0)D(0)L(0)Q(0)A(0)Q(0)S(0)K(0)	30.494232	8	0	0	30.494232	8	11.563159	0	0	0	0	FALSE	FALSE	FALSE	sp|P04004|VTNC_HUMAN	P04004	VTNC_HUMAN	VTN	Vitronectin		tr|F5GX75|F5GX75_HUMAN	33507	0	0	0	0	0	0
240419_ES_R00006_MG_c00001_SA_NPB_3_i2.33553.33553.4	D:\SHARE\Tim\25-12-03_GD_Dataset\GD_dataset\NPB_3_i2\interact.pep.xml	NNATVHEQVGGPSLTSDLQAQSK	NN[2028]ATVHEQVGGPSLTSDLQAQSK	VYDDGEEK.NNATVHEQVGGPSLTSDLQAQSK.GNPEQTPV	K	G	23	4	3107.0042	4294.855	4294.8457	1074.721	1074.7187	4293.8389	1074.467	1.0068	0.07924531	17.864	0	0.9668	0.000230947	2	0	85	107	22138738	2N(1913.6770)	NA	HexNAc(4)Hex(5)NeuAc(1) % 1913.6770	3.95	0	NnATVHEQVGGPSLTSDLQAQSK	N(0.00)N(17.86)A(0.00)T(0.00)V(0.00)H(0.00)E(0.00)Q(0.00)V(0.00)G(0.00)G(0.00)P(0.00)S(0.00)L(0.00)T(0.00)S(0.00)D(0.00)L(0.00)Q(0.00)A(0.00)Q(0.00)S(0.00)K(0.00)	N2	1	N(0.00)N(9.68)A(0.00)T(0.00)V(0.00)H(0.00)E(0.00)Q(0.00)V(0.00)G(0.00)G(0.00)P(0.00)S(0.00)L(0.00)T(0.00)S(0.00)D(0.00)L(0.00)Q(0.00)A(0.00)Q(0.00)S(0.00)K(0.00)	N(0)N(0)A(0)T(0)V(0)H(0)E(0)Q(0)V(0)G(0)G(0)P(0)S(0)L(0)T(0)S(0)D(0)L(0)Q(0)A(0)Q(0)S(0)K(0)	17.864208	4	0	0	17.864208	4	9.676532	0	0	0	0	FALSE	FALSE	FALSE	sp|P04004|VTNC_HUMAN	P04004	VTNC_HUMAN	VTN	Vitronectin		tr|F5GX75|F5GX75_HUMAN	33507	3108.79	33578	2908.06	3236.9631	14.264001	141
240419_ES_R00006_MG_c00001_SA_NPB_3_i2.33581.33581.3	D:\SHARE\Tim\25-12-03_GD_Dataset\GD_dataset\NPB_3_i2\interact.pep.xml	NNATVHEQVGGPSLTSDLQAQSK	NN[2028]ATVHEQVGGPSLTSDLQAQSK	VYDDGEEK.NNATVHEQVGGPSLTSDLQAQSK.GNPEQTPV	K	G	23	3	3109.068	4293.837	4293.8354	1432.2863	1432.2857	4293.8389	1432.287	-0.0035	7.80E-08	21.36	7.378	1	0	2	0	85	107	13157347	2N(1913.6770)	NA	HexNAc(4)Hex(5)NeuAc(1) % 1913.6770	4.04	0	NnATVHEQVGGPSLTSDLQAQSK	N(0.00)N(20.14)A(0.00)T(0.00)V(0.00)H(0.00)E(0.00)Q(0.00)V(0.00)G(0.00)G(0.00)P(0.00)S(0.00)L(0.00)T(0.00)S(0.00)D(0.00)L(0.00)Q(0.00)A(0.00)Q(0.00)S(0.00)K(0.00)	N2	1	N(0.00)N(9.58)A(0.00)T(0.00)V(0.00)H(0.00)E(0.00)Q(0.00)V(0.00)G(0.00)G(0.00)P(0.00)S(0.00)L(0.00)T(0.00)S(0.00)D(0.00)L(0.00)Q(0.00)A(0.00)Q(0.00)S(0.00)K(0.00)	N(0)N(0)A(0)T(0)V(0)H(0)E(0)Q(0)V(0)G(0)G(0)P(0)S(0)L(0)T(0)S(0)D(0)L(0)Q(0)A(0)Q(0)S(0)K(0)	20.13638	5	0	0	21.360743	6	9.578503	0	0	0	0	FALSE	FALSE	FALSE	sp|P04004|VTNC_HUMAN	P04004	VTNC_HUMAN	VTN	Vitronectin		tr|F5GX75|F5GX75_HUMAN	33545	3108.79	33578	3103.548	3265.4473	25.179	58
240419_ES_R00006_MG_c00001_SA_NPB_3_i2.33616.33616.3	D:\SHARE\Tim\25-12-03_GD_Dataset\GD_dataset\NPB_3_i2\interact.pep.xml	NNATVHEQVGGPSLTSDLQAQSK	NN[2028]ATVHEQVGGPSLTSDLQAQSK	VYDDGEEK.NNATVHEQVGGPSLTSDLQAQSK.GNPEQTPV	K	G	23	3	3111.645	4293.8076	4293.8267	1432.2765	1432.2828	4293.8389	1432.287	-0.0123	0.00020632	25.072	8.975	1	0	2	0	85	107	13157347	2N(1913.6770)	NA	HexNAc(4)Hex(5)NeuAc(1) % 1913.6770	2.05	0	NnATVHEQVGGPSLTSDLQAQSK	N(0.00)N(25.07)A(0.00)T(0.00)V(0.00)H(0.00)E(0.00)Q(0.00)V(0.00)G(0.00)G(0.00)P(0.00)S(0.00)L(0.00)T(0.00)S(0.00)D(0.00)L(0.00)Q(0.00)A(0.00)Q(0.00)S(0.00)K(0.00)	N2	1	N(0.00)N(11.47)A(0.00)T(0.00)V(0.00)H(0.00)E(0.00)Q(0.00)V(0.00)G(0.00)G(0.00)P(0.00)S(0.00)L(0.00)T(0.00)S(0.00)D(0.00)L(0.00)Q(0.00)A(0.00)Q(0.00)S(0.00)K(0.00)	N(0)N(0)A(0)T(0)V(0)H(0)E(0)Q(0)V(0)G(0)G(0)P(0)S(0)L(0)T(0)S(0)D(0)L(0)Q(0)A(0)Q(0)S(0)K(0)	25.072271	6	0	0	25.072271	6	11.471126	0	0	0	0	FALSE	FALSE	FALSE	sp|P04004|VTNC_HUMAN	P04004	VTNC_HUMAN	VTN	Vitronectin		tr|F5GX75|F5GX75_HUMAN	33578	3108.79	33578	3103.548	3172.8652	9.133	24
240419_ES_R00006_MG_c00001_SA_NPB_3_i2.33690.33690.4	D:\SHARE\Tim\25-12-03_GD_Dataset\GD_dataset\NPB_3_i2\interact.pep.xml	NNATVHEQVGGPSLTSDLQAQSK	NN[2028]ATVHEQVGGPSLTSDLQAQSK	VYDDGEEK.NNATVHEQVGGPSLTSDLQAQSK.GNPEQTPV	K	G	23	4	3117.0825	4293.853	4293.8394	1074.4705	1074.4671	4293.8389	1074.467	4.00E-04	4.72E-07	28.163	7.752	1	0	2	0	85	107	22138738	2N(1913.6770)	NA	HexNAc(4)Hex(5)NeuAc(1) % 1913.6770	5.66	0	NnATVHEQVGGPSLTSDLQAQSK	N(0.00)N(28.16)A(0.00)T(0.00)V(0.00)H(0.00)E(0.00)Q(0.00)V(0.00)G(0.00)G(0.00)P(0.00)S(0.00)L(0.00)T(0.00)S(0.00)D(0.00)L(0.00)Q(0.00)A(0.00)Q(0.00)S(0.00)K(0.00)	N2	1	N(0.00)N(12.03)A(0.00)T(0.00)V(0.00)H(0.00)E(0.00)Q(0.00)V(0.00)G(0.00)G(0.00)P(0.00)S(0.00)L(0.00)T(0.00)S(0.00)D(0.00)L(0.00)Q(0.00)A(0.00)Q(0.00)S(0.00)K(0.00)	N(0)N(0)A(0)T(0)V(0)H(0)E(0)Q(0)V(0)G(0)G(0)P(0)S(0)L(0)T(0)S(0)D(0)L(0)Q(0)A(0)Q(0)S(0)K(0)	28.163853	7	0	0	28.163853	7	12.034449	0	0	0	0	FALSE	FALSE	FALSE	sp|P04004|VTNC_HUMAN	P04004	VTNC_HUMAN	VTN	Vitronectin		tr|F5GX75|F5GX75_HUMAN	33658	3108.79	33578	2908.06	3236.9631	14.264001	141
240419_ES_R00006_MG_c00001_SA_NPB_3_i2.33736.33736.3	D:\SHARE\Tim\25-12-03_GD_Dataset\GD_dataset\NPB_3_i2\interact.pep.xml	NGSLFAFR	N[1825]GSLFAFR	FDAFTDLK.NGSLFAFR.GQYCYELD	K	G	8	3	3120.5437	2621.062	2621.0623	874.6946	874.6947	2621.0637	874.6951	-0.0016	0.03042635	13.567	0	0.8816	0.000230947	2	0	169	176	2846164.8	1N(1710.5977)	NA	HexNAc(3)Hex(5)NeuAc(1) % 1710.5976	5.35	0	nGSLFAFR	N(13.57)G(0.00)S(0.00)L(0.00)F(0.00)A(0.00)F(0.00)R(0.00)	N1	1	N(9.72)G(0.00)S(0.00)L(0.00)F(0.00)A(0.00)F(0.00)R(0.00)	N(0)G(0)S(0)L(0)F(0)A(0)F(0)R(0)	13.56707	2	0	0	13.56707	2	9.719206	0	0	0	0	FALSE	FALSE	TRUE	sp|P04004|VTNC_HUMAN	P04004	VTNC_HUMAN	VTN	Vitronectin			33689	3098.1182	33433	2924.007	3161.4373	22.405	104
240419_ES_R00006_MG_c00001_SA_NPB_3_i2.33749.33749.5	D:\SHARE\Tim\25-12-03_GD_Dataset\GD_dataset\NPB_3_i2\interact.pep.xml	NNATVHEQVGGPSLTSDLQAQSK	NN[3121]ATVHEQVGGPSLTSDLQAQSK	VYDDGEEK.NNATVHEQVGGPSLTSDLQAQSK.GNPEQTPV	K	G	23	5	3121.5864	5387.2256	5387.2314	1078.4524	1078.4536	5387.2197	1078.4513	0.0117	0.02914441	12.192	8.79	0.9985	0	2	0	85	107	0	2N(3007.0579)	NA	HexNAc(5)Hex(6)Fuc(1)NeuAc(3) % 3007.0579	0.23	0	NnATVHEQVGGPSLTSDLQAQSK	N(0.00)N(12.19)A(0.00)T(0.00)V(0.00)H(0.00)E(0.00)Q(0.00)V(0.00)G(0.00)G(0.00)P(0.00)S(0.00)L(0.00)T(0.00)S(0.00)D(0.00)L(0.00)Q(0.00)A(0.00)Q(0.00)S(0.00)K(0.00)	N2	1	N(0.00)N(6.55)A(0.00)T(0.00)V(0.00)H(0.00)E(0.00)Q(0.00)V(0.00)G(0.00)G(0.00)P(0.00)S(0.00)L(0.00)T(0.00)S(0.00)D(0.00)L(0.00)Q(0.00)A(0.00)Q(0.00)S(0.00)K(0.00)	N(0)N(0)A(0)T(0)V(0)H(0)E(0)Q(0)V(0)G(0)G(0)P(0)S(0)L(0)T(0)S(0)D(0)L(0)Q(0)A(0)Q(0)S(0)K(0)	12.192434	3	0	0	12.192434	3	6.5467625	0	0	0	0	FALSE	FALSE	FALSE	sp|P04004|VTNC_HUMAN	P04004	VTNC_HUMAN	VTN	Vitronectin		tr|F5GX75|F5GX75_HUMAN	33717	0	0	0	0	0	0
240419_ES_R00006_MG_c00001_SA_NPB_3_i2.33779.33779.4	D:\SHARE\Tim\25-12-03_GD_Dataset\GD_dataset\NPB_3_i2\interact.pep.xml	NNATVHEQVGGPSLTSDLQAQSK	NN[2975]ATVHEQVGGPSLTSDLQAQSK	VYDDGEEK.NNATVHEQVGGPSLTSDLQAQSK.GNPEQTPV	K	G	23	4	3123.8093	5241.162	5241.156	1311.2978	1311.2963	5241.1621	1311.2979	-0.0061	0	44.568	12.932	1	0	2	0	85	107	34158600	2N(2861.0000)	NA	HexNAc(5)Hex(6)NeuAc(3) % 2861.0000	5.97	0	NnATVHEQVGGPSLTSDLQAQSK	N(0.00)N(41.94)A(0.00)T(0.00)V(0.00)H(0.00)E(0.00)Q(0.00)V(0.00)G(0.00)G(0.00)P(0.00)S(0.00)L(0.00)T(0.00)S(0.00)D(0.00)L(0.00)Q(0.00)A(0.00)Q(0.00)S(0.00)K(0.00)	N2	1	N(0.00)N(9.92)A(0.00)T(0.00)V(0.00)H(0.00)E(0.00)Q(0.00)V(0.00)G(0.00)G(0.00)P(0.00)S(0.00)L(0.00)T(0.00)S(0.00)D(0.00)L(0.00)Q(0.00)A(0.00)Q(0.00)S(0.00)K(0.00)	N(0)N(0)A(0)T(0)V(0)H(0)E(0)Q(0)V(0)G(0)G(0)P(0)S(0)L(0)T(0)S(0)D(0)L(0)Q(0)A(0)Q(0)S(0)K(0)	41.943947	13	0	0	44.568035	15	9.917899	0	0	0	0	FALSE	FALSE	FALSE	sp|P04004|VTNC_HUMAN	P04004	VTNC_HUMAN	VTN	Vitronectin		tr|F5GX75|F5GX75_HUMAN	33744	3125.881	33808	2667.746	3366.922	22.405	309
240419_ES_R00006_MG_c00001_SA_NPB_3_i2.33785.33785.5	D:\SHARE\Tim\25-12-03_GD_Dataset\GD_dataset\NPB_3_i2\interact.pep.xml	NNATVHEQVGGPSLTSDLQAQSK	NN[2975]ATVHEQVGGPSLTSDLQAQSK	VYDDGEEK.NNATVHEQVGGPSLTSDLQAQSK.GNPEQTPV	K	G	23	5	3124.232	5241.162	5241.1533	1049.2397	1049.2379	5241.1621	1049.2397	-0.0085	0.002633406	19.782	0	1	0	2	0	85	107	0	2N(2861.0000)	NA	HexNAc(5)Hex(6)NeuAc(3) % 2861.0000	4.25	0	NnATVHEQVGGPSLTSDLQAQSK	N(0.00)N(19.78)A(0.00)T(0.00)V(0.00)H(0.00)E(0.00)Q(0.00)V(0.00)G(0.00)G(0.00)P(0.00)S(0.00)L(0.00)T(0.00)S(0.00)D(0.00)L(0.00)Q(0.00)A(0.00)Q(0.00)S(0.00)K(0.00)	N2	1	N(0.00)N(9.25)A(0.00)T(0.00)V(0.00)H(0.00)E(0.00)Q(0.00)V(0.00)G(0.00)G(0.00)P(0.00)S(0.00)L(0.00)T(0.00)S(0.00)D(0.00)L(0.00)Q(0.00)A(0.00)Q(0.00)S(0.00)K(0.00)	N(0)N(0)A(0)T(0)V(0)H(0)E(0)Q(0)V(0)G(0)G(0)P(0)S(0)L(0)T(0)S(0)D(0)L(0)Q(0)A(0)Q(0)S(0)K(0)	19.7825	5	0	0	19.7825	5	9.248595	0	0	0	0	FALSE	FALSE	FALSE	sp|P04004|VTNC_HUMAN	P04004	VTNC_HUMAN	VTN	Vitronectin		tr|F5GX75|F5GX75_HUMAN	33744	0	0	0	0	0	0
240419_ES_R00006_MG_c00001_SA_NPB_3_i2.33904.33904.3	D:\SHARE\Tim\25-12-03_GD_Dataset\GD_dataset\NPB_3_i2\interact.pep.xml	NGSLFAFR	N[2028]GSLFAFR	FDAFTDLK.NGSLFAFR.GQYCYELD	K	G	8	3	3133.5862	2824.1477	2824.1443	942.3898	942.3887	2824.1431	942.3882	0.0012	0.003607863	16.271	0	0.9993	0	2	0	169	176	10337013	1N(1913.6770)	NA	HexNAc(4)Hex(5)NeuAc(1) % 1913.6770	4.36	0	nGSLFAFR	N(16.27)G(0.00)S(0.00)L(0.00)F(0.00)A(0.00)F(0.00)R(0.00)	N1	1	N(10.38)G(0.00)S(0.00)L(0.00)F(0.00)A(0.00)F(0.00)R(0.00)	N(0)G(0)S(0)L(0)F(0)A(0)F(0)R(0)	16.271282	3	0	0	16.271282	3	10.375976	0	0	0	0	FALSE	FALSE	TRUE	sp|P04004|VTNC_HUMAN	P04004	VTNC_HUMAN	VTN	Vitronectin			33877	3123.53	33776	2869.039	3249.3442	25.019001	164
240419_ES_R00006_MG_c00001_SA_NPB_3_i2.33987.33987.4	D:\SHARE\Tim\25-12-03_GD_Dataset\GD_dataset\NPB_3_i2\interact.pep.xml	NNATVHEQVGGPSLTSDLQAQSK	NN[2684]ATVHEQVGGPSLTSDLQAQSK	VYDDGEEK.NNATVHEQVGGPSLTSDLQAQSK.GNPEQTPV	K	G	23	4	3140.4514	4950.0957	4950.0737	1238.5312	1238.5257	4950.0664	1238.5239	0.0073	0.3427679	10.36	4.84	0.9079	0.000230947	2	0	85	107	0	2N(2569.9045)	NA	HexNAc(5)Hex(6)NeuAc(2) % 2569.9046	3.23	0	NnATVHEQVGGPSLTSDLQAQSK	N(0.00)N(10.36)A(0.00)T(0.00)V(0.00)H(0.00)E(0.00)Q(0.00)V(0.00)G(0.00)G(0.00)P(0.00)S(0.00)L(0.00)T(0.00)S(0.00)D(0.00)L(0.00)Q(0.00)A(0.00)Q(0.00)S(0.00)K(0.00)	N2	1	N(0.00)N(5.41)A(0.00)T(0.00)V(0.00)H(0.00)E(0.00)Q(0.00)V(0.00)G(0.00)G(0.00)P(0.00)S(0.00)L(0.00)T(0.00)S(0.00)D(0.00)L(0.00)Q(0.00)A(0.00)Q(0.00)S(0.00)K(0.00)	N(0)N(0)A(0)T(0)V(0)H(0)E(0)Q(0)V(0)G(0)G(0)P(0)S(0)L(0)T(0)S(0)D(0)L(0)Q(0)A(0)Q(0)S(0)K(0)	10.360892	3	0	0	10.360892	3	5.409492	0	0	0	0	FALSE	FALSE	FALSE	sp|P04004|VTNC_HUMAN	P04004	VTNC_HUMAN	VTN	Vitronectin		tr|F5GX75|F5GX75_HUMAN	33953	0	0	0	0	0	0
240419_ES_R00006_MG_c00001_SA_NPB_3_i2.34011.34011.4	D:\SHARE\Tim\25-12-03_GD_Dataset\GD_dataset\NPB_3_i2\interact.pep.xml	NNATVHEQVGGPSLTSDLQAQSK	NN[2319]ATVHEQVGGPSLTSDLQAQSK	VYDDGEEK.NNATVHEQVGGPSLTSDLQAQSK.GNPEQTPV	K	G	23	4	3142.1174	4584.94	4584.931	1147.2423	1147.24	4584.9346	1147.241	-0.0032	0	40.705	15.093	1	0	2	0	85	107	79802520	2N(2204.7725)	NA	HexNAc(4)Hex(5)NeuAc(2) % 2204.7724	6.69	0	NnATVHEQVGGPSLTSDLQAQSK	N(0.00)N(39.43)A(0.00)T(0.00)V(0.00)H(0.00)E(0.00)Q(0.00)V(0.00)G(0.00)G(0.00)P(0.00)S(0.00)L(0.00)T(0.00)S(0.00)D(0.00)L(0.00)Q(0.00)A(0.00)Q(0.00)S(0.00)K(0.00)	N2	1	N(0.00)N(15.16)A(0.00)T(0.00)V(0.00)H(0.00)E(0.00)Q(0.00)V(0.00)G(0.00)G(0.00)P(0.00)S(0.00)L(0.00)T(0.00)S(0.00)D(0.00)L(0.00)Q(0.00)A(0.00)Q(0.00)S(0.00)K(0.00)	N(0)N(2)A(0)T(0)V(0)H(0)E(0)Q(0)V(0)G(0)G(0)P(0)S(0)L(0)T(0)S(0)D(0)L(0)Q(0)A(0)Q(0)S(0)K(0)	39.42901	12	0	0	40.705048	13	15.155755	2	0	0	0	FALSE	FALSE	FALSE	sp|P04004|VTNC_HUMAN	P04004	VTNC_HUMAN	VTN	Vitronectin		tr|F5GX75|F5GX75_HUMAN	33981	3119.153	33717	2367.124	3474.7961	38.528004	515
240419_ES_R00006_MG_c00001_SA_NPB_3_i2.34109.34109.4	D:\SHARE\Tim\25-12-03_GD_Dataset\GD_dataset\NPB_3_i2\interact.pep.xml	NNATVHEQVGGPSLTSDLQAQSK	NN[3121]ATVHEQVGGPSLTSDLQAQSK	VYDDGEEK.NNATVHEQVGGPSLTSDLQAQSK.GNPEQTPV	K	G	23	4	3150.5667	5388.2295	5388.2236	1348.0647	1348.0632	5387.2197	1347.8123	1.0039	0.00017398	22.538	0	1	0	2	0	85	107	19645366	2N(3007.0579)	NA	HexNAc(5)Hex(6)Fuc(1)NeuAc(3) % 3007.0579	5.6	0	NnATVHEQVGGPSLTSDLQAQSK	N(0.00)N(22.54)A(0.00)T(0.00)V(0.00)H(0.00)E(0.00)Q(0.00)V(0.00)G(0.00)G(0.00)P(0.00)S(0.00)L(0.00)T(0.00)S(0.00)D(0.00)L(0.00)Q(0.00)A(0.00)Q(0.00)S(0.00)K(0.00)	N2	1	N(0.00)N(11.36)A(0.00)T(0.00)V(0.00)H(0.00)E(0.00)Q(0.00)V(0.00)G(0.00)G(0.00)P(0.00)S(0.00)L(0.00)T(0.00)S(0.00)D(0.00)L(0.00)Q(0.00)A(0.00)Q(0.00)S(0.00)K(0.00)	N(0)N(0)A(0)T(0)V(0)H(0)E(0)Q(0)V(0)G(0)G(0)P(0)S(0)L(0)T(0)S(0)D(0)L(0)Q(0)A(0)Q(0)S(0)K(0)	22.538078	5	0	0	22.538078	5	11.356718	0	0	0	0	FALSE	FALSE	FALSE	sp|P04004|VTNC_HUMAN	P04004	VTNC_HUMAN	VTN	Vitronectin		tr|F5GX75|F5GX75_HUMAN	34070	3139.9631	33981	2719.943	3344.0652	38.428	272
240419_ES_R00006_MG_c00001_SA_NPB_3_i2.34110.34110.4	D:\SHARE\Tim\25-12-03_GD_Dataset\GD_dataset\NPB_3_i2\interact.pep.xml	NNATVHEQVGGPSLTSDLQAQSK	NN[2465]ATVHEQVGGPSLTSDLQAQSK	VYDDGEEK.NNATVHEQVGGPSLTSDLQAQSK.GNPEQTPV	K	G	23	4	3150.635	4731.0146	4730.993	1183.7609	1183.7555	4730.9922	1183.7554	0.001	1.51E-12	39.882	15.026	1	0	2	0	85	107	0	2N(2350.8303)	NA	HexNAc(4)Hex(5)Fuc(1)NeuAc(2) % 2350.8303	5.76	0	NnATVHEQVGGPSLTSDLQAQSK	N(0.00)N(38.66)A(0.00)T(0.00)V(0.00)H(0.00)E(0.00)Q(0.00)V(0.00)G(0.00)G(0.00)P(0.00)S(0.00)L(0.00)T(0.00)S(0.00)D(0.00)L(0.00)Q(0.00)A(0.00)Q(0.00)S(0.00)K(0.00)	N2	1	N(0.00)N(11.30)A(0.00)T(0.00)V(0.00)H(0.00)E(0.00)Q(0.00)V(0.00)G(0.00)G(0.00)P(0.00)S(0.00)L(0.00)T(0.00)S(0.00)D(0.00)L(0.00)Q(0.00)A(0.00)Q(0.00)S(0.00)K(0.00)	N(0)N(0)A(0)T(0)V(0)H(0)E(0)Q(0)V(0)G(0)G(0)P(0)S(0)L(0)T(0)S(0)D(0)L(0)Q(0)A(0)Q(0)S(0)K(0)	38.661068	11	0	0	39.882484	12	11.303573	0	0	0	0	FALSE	FALSE	FALSE	sp|P04004|VTNC_HUMAN	P04004	VTNC_HUMAN	VTN	Vitronectin		tr|F5GX75|F5GX75_HUMAN	34070	0	0	0	0	0	0
240419_ES_R00006_MG_c00001_SA_NPB_3_i2.34115.34115.3	D:\SHARE\Tim\25-12-03_GD_Dataset\GD_dataset\NPB_3_i2\interact.pep.xml	NNATVHEQVGGPSLTSDLQAQSK	NN[2028]ATVHEQVGGPSLTSDLQAQSK	VYDDGEEK.NNATVHEQVGGPSLTSDLQAQSK.GNPEQTPV	K	G	23	3	3150.976	4294.8687	4294.851	1432.6302	1432.6243	4293.8389	1432.287	1.0122	4.95E-06	29.145	13.54	1	0	2	0	85	107	0	2N(1913.6770)	NA	HexNAc(4)Hex(5)NeuAc(1) % 1913.6770	2.42	0	NnATVHEQVGGPSLTSDLQAQSK	N(0.00)N(27.88)A(0.00)T(0.00)V(0.00)H(0.00)E(0.00)Q(0.00)V(0.00)G(0.00)G(0.00)P(0.00)S(0.00)L(0.00)T(0.00)S(0.00)D(0.00)L(0.00)Q(0.00)A(0.00)Q(0.00)S(0.00)K(0.00)	N2	1	N(0.00)N(9.86)A(0.00)T(0.00)V(0.00)H(0.00)E(0.00)Q(0.00)V(0.00)G(0.00)G(0.00)P(0.00)S(0.00)L(0.00)T(0.00)S(0.00)D(0.00)L(0.00)Q(0.00)A(0.00)Q(0.00)S(0.00)K(0.00)	N(0)N(0)A(0)T(0)V(0)H(0)E(0)Q(0)V(0)G(0)G(0)P(0)S(0)L(0)T(0)S(0)D(0)L(0)Q(0)A(0)Q(0)S(0)K(0)	27.877377	8	0	0	29.14545	9	9.863696	0	0	0	0	FALSE	FALSE	FALSE	sp|P04004|VTNC_HUMAN	P04004	VTNC_HUMAN	VTN	Vitronectin		tr|F5GX75|F5GX75_HUMAN	34070	0	0	0	0	0	0
240419_ES_R00006_MG_c00001_SA_NPB_3_i2.34147.34147.3	D:\SHARE\Tim\25-12-03_GD_Dataset\GD_dataset\NPB_3_i2\interact.pep.xml	NNATVHEQVGGPSLTSDLQAQSK	NN[2319]ATVHEQVGGPSLTSDLQAQSK	VYDDGEEK.NNATVHEQVGGPSLTSDLQAQSK.GNPEQTPV	K	G	23	3	3153.314	4584.9473	4584.939	1529.323	1529.3203	4584.9346	1529.3188	0.0046	1.66E-06	34.871	15.129	1	0	2	0	85	107	15357380	2N(2204.7725)	NA	HexNAc(4)Hex(5)NeuAc(2) % 2204.7724	4.47	0	NnATVHEQVGGPSLTSDLQAQSK	N(0.00)N(34.87)A(0.00)T(0.00)V(0.00)H(0.00)E(0.00)Q(0.00)V(0.00)G(0.00)G(0.00)P(0.00)S(0.00)L(0.00)T(0.00)S(0.00)D(0.00)L(0.00)Q(0.00)A(0.00)Q(0.00)S(0.00)K(0.00)	N2	1	N(0.00)N(14.17)A(0.00)T(0.00)V(0.00)H(0.00)E(0.00)Q(0.00)V(0.00)G(0.00)G(0.00)P(0.00)S(0.00)L(0.00)T(0.00)S(0.00)D(0.00)L(0.00)Q(0.00)A(0.00)Q(0.00)S(0.00)K(0.00)	N(0)N(3)A(0)T(0)V(0)H(0)E(0)Q(0)V(0)G(0)G(0)P(0)S(0)L(0)T(0)S(0)D(0)L(0)Q(0)A(0)Q(0)S(0)K(0)	34.87132	12	0	0	31.95133	10	14.172057	3	0	0	0	FALSE	FALSE	FALSE	sp|P04004|VTNC_HUMAN	P04004	VTNC_HUMAN	VTN	Vitronectin		tr|F5GX75|F5GX75_HUMAN	34106	3131.4932	33877	2913.2751	3355.1062	15.092001	193
240419_ES_R00006_MG_c00001_SA_NPB_3_i2.34220.34220.4	D:\SHARE\Tim\25-12-03_GD_Dataset\GD_dataset\NPB_3_i2\interact.pep.xml	NNATVHEQVGGPSLTSDLQAQSK	NN[2465]ATVHEQVGGPSLTSDLQAQSK	VYDDGEEK.NNATVHEQVGGPSLTSDLQAQSK.GNPEQTPV	K	G	23	4	3158.7092	4733.0127	4732.9956	1184.2605	1184.2562	4730.9922	1183.7554	2.0034	0.02324075	18.035	0	0.9586	0.000230947	2	0	85	107	0	2N(2350.8303)	NA	HexNAc(4)Hex(5)Fuc(1)NeuAc(2) % 2350.8303	4.45	0	NnATVHEQVGGPSLTSDLQAQSK	N(0.00)N(18.04)A(0.00)T(0.00)V(0.00)H(0.00)E(0.00)Q(0.00)V(0.00)G(0.00)G(0.00)P(0.00)S(0.00)L(0.00)T(0.00)S(0.00)D(0.00)L(0.00)Q(0.00)A(0.00)Q(0.00)S(0.00)K(0.00)	N2	1	N(0.00)N(9.84)A(0.00)T(0.00)V(0.00)H(0.00)E(0.00)Q(0.00)V(0.00)G(0.00)G(0.00)P(0.00)S(0.00)L(0.00)T(0.00)S(0.00)D(0.00)L(0.00)Q(0.00)A(0.00)Q(0.00)S(0.00)K(0.00)	N(0)N(0)A(0)T(0)V(0)H(0)E(0)Q(0)V(0)G(0)G(0)P(0)S(0)L(0)T(0)S(0)D(0)L(0)Q(0)A(0)Q(0)S(0)K(0)	18.035324	4	0	0	18.035324	4	9.836315	0	0	0	0	FALSE	FALSE	FALSE	sp|P04004|VTNC_HUMAN	P04004	VTNC_HUMAN	VTN	Vitronectin		tr|F5GX75|F5GX75_HUMAN	34187	0	0	0	0	0	0
240419_ES_R00006_MG_c00001_SA_NPB_3_i2.34279.34279.4	D:\SHARE\Tim\25-12-03_GD_Dataset\GD_dataset\NPB_3_i2\interact.pep.xml	EDNAVQPNSSYTYVWHATER	EDNAVQPN[2319]SSYTYVWHATER	DDSPEWFK.EDNAVQPNSSYTYVWHATER.SGPESPGS	K	S	20	4	3164.0383	4570.845	4570.8286	1143.7185	1143.7144	4570.8286	1143.7145	0	2.01E-06	31.284	0	1	0	2	0	1696	1715	36363860	8N(2204.7725)	NA	HexNAc(4)Hex(5)NeuAc(2) % 2204.7724	9.41	0	EDNAVQPnSSYTYVWHATER	E(0.00)D(0.00)N(0.00)A(0.00)V(0.00)Q(0.00)P(0.00)N(28.70)S(0.00)S(0.00)Y(0.00)T(0.00)Y(0.00)V(0.00)W(0.00)H(0.00)A(0.00)T(0.00)E(0.00)R(0.00)	N8	1	E(0.00)D(0.00)N(0.00)A(0.00)V(0.00)Q(0.00)P(0.00)N(8.15)S(0.00)S(0.00)Y(0.00)T(0.00)Y(0.00)V(0.00)W(0.00)H(0.00)A(0.00)T(0.00)E(0.00)R(0.00)	E(0)D(0)N(0)A(0)V(0)Q(0)P(0)N(0)S(0)S(0)Y(0)T(0)Y(0)V(0)W(0)H(0)A(0)T(0)E(0)R(0)	28.697933	10	0	0	31.284653	11	8.148638	0	0	0	0	FALSE	FALSE	FALSE	sp|P12259|FA5_HUMAN	P12259	FA5_HUMAN	F5	Coagulation factor V		tr|A0A0A0MRJ7|A0A0A0MRJ7_HUMAN	34250	3176.3481	34379	3150.288	3226.8682	28.090002	23
240419_ES_R00006_MG_c00001_SA_NPB_3_i2.34280.34280.3	D:\SHARE\Tim\25-12-03_GD_Dataset\GD_dataset\NPB_3_i2\interact.pep.xml	EDNAVQPNSSYTYVWHATER	EDNAVQPN[2319]SSYTYVWHATER	DDSPEWFK.EDNAVQPNSSYTYVWHATER.SGPESPGS	K	S	20	3	3164.1064	4570.845	4570.833	1524.6223	1524.6183	4570.8286	1524.6168	0.0044	0.004405549	16.924	0	0.999	0	2	0	1696	1715	16225041	8N(2204.7725)	NA	HexNAc(4)Hex(5)NeuAc(2) % 2204.7724	2.47	0	EDNAVQPnSSYTYVWHATER	E(0.00)D(0.00)N(0.00)A(0.00)V(0.00)Q(0.00)P(0.00)N(16.92)S(0.00)S(0.00)Y(0.00)T(0.00)Y(0.00)V(0.00)W(0.00)H(0.00)A(0.00)T(0.00)E(0.00)R(0.00)	N8	1	E(0.00)D(0.00)N(0.00)A(0.00)V(0.00)Q(0.00)P(0.00)N(4.53)S(0.00)S(0.00)Y(0.00)T(0.00)Y(0.00)V(0.00)W(0.00)H(0.00)A(0.00)T(0.00)E(0.00)R(0.00)	E(0)D(0)N(0)A(0)V(0)Q(0)P(0)N(0)S(0)S(0)Y(0)T(0)Y(0)V(0)W(0)H(0)A(0)T(0)E(0)R(0)	16.924612	7	0	0	16.924612	7	4.5252824	0	0	0	0	FALSE	FALSE	FALSE	sp|P12259|FA5_HUMAN	P12259	FA5_HUMAN	F5	Coagulation factor V		tr|A0A0A0MRJ7|A0A0A0MRJ7_HUMAN	34250	3179.3452	34407	3156.173	3209.007	37.79	15
240419_ES_R00006_MG_c00001_SA_NPB_3_i2.34301.34301.3	D:\SHARE\Tim\25-12-03_GD_Dataset\GD_dataset\NPB_3_i2\interact.pep.xml	NNATVHEQVGGPSLTSDLQAQSK	NN[2028]ATVHEQVGGPSLTSDLQAQSK	VYDDGEEK.NNATVHEQVGGPSLTSDLQAQSK.GNPEQTPV	K	G	23	3	3166.4495	4294.8145	4294.831	1432.6121	1432.6176	4293.8389	1432.287	0.9921	0.001887991	20.396	0	0.9997	0	2	0	85	107	0	2N(1913.6770)	NA	HexNAc(4)Hex(5)NeuAc(1) % 1913.6770	2.38	0	NnATVHEQVGGPSLTSDLQAQSK	N(0.00)N(20.40)A(0.00)T(0.00)V(0.00)H(0.00)E(0.00)Q(0.00)V(0.00)G(0.00)G(0.00)P(0.00)S(0.00)L(0.00)T(0.00)S(0.00)D(0.00)L(0.00)Q(0.00)A(0.00)Q(0.00)S(0.00)K(0.00)	N2	1	N(0.00)N(9.88)A(0.00)T(0.00)V(0.00)H(0.00)E(0.00)Q(0.00)V(0.00)G(0.00)G(0.00)P(0.00)S(0.00)L(0.00)T(0.00)S(0.00)D(0.00)L(0.00)Q(0.00)A(0.00)Q(0.00)S(0.00)K(0.00)	N(0)N(0)A(0)T(0)V(0)H(0)E(0)Q(0)V(0)G(0)G(0)P(0)S(0)L(0)T(0)S(0)D(0)L(0)Q(0)A(0)Q(0)S(0)K(0)	20.396496	5	0	0	20.396496	5	9.884635	0	0	0	0	FALSE	FALSE	FALSE	sp|P04004|VTNC_HUMAN	P04004	VTNC_HUMAN	VTN	Vitronectin		tr|F5GX75|F5GX75_HUMAN	34271	0	0	0	0	0	0
240419_ES_R00006_MG_c00001_SA_NPB_3_i2.34316.34316.3	D:\SHARE\Tim\25-12-03_GD_Dataset\GD_dataset\NPB_3_i2\interact.pep.xml	EDNAVQPNSSYTYVWHATER	EDNAVQPN[2319]SSYTYVWHATER	DDSPEWFK.EDNAVQPNSSYTYVWHATER.SGPESPGS	K	S	20	3	3168.458	4570.832	4570.833	1524.6179	1524.6183	4570.8286	1524.6168	0.0044	1.11E-09	32.832	6.871	1	0	2	0	1696	1715	16792138	8N(2204.7725)	NA	HexNAc(4)Hex(5)NeuAc(2) % 2204.7724	4.7	0	EDNAVQPnSSYTYVWHATER	E(0.00)D(0.00)N(0.00)A(0.00)V(0.00)Q(0.00)P(0.00)N(31.45)S(0.00)S(0.00)Y(0.00)T(0.00)Y(0.00)V(0.00)W(0.00)H(0.00)A(0.00)T(0.00)E(0.00)R(0.00)	N8	1	E(0.00)D(0.00)N(0.00)A(0.00)V(0.00)Q(0.00)P(0.00)N(8.14)S(0.00)S(0.00)Y(0.00)T(0.00)Y(0.00)V(0.00)W(0.00)H(0.00)A(0.00)T(0.00)E(0.00)R(0.00)	E(0)D(0)N(0)A(0)V(0)Q(0)P(0)N(0)S(0)S(0)Y(0)T(0)Y(0)V(0)W(0)H(0)A(0)T(0)E(0)R(0)	31.44521	11	0	0	32.8326	12	8.137291	0	0	0	0	FALSE	FALSE	FALSE	sp|P12259|FA5_HUMAN	P12259	FA5_HUMAN	F5	Coagulation factor V		tr|A0A0A0MRJ7|A0A0A0MRJ7_HUMAN	34271	3176.3481	34379	3156.173	3209.007	37.79	15
240419_ES_R00006_MG_c00001_SA_NPB_3_i2.34355.34355.4	D:\SHARE\Tim\25-12-03_GD_Dataset\GD_dataset\NPB_3_i2\interact.pep.xml	NNATVHEQVGGPSLTSDLQAQSK	NN[3121]ATVHEQVGGPSLTSDLQAQSK	VYDDGEEK.NNATVHEQVGGPSLTSDLQAQSK.GNPEQTPV	K	G	23	4	3173.1438	5387.231	5387.225	1347.815	1347.8135	5387.2197	1347.8123	0.0054	1.29E-05	29.055	0	0.9989	0	2	0	85	107	14847414	2N(3007.0579)	NA	HexNAc(5)Hex(6)Fuc(1)NeuAc(3) % 3007.0579	4.86	0	NnATVHEQVGGPSLTSDLQAQSK	N(0.00)N(27.61)A(0.00)T(0.00)V(0.00)H(0.00)E(0.00)Q(0.00)V(0.00)G(0.00)G(0.00)P(0.00)S(0.00)L(0.00)T(0.00)S(0.00)D(0.00)L(0.00)Q(0.00)A(0.00)Q(0.00)S(0.00)K(0.00)	N2	1	N(0.00)N(11.31)A(0.00)T(0.00)V(0.00)H(0.00)E(0.00)Q(0.00)V(0.00)G(0.00)G(0.00)P(0.00)S(0.00)L(0.00)T(0.00)S(0.00)D(0.00)L(0.00)Q(0.00)A(0.00)Q(0.00)S(0.00)K(0.00)	N(0)N(0)A(0)T(0)V(0)H(0)E(0)Q(0)V(0)G(0)G(0)P(0)S(0)L(0)T(0)S(0)D(0)L(0)Q(0)A(0)Q(0)S(0)K(0)	27.607868	7	0	0	29.055729	8	11.306746	0	0	0	0	FALSE	FALSE	FALSE	sp|P04004|VTNC_HUMAN	P04004	VTNC_HUMAN	VTN	Vitronectin		tr|F5GX75|F5GX75_HUMAN	34326	3158.3591	34216	2719.943	3272.3882	38.428	239
240419_ES_R00006_MG_c00001_SA_NPB_3_i2.34368.34368.3	D:\SHARE\Tim\25-12-03_GD_Dataset\GD_dataset\NPB_3_i2\interact.pep.xml	NNATVHEQVGGPSLTSDLQAQSK	NN[2028]ATVHEQVGGPSLTSDLQAQSK	VYDDGEEK.NNATVHEQVGGPSLTSDLQAQSK.GNPEQTPV	K	G	23	3	3174.8198	4293.867	4293.842	1432.2963	1432.2879	4293.8389	1432.287	0.0029	4.57E-06	22.016	13.603	1	0	2	0	85	107	0	2N(1913.6770)	NA	HexNAc(4)Hex(5)NeuAc(1) % 1913.6770	3.48	0	NnATVHEQVGGPSLTSDLQAQSK	N(0.00)N(20.41)A(0.00)T(0.00)V(0.00)H(0.00)E(0.00)Q(0.00)V(0.00)G(0.00)G(0.00)P(0.00)S(0.00)L(0.00)T(0.00)S(0.00)D(0.00)L(0.00)Q(0.00)A(0.00)Q(0.00)S(0.00)K(0.00)	N2	1	N(0.00)N(9.89)A(0.00)T(0.00)V(0.00)H(0.00)E(0.00)Q(0.00)V(0.00)G(0.00)G(0.00)P(0.00)S(0.00)L(0.00)T(0.00)S(0.00)D(0.00)L(0.00)Q(0.00)A(0.00)Q(0.00)S(0.00)K(0.00)	N(0)N(0)A(0)T(0)V(0)H(0)E(0)Q(0)V(0)G(0)G(0)P(0)S(0)L(0)T(0)S(0)D(0)L(0)Q(0)A(0)Q(0)S(0)K(0)	20.407639	5	0	0	22.016277	6	9.894098	0	0	0	0	FALSE	FALSE	FALSE	sp|P04004|VTNC_HUMAN	P04004	VTNC_HUMAN	VTN	Vitronectin		tr|F5GX75|F5GX75_HUMAN	34326	0	0	0	0	0	0
240419_ES_R00006_MG_c00001_SA_NPB_3_i2.34449.34449.4	D:\SHARE\Tim\25-12-03_GD_Dataset\GD_dataset\NPB_3_i2\interact.pep.xml	NNATVHEQVGGPSLTSDLQAQSK	NN[2028]ATVHEQVGGPSLTSDLQAQSK	VYDDGEEK.NNATVHEQVGGPSLTSDLQAQSK.GNPEQTPV	K	G	23	4	3182.4854	4293.868	4293.8413	1074.4743	1074.4676	4293.8389	1074.467	0.0024	7.24E-10	39.507	16.047	1	0	2	0	85	107	14550613	2N(1913.6770)	NA	HexNAc(4)Hex(5)NeuAc(1) % 1913.6770	4.1	0	NnATVHEQVGGPSLTSDLQAQSK	N(0.00)N(39.51)A(0.00)T(0.00)V(0.00)H(0.00)E(0.00)Q(0.00)V(0.00)G(0.00)G(0.00)P(0.00)S(0.00)L(0.00)T(0.00)S(0.00)D(0.00)L(0.00)Q(0.00)A(0.00)Q(0.00)S(0.00)K(0.00)	N2	1	N(0.00)N(15.23)A(0.00)T(0.00)V(0.00)H(0.00)E(0.00)Q(0.00)V(0.00)G(0.00)G(0.00)P(0.00)S(0.00)L(0.00)T(0.00)S(0.00)D(0.00)L(0.00)Q(0.00)A(0.00)Q(0.00)S(0.00)K(0.00)	N(0)N(2)A(0)T(0)V(0)H(0)E(0)Q(0)V(0)G(0)G(0)P(0)S(0)L(0)T(0)S(0)D(0)L(0)Q(0)A(0)Q(0)S(0)K(0)	39.507782	12	0	0	38.91284	12	15.227617	2	0	0	0	FALSE	FALSE	FALSE	sp|P04004|VTNC_HUMAN	P04004	VTNC_HUMAN	VTN	Vitronectin		tr|F5GX75|F5GX75_HUMAN	34407	3176.3481	34379	3131.4932	3221.3762	93.00101	33
240419_ES_R00006_MG_c00001_SA_NPB_3_i2.34484.34484.3	D:\SHARE\Tim\25-12-03_GD_Dataset\GD_dataset\NPB_3_i2\interact.pep.xml	NNATVHEQVGGPSLTSDLQAQSK	NN[2028]ATVHEQVGGPSLTSDLQAQSK	VYDDGEEK.NNATVHEQVGGPSLTSDLQAQSK.GNPEQTPV	K	G	23	3	3186.7378	4293.86	4293.837	1432.2939	1432.2863	4293.8389	1432.287	-0.002	0.07007762	13.534	0	0.9622	0.000230947	2	0	85	107	8895225	2N(1913.6770)	NA	HexNAc(4)Hex(5)NeuAc(1) % 1913.6770	3.76	0	NnATVHEQVGGPSLTSDLQAQSK	N(0.00)N(13.53)A(0.00)T(0.00)V(0.00)H(0.00)E(0.00)Q(0.00)V(0.00)G(0.00)G(0.00)P(0.00)S(0.00)L(0.00)T(0.00)S(0.00)D(0.00)L(0.00)Q(0.00)A(0.00)Q(0.00)S(0.00)K(0.00)	N2	1	N(0.00)N(6.47)A(0.00)T(0.00)V(0.00)H(0.00)E(0.00)Q(0.00)V(0.00)G(0.00)G(0.00)P(0.00)S(0.00)L(0.00)T(0.00)S(0.00)D(0.00)L(0.00)Q(0.00)A(0.00)Q(0.00)S(0.00)K(0.00)	N(0)N(1)A(0)T(0)V(0)H(0)E(0)Q(0)V(0)G(0)G(0)P(0)S(0)L(0)T(0)S(0)D(0)L(0)Q(0)A(0)Q(0)S(0)K(0)	13.534298	5	0	0	13.443211	5	6.47342	1	0	0	0	FALSE	FALSE	FALSE	sp|P04004|VTNC_HUMAN	P04004	VTNC_HUMAN	VTN	Vitronectin		tr|F5GX75|F5GX75_HUMAN	34445	3194.2603	34567	3103.548	3224.4941	111.69201	43
240419_ES_R00006_MG_c00001_SA_NPB_3_i2.34509.34509.4	D:\SHARE\Tim\25-12-03_GD_Dataset\GD_dataset\NPB_3_i2\interact.pep.xml	NNATVHEQVGGPSLTSDLQAQSK	NN[2975]ATVHEQVGGPSLTSDLQAQSK	VYDDGEEK.NNATVHEQVGGPSLTSDLQAQSK.GNPEQTPV	K	G	23	4	3188.982	5241.1753	5241.168	1311.3011	1311.2993	5241.1621	1311.2979	0.0061	1.54E-09	42.823	14.687	1	0	2	0	85	107	23669526	2N(2861.0000)	NA	HexNAc(5)Hex(6)NeuAc(3) % 2861.0000	6.05	0	NnATVHEQVGGPSLTSDLQAQSK	N(0.00)N(41.49)A(0.00)T(0.00)V(0.00)H(0.00)E(0.00)Q(0.00)V(0.00)G(0.00)G(0.00)P(0.00)S(0.00)L(0.00)T(0.00)S(0.00)D(0.00)L(0.00)Q(0.00)A(0.00)Q(0.00)S(0.00)K(0.00)	N2	1	N(0.00)N(12.41)A(0.00)T(0.00)V(0.00)H(0.00)E(0.00)Q(0.00)V(0.00)G(0.00)G(0.00)P(0.00)S(0.00)L(0.00)T(0.00)S(0.00)D(0.00)L(0.00)Q(0.00)A(0.00)Q(0.00)S(0.00)K(0.00)	N(0)N(2)A(0)T(0)V(0)H(0)E(0)Q(0)V(0)G(0)G(0)P(0)S(0)L(0)T(0)S(0)D(0)L(0)Q(0)A(0)Q(0)S(0)K(0)	41.489326	14	0	0	42.8239	15	12.410446	2	0	0	0	FALSE	FALSE	FALSE	sp|P04004|VTNC_HUMAN	P04004	VTNC_HUMAN	VTN	Vitronectin		tr|F5GX75|F5GX75_HUMAN	34474	3194.2603	34567	2700.726	3368.9792	22.405	295
240419_ES_R00006_MG_c00001_SA_NPB_3_i2.34545.34545.3	D:\SHARE\Tim\25-12-03_GD_Dataset\GD_dataset\NPB_3_i2\interact.pep.xml	NFTENDLLVR	N[2319]FTENDLLVR	LLYPPWDK.NFTENDLLVR.IGKHSRTR	K	I	10	3	3192.6716	3424.4111	3424.3877	1142.4776	1142.4698	3424.3921	1142.4713	-0.0044	0.1867454	11.415	7.646	0.8638	0.000230947	2	0	416	425	4435260	1N(2204.7725)	NA	HexNAc(4)Hex(5)NeuAc(2) % 2204.7724	3.58	0	nFTENDLLVR	N(11.42)F(0.00)T(0.00)E(0.00)N(0.00)D(0.00)L(0.00)L(0.00)V(0.00)R(0.00)	N1	1	N(6.18)F(0.00)T(0.00)E(0.00)N(0.00)D(0.00)L(0.00)L(0.00)V(0.00)R(0.00)	N(0)F(0)T(0)E(0)N(0)D(0)L(0)L(0)V(0)R(0)	11.415287	3	0	0	11.415287	3	6.178239	0	0	0	0	FALSE	FALSE	FALSE	sp|P00734|THRB_HUMAN	P00734	THRB_HUMAN	F2	Prothrombin		tr|E9PIT3|E9PIT3_HUMAN	34505	3191.9812	34536	3169.8123	3203.9602	16.947	7
240419_ES_R00006_MG_c00001_SA_NPB_3_i2.34611.34611.3	D:\SHARE\Tim\25-12-03_GD_Dataset\GD_dataset\NPB_3_i2\interact.pep.xml	NGSLFAFR	N[2028]GSLFAFR	FDAFTDLK.NGSLFAFR.GQYCYELD	K	G	8	3	3197.5562	2824.1467	2824.1428	942.3895	942.3882	2824.1431	942.3882	-2.00E-04	0.0236592	14.004	0	0.9843	0.000230947	2	0	169	176	5430602.5	1N(1913.6770)	NA	HexNAc(4)Hex(5)NeuAc(1) % 1913.6770	4.71	0	nGSLFAFR	N(12.30)G(0.00)S(0.00)L(0.00)F(0.00)A(0.00)F(0.00)R(0.00)	N1	1	N(10.43)G(0.00)S(0.00)L(0.00)F(0.00)A(0.00)F(0.00)R(0.00)	N(0)G(0)S(0)L(0)F(0)A(0)F(0)R(0)	12.297338	1	0	0	14.004446	2	10.431425	0	0	0	0	FALSE	FALSE	TRUE	sp|P04004|VTNC_HUMAN	P04004	VTNC_HUMAN	VTN	Vitronectin			34567	3221.3762	34859	2879.1292	3249.3442	25.019001	163
240419_ES_R00006_MG_c00001_SA_NPB_3_i2.34639.34639.4	D:\SHARE\Tim\25-12-03_GD_Dataset\GD_dataset\NPB_3_i2\interact.pep.xml	NNATVHEQVGGPSLTSDLQAQSK	NN[2028]ATVHEQVGGPSLTSDLQAQSK	VYDDGEEK.NNATVHEQVGGPSLTSDLQAQSK.GNPEQTPV	K	G	23	4	3199.894	4293.8213	4293.8394	1074.4626	1074.4671	4293.8389	1074.467	4.00E-04	1.09E-08	39.356	10.863	1	0	2	0	85	107	13993857	2N(1913.6770)	NA	HexNAc(4)Hex(5)NeuAc(1) % 1913.6770	5.63	0	NnATVHEQVGGPSLTSDLQAQSK	N(0.00)N(35.30)A(0.00)T(0.00)V(0.00)H(0.00)E(0.00)Q(0.00)V(0.00)G(0.00)G(0.00)P(0.00)S(0.00)L(0.00)T(0.00)S(0.00)D(0.00)L(0.00)Q(0.00)A(0.00)Q(0.00)S(0.00)K(0.00)	N2	1	N(0.00)N(13.82)A(0.00)T(0.00)V(0.00)H(0.00)E(0.00)Q(0.00)V(0.00)G(0.00)G(0.00)P(0.00)S(0.00)L(0.00)T(0.00)S(0.00)D(0.00)L(0.00)Q(0.00)A(0.00)Q(0.00)S(0.00)K(0.00)	N(0)N(1)A(0)T(0)V(0)H(0)E(0)Q(0)V(0)G(0)G(0)P(0)S(0)L(0)T(0)S(0)D(0)L(0)Q(0)A(0)Q(0)S(0)K(0)	35.30284	10	0	0	39.356197	13	13.818258	1	0	0	0	FALSE	FALSE	FALSE	sp|P04004|VTNC_HUMAN	P04004	VTNC_HUMAN	VTN	Vitronectin		tr|F5GX75|F5GX75_HUMAN	34602	3215.2402	34799	3169.8123	3331.7292	115.384	65
240419_ES_R00006_MG_c00001_SA_NPB_3_i2.34641.34641.3	D:\SHARE\Tim\25-12-03_GD_Dataset\GD_dataset\NPB_3_i2\interact.pep.xml	NNATVHEQVGGPSLTSDLQAQSK	NN[2028]ATVHEQVGGPSLTSDLQAQSK	VYDDGEEK.NNATVHEQVGGPSLTSDLQAQSK.GNPEQTPV	K	G	23	3	3200.0515	4293.8213	4293.8315	1432.281	1432.2844	4293.8389	1432.287	-0.0074	0.002478203	21.515	7.633	0.9998	0	2	0	85	107	3376001.2	2N(1913.6770)	NA	HexNAc(4)Hex(5)NeuAc(1) % 1913.6770	3.05	0	NnATVHEQVGGPSLTSDLQAQSK	N(0.00)N(20.27)A(0.00)T(0.00)V(0.00)H(0.00)E(0.00)Q(0.00)V(0.00)G(0.00)G(0.00)P(0.00)S(0.00)L(0.00)T(0.00)S(0.00)D(0.00)L(0.00)Q(0.00)A(0.00)Q(0.00)S(0.00)K(0.00)	N2	1	N(0.00)N(9.70)A(0.00)T(0.00)V(0.00)H(0.00)E(0.00)Q(0.00)V(0.00)G(0.00)G(0.00)P(0.00)S(0.00)L(0.00)T(0.00)S(0.00)D(0.00)L(0.00)Q(0.00)A(0.00)Q(0.00)S(0.00)K(0.00)	N(0)N(0)A(0)T(0)V(0)H(0)E(0)Q(0)V(0)G(0)G(0)P(0)S(0)L(0)T(0)S(0)D(0)L(0)Q(0)A(0)Q(0)S(0)K(0)	20.271374	5	0	0	21.51524	6	9.698336	0	0	0	0	FALSE	FALSE	FALSE	sp|P04004|VTNC_HUMAN	P04004	VTNC_HUMAN	VTN	Vitronectin		tr|F5GX75|F5GX75_HUMAN	34602	3194.2603	34567	3172.8652	3212.1082	39.243	14
240419_ES_R00006_MG_c00001_SA_NPB_3_i2.34691.34691.4	D:\SHARE\Tim\25-12-03_GD_Dataset\GD_dataset\NPB_3_i2\interact.pep.xml	NNATVHEQVGGPSLTSDLQAQSK	NN[2319]ATVHEQVGGPSLTSDLQAQSK	VYDDGEEK.NNATVHEQVGGPSLTSDLQAQSK.GNPEQTPV	K	G	23	4	3204.1694	4584.95	4584.9414	1147.2448	1147.2426	4584.9346	1147.241	0.0071	0	56.774	13.518	1	0	2	0	85	107	72034192	2N(2204.7725)	NA	HexNAc(4)Hex(5)NeuAc(2) % 2204.7724	5.26	0	NnATVHEQVGGPSLTSDLQAQSK	N(0.00)N(56.77)A(0.00)T(0.00)V(0.00)H(0.00)E(0.00)Q(0.00)V(0.00)G(0.00)G(0.00)P(0.00)S(0.00)L(0.00)T(0.00)S(0.00)D(0.00)L(0.00)Q(0.00)A(0.00)Q(0.00)S(0.00)K(0.00)	N2	1	N(0.00)N(15.91)A(0.00)T(0.00)V(0.00)H(0.00)E(0.00)Q(0.00)V(0.00)G(0.00)G(0.00)P(0.00)S(0.00)L(0.00)T(0.00)S(0.00)D(0.00)L(0.00)Q(0.00)A(0.00)Q(0.00)S(0.00)K(0.00)	N(0)N(4)A(0)T(0)V(0)H(0)E(0)Q(0)V(0)G(0)G(0)P(0)S(0)L(0)T(0)S(0)D(0)L(0)Q(0)A(0)Q(0)S(0)K(0)	56.774193	20	0	0	54.97786	19	15.914618	4	0	0	0	FALSE	FALSE	FALSE	sp|P04004|VTNC_HUMAN	P04004	VTNC_HUMAN	VTN	Vitronectin		tr|F5GX75|F5GX75_HUMAN	34666	3194.2603	34567	2431.745	3474.7961	38.528004	485
240419_ES_R00006_MG_c00001_SA_NPB_3_i2.34775.34775.4	D:\SHARE\Tim\25-12-03_GD_Dataset\GD_dataset\NPB_3_i2\interact.pep.xml	NNATVHEQVGGPSLTSDLQAQSK	NN[2684]ATVHEQVGGPSLTSDLQAQSK	VYDDGEEK.NNATVHEQVGGPSLTSDLQAQSK.GNPEQTPV	K	G	23	4	3212.591	4950.0786	4950.072	1238.5269	1238.5253	4950.0664	1238.5239	0.0054	0.00449114	16.803	10.012	0.9992	0	2	0	85	107	1788626.9	2N(2569.9045)	NA	HexNAc(5)Hex(6)NeuAc(2) % 2569.9046	4.64	0	NnATVHEQVGGPSLTSDLQAQSK	N(0.00)N(16.80)A(0.00)T(0.00)V(0.00)H(0.00)E(0.00)Q(0.00)V(0.00)G(0.00)G(0.00)P(0.00)S(0.00)L(0.00)T(0.00)S(0.00)D(0.00)L(0.00)Q(0.00)A(0.00)Q(0.00)S(0.00)K(0.00)	N2	1	N(0.00)N(8.60)A(0.00)T(0.00)V(0.00)H(0.00)E(0.00)Q(0.00)V(0.00)G(0.00)G(0.00)P(0.00)S(0.00)L(0.00)T(0.00)S(0.00)D(0.00)L(0.00)Q(0.00)A(0.00)Q(0.00)S(0.00)K(0.00)	N(0)N(0)A(0)T(0)V(0)H(0)E(0)Q(0)V(0)G(0)G(0)P(0)S(0)L(0)T(0)S(0)D(0)L(0)Q(0)A(0)Q(0)S(0)K(0)	16.803345	4	0	0	16.803345	4	8.602409	0	0	0	0	FALSE	FALSE	FALSE	sp|P04004|VTNC_HUMAN	P04004	VTNC_HUMAN	VTN	Vitronectin		tr|F5GX75|F5GX75_HUMAN	34749	3209.007	34749	3147.2651	3296.0461	38.818	58
240419_ES_R00006_MG_c00001_SA_NPB_3_i2.34831.34831.3	D:\SHARE\Tim\25-12-03_GD_Dataset\GD_dataset\NPB_3_i2\interact.pep.xml	NNATVHEQVGGPSLTSDLQAQSK	NN[2319]ATVHEQVGGPSLTSDLQAQSK	VYDDGEEK.NNATVHEQVGGPSLTSDLQAQSK.GNPEQTPV	K	G	23	3	3218.762	4584.9424	4584.9365	1529.3214	1529.3194	4584.9346	1529.3188	0.0022	1.95E-05	29.337	7.41	1	0	2	0	85	107	14052283	2N(2204.7725)	NA	HexNAc(4)Hex(5)NeuAc(2) % 2204.7724	5.65	0	NnATVHEQVGGPSLTSDLQAQSK	N(0.00)N(29.34)A(0.00)T(0.00)V(0.00)H(0.00)E(0.00)Q(0.00)V(0.00)G(0.00)G(0.00)P(0.00)S(0.00)L(0.00)T(0.00)S(0.00)D(0.00)L(0.00)Q(0.00)A(0.00)Q(0.00)S(0.00)K(0.00)	N2	1	N(0.00)N(11.30)A(0.00)T(0.00)V(0.00)H(0.00)E(0.00)Q(0.00)V(0.00)G(0.00)G(0.00)P(0.00)S(0.00)L(0.00)T(0.00)S(0.00)D(0.00)L(0.00)Q(0.00)A(0.00)Q(0.00)S(0.00)K(0.00)	N(0)N(1)A(0)T(0)V(0)H(0)E(0)Q(0)V(0)G(0)G(0)P(0)S(0)L(0)T(0)S(0)D(0)L(0)Q(0)A(0)Q(0)S(0)K(0)	29.337069	9	0	0	27.937119	8	11.304196	1	0	0	0	FALSE	FALSE	FALSE	sp|P04004|VTNC_HUMAN	P04004	VTNC_HUMAN	VTN	Vitronectin		tr|F5GX75|F5GX75_HUMAN	34799	3212.1082	34769	2911.8452	3355.1062	15.092001	193
240419_ES_R00006_MG_c00001_SA_NPB_3_i2.34868.34868.4	D:\SHARE\Tim\25-12-03_GD_Dataset\GD_dataset\NPB_3_i2\interact.pep.xml	NNATVHEQVGGPSLTSDLQAQSK	NN[2028]ATVHEQVGGPSLTSDLQAQSK	VYDDGEEK.NNATVHEQVGGPSLTSDLQAQSK.GNPEQTPV	K	G	23	4	3222.0664	4294.8394	4294.845	1074.7171	1074.7185	4293.8389	1074.467	1.0063	0.09003761	21.81	15.711	0.9623	0.000230947	2	0	85	107	16700426	2N(1913.6770)	NA	HexNAc(4)Hex(5)NeuAc(1) % 1913.6770	4.36	0	NnATVHEQVGGPSLTSDLQAQSK	N(0.00)N(21.81)A(0.00)T(0.00)V(0.00)H(0.00)E(0.00)Q(0.00)V(0.00)G(0.00)G(0.00)P(0.00)S(0.00)L(0.00)T(0.00)S(0.00)D(0.00)L(0.00)Q(0.00)A(0.00)Q(0.00)S(0.00)K(0.00)	N2	1	N(0.00)N(8.79)A(0.00)T(0.00)V(0.00)H(0.00)E(0.00)Q(0.00)V(0.00)G(0.00)G(0.00)P(0.00)S(0.00)L(0.00)T(0.00)S(0.00)D(0.00)L(0.00)Q(0.00)A(0.00)Q(0.00)S(0.00)K(0.00)	N(0)N(0)A(0)T(0)V(0)H(0)E(0)Q(0)V(0)G(0)G(0)P(0)S(0)L(0)T(0)S(0)D(0)L(0)Q(0)A(0)Q(0)S(0)K(0)	21.81081	6	0	0	21.81081	6	8.787783	0	0	0	0	FALSE	FALSE	FALSE	sp|P04004|VTNC_HUMAN	P04004	VTNC_HUMAN	VTN	Vitronectin		tr|F5GX75|F5GX75_HUMAN	34826	3231.714	34970	2908.06	3468.695	14.264001	241
240419_ES_R00006_MG_c00001_SA_NPB_3_i2.34912.34912.4	D:\SHARE\Tim\25-12-03_GD_Dataset\GD_dataset\NPB_3_i2\interact.pep.xml	NNATVHEQVGGPSLTSDLQAQSK	NN[2028]ATVHEQVGGPSLTSDLQAQSK	VYDDGEEK.NNATVHEQVGGPSLTSDLQAQSK.GNPEQTPV	K	G	23	4	3227.147	4294.7837	4294.8154	1074.7032	1074.7111	4293.8389	1074.467	0.9764	9.33E-06	20.064	14.562	0.9975	0	2	0	85	107	0	2N(1913.6770)	NA	HexNAc(4)Hex(5)NeuAc(1) % 1913.6770	3.95	0	NnATVHEQVGGPSLTSDLQAQSK	N(0.00)N(20.06)A(0.00)T(0.00)V(0.00)H(0.00)E(0.00)Q(0.00)V(0.00)G(0.00)G(0.00)P(0.00)S(0.00)L(0.00)T(0.00)S(0.00)D(0.00)L(0.00)Q(0.00)A(0.00)Q(0.00)S(0.00)K(0.00)	N2	1	N(0.00)N(9.63)A(0.00)T(0.00)V(0.00)H(0.00)E(0.00)Q(0.00)V(0.00)G(0.00)G(0.00)P(0.00)S(0.00)L(0.00)T(0.00)S(0.00)D(0.00)L(0.00)Q(0.00)A(0.00)Q(0.00)S(0.00)K(0.00)	N(0)N(0)A(0)T(0)V(0)H(0)E(0)Q(0)V(0)G(0)G(0)P(0)S(0)L(0)T(0)S(0)D(0)L(0)Q(0)A(0)Q(0)S(0)K(0)	20.064562	5	0	0	20.064562	5	9.626532	0	0	0	0	FALSE	FALSE	FALSE	sp|P04004|VTNC_HUMAN	P04004	VTNC_HUMAN	VTN	Vitronectin		tr|F5GX75|F5GX75_HUMAN	34885	0	0	0	0	0	0
240419_ES_R00006_MG_c00001_SA_NPB_3_i2.35007.35007.4	D:\SHARE\Tim\25-12-03_GD_Dataset\GD_dataset\NPB_3_i2\interact.pep.xml	NNATVHEQVGGPSLTSDLQAQSK	NN[3121]ATVHEQVGGPSLTSDLQAQSK	VYDDGEEK.NNATVHEQVGGPSLTSDLQAQSK.GNPEQTPV	K	G	23	4	3235.1548	5388.249	5388.227	1348.0695	1348.064	5387.2197	1347.8123	1.0073	0.002733694	17.753	6.908	0.9995	0	2	0	85	107	0	2N(3007.0579)	NA	HexNAc(5)Hex(6)Fuc(1)NeuAc(3) % 3007.0579	4.61	0	NnATVHEQVGGPSLTSDLQAQSK	N(0.00)N(17.75)A(0.00)T(0.00)V(0.00)H(0.00)E(0.00)Q(0.00)V(0.00)G(0.00)G(0.00)P(0.00)S(0.00)L(0.00)T(0.00)S(0.00)D(0.00)L(0.00)Q(0.00)A(0.00)Q(0.00)S(0.00)K(0.00)	N2	1	N(0.00)N(9.56)A(0.00)T(0.00)V(0.00)H(0.00)E(0.00)Q(0.00)V(0.00)G(0.00)G(0.00)P(0.00)S(0.00)L(0.00)T(0.00)S(0.00)D(0.00)L(0.00)Q(0.00)A(0.00)Q(0.00)S(0.00)K(0.00)	N(0)N(0)A(0)T(0)V(0)H(0)E(0)Q(0)V(0)G(0)G(0)P(0)S(0)L(0)T(0)S(0)D(0)L(0)Q(0)A(0)Q(0)S(0)K(0)	17.75371	4	0	0	17.75371	4	9.55603	0	0	0	0	FALSE	FALSE	FALSE	sp|P04004|VTNC_HUMAN	P04004	VTNC_HUMAN	VTN	Vitronectin		tr|F5GX75|F5GX75_HUMAN	34970	0	0	0	0	0	0
240419_ES_R00006_MG_c00001_SA_NPB_3_i2.35099.35099.4	D:\SHARE\Tim\25-12-03_GD_Dataset\GD_dataset\NPB_3_i2\interact.pep.xml	NNATVHEQVGGPSLTSDLQAQSK	NN[3121]ATVHEQVGGPSLTSDLQAQSK	VYDDGEEK.NNATVHEQVGGPSLTSDLQAQSK.GNPEQTPV	K	G	23	4	3242.2512	5387.207	5387.1997	1347.809	1347.8072	5387.2197	1347.8123	-0.02	8.73E-05	23.736	0	1	0	2	0	85	107	0	2N(3007.0579)	NA	HexNAc(5)Hex(6)Fuc(1)NeuAc(3) % 3007.0579	2.83	0	NnATVHEQVGGPSLTSDLQAQSK	N(0.00)N(22.43)A(0.00)T(0.00)V(0.00)H(0.00)E(0.00)Q(0.00)V(0.00)G(0.00)G(0.00)P(0.00)S(0.00)L(0.00)T(0.00)S(0.00)D(0.00)L(0.00)Q(0.00)A(0.00)Q(0.00)S(0.00)K(0.00)	N2	1	N(0.00)N(11.27)A(0.00)T(0.00)V(0.00)H(0.00)E(0.00)Q(0.00)V(0.00)G(0.00)G(0.00)P(0.00)S(0.00)L(0.00)T(0.00)S(0.00)D(0.00)L(0.00)Q(0.00)A(0.00)Q(0.00)S(0.00)K(0.00)	N(0)N(0)A(0)T(0)V(0)H(0)E(0)Q(0)V(0)G(0)G(0)P(0)S(0)L(0)T(0)S(0)D(0)L(0)Q(0)A(0)Q(0)S(0)K(0)	22.429895	5	0	0	23.736334	6	11.271471	0	0	0	0	FALSE	FALSE	FALSE	sp|P04004|VTNC_HUMAN	P04004	VTNC_HUMAN	VTN	Vitronectin		tr|F5GX75|F5GX75_HUMAN	35069	0	0	0	0	0	0
240419_ES_R00006_MG_c00001_SA_NPB_3_i2.35100.35100.3	D:\SHARE\Tim\25-12-03_GD_Dataset\GD_dataset\NPB_3_i2\interact.pep.xml	NNATVHEQVGGPSLTSDLQAQSK	NN[2319]ATVHEQVGGPSLTSDLQAQSK	VYDDGEEK.NNATVHEQVGGPSLTSDLQAQSK.GNPEQTPV	K	G	23	3	3242.3196	4585.9307	4585.9287	1529.6508	1529.6502	4584.9346	1529.3188	0.9944	7.29E-05	28.05	0	1	0	2	0	85	107	12052222	2N(2204.7725)	NA	HexNAc(4)Hex(5)NeuAc(2) % 2204.7724	4.16	0	NnATVHEQVGGPSLTSDLQAQSK	N(0.00)N(28.05)A(0.00)T(0.00)V(0.00)H(0.00)E(0.00)Q(0.00)V(0.00)G(0.00)G(0.00)P(0.00)S(0.00)L(0.00)T(0.00)S(0.00)D(0.00)L(0.00)Q(0.00)A(0.00)Q(0.00)S(0.00)K(0.00)	N2	1	N(0.00)N(11.81)A(0.00)T(0.00)V(0.00)H(0.00)E(0.00)Q(0.00)V(0.00)G(0.00)G(0.00)P(0.00)S(0.00)L(0.00)T(0.00)S(0.00)D(0.00)L(0.00)Q(0.00)A(0.00)Q(0.00)S(0.00)K(0.00)	N(0)N(0)A(0)T(0)V(0)H(0)E(0)Q(0)V(0)G(0)G(0)P(0)S(0)L(0)T(0)S(0)D(0)L(0)Q(0)A(0)Q(0)S(0)K(0)	28.050888	7	0	0	28.050888	7	11.808111	0	0	0	0	FALSE	FALSE	FALSE	sp|P04004|VTNC_HUMAN	P04004	VTNC_HUMAN	VTN	Vitronectin		tr|F5GX75|F5GX75_HUMAN	35069	3239.9731	35069	2911.8452	3355.1062	15.092001	193
240419_ES_R00006_MG_c00001_SA_NPB_3_i2.35180.35180.3	D:\SHARE\Tim\25-12-03_GD_Dataset\GD_dataset\NPB_3_i2\interact.pep.xml	VVLHPNYSQVDIGLIK	VVLHPN[2028]YSQVDIGLIK	KQLVEIEK.VVLHPNYSQVDIGLIK.LKQKVSVN	K	L	16	3	3248.2466	3707.6733	3707.6821	1236.8984	1236.9013	3707.6809	1236.9009	0.0012	0.008212966	15.842	11.877	0.9956	0	2	0	236	251	7023806	6N(1913.6770)	NA	HexNAc(4)Hex(5)NeuAc(1) % 1913.6770	5.06	0	VVLHPnYSQVDIGLIK	V(0.00)V(0.00)L(0.00)H(0.00)P(0.00)N(15.84)Y(0.00)S(0.00)Q(0.00)V(0.00)D(0.00)I(0.00)G(0.00)L(0.00)I(0.00)K(0.00)	N6	1	V(0.00)V(0.00)L(0.00)H(0.00)P(0.00)N(9.29)Y(0.00)S(0.00)Q(0.00)V(0.00)D(0.00)I(0.00)G(0.00)L(0.00)I(0.00)K(0.00)	V(0)V(0)L(0)H(0)P(0)N(0)Y(0)S(0)Q(0)V(0)D(0)I(0)G(0)L(0)I(0)K(0)	15.842256	4	0	0	15.842256	4	9.28639	0	0	0	0	FALSE	FALSE	FALSE	sp|P00738|HPT_HUMAN	P00738	HPT_HUMAN	HP	Haptoglobin		"tr|A0A0C4DGL8|A0A0C4DGL8_HUMAN, tr|H0Y300|H0Y300_HUMAN, tr|H3BS21|H3BS21_HUMAN, tr|J3QLC9|J3QLC9_HUMAN, tr|J3QR68|J3QR68_HUMAN"	35137	3257.9932	35312	3244.9502	3277.745	20.832	10
240419_ES_R00006_MG_c00001_SA_NPB_3_i2.35196.35196.4	D:\SHARE\Tim\25-12-03_GD_Dataset\GD_dataset\NPB_3_i2\interact.pep.xml	NNATVHEQVGGPSLTSDLQAQSK	NN[2975]ATVHEQVGGPSLTSDLQAQSK	VYDDGEEK.NNATVHEQVGGPSLTSDLQAQSK.GNPEQTPV	K	G	23	4	3249.3596	5242.174	5242.166	1311.5508	1311.5488	5241.1621	1311.2979	1.0042	2.11E-08	40.2	0	1	0	2	0	85	107	22992616	2N(2861.0000)	NA	HexNAc(5)Hex(6)NeuAc(3) % 2861.0000	7.79	0	NnATVHEQVGGPSLTSDLQAQSK	N(0.00)N(36.09)A(0.00)T(0.00)V(0.00)H(0.00)E(0.00)Q(0.00)V(0.00)G(0.00)G(0.00)P(0.00)S(0.00)L(0.00)T(0.00)S(0.00)D(0.00)L(0.00)Q(0.00)A(0.00)Q(0.00)S(0.00)K(0.00)	N2	1	N(0.00)N(9.85)A(0.00)T(0.00)V(0.00)H(0.00)E(0.00)Q(0.00)V(0.00)G(0.00)G(0.00)P(0.00)S(0.00)L(0.00)T(0.00)S(0.00)D(0.00)L(0.00)Q(0.00)A(0.00)Q(0.00)S(0.00)K(0.00)	N(0)N(0)A(0)T(0)V(0)H(0)E(0)Q(0)V(0)G(0)G(0)P(0)S(0)L(0)T(0)S(0)D(0)L(0)Q(0)A(0)Q(0)S(0)K(0)	36.092464	11	0	0	40.200516	14	9.851175	0	0	0	0	FALSE	FALSE	FALSE	sp|P04004|VTNC_HUMAN	P04004	VTNC_HUMAN	VTN	Vitronectin		tr|F5GX75|F5GX75_HUMAN	35160	3239.9731	35069	2700.726	3366.922	22.405	294
240419_ES_R00006_MG_c00001_SA_NPB_3_i2.35200.35200.4	D:\SHARE\Tim\25-12-03_GD_Dataset\GD_dataset\NPB_3_i2\interact.pep.xml	NNATVHEQVGGPSLTSDLQAQSK	NN[2465]ATVHEQVGGPSLTSDLQAQSK	VYDDGEEK.NNATVHEQVGGPSLTSDLQAQSK.GNPEQTPV	K	G	23	4	3249.7588	4730.9883	4730.99	1183.7544	1183.7548	4730.9922	1183.7554	-0.002	0.000545444	22.553	0	1	0	2	0	85	107	0	2N(2350.8303)	NA	HexNAc(4)Hex(5)Fuc(1)NeuAc(2) % 2350.8303	5.62	0	NnATVHEQVGGPSLTSDLQAQSK	N(0.00)N(22.55)A(0.00)T(0.00)V(0.00)H(0.00)E(0.00)Q(0.00)V(0.00)G(0.00)G(0.00)P(0.00)S(0.00)L(0.00)T(0.00)S(0.00)D(0.00)L(0.00)Q(0.00)A(0.00)Q(0.00)S(0.00)K(0.00)	N2	1	N(0.00)N(13.43)A(0.00)T(0.00)V(0.00)H(0.00)E(0.00)Q(0.00)V(0.00)G(0.00)G(0.00)P(0.00)S(0.00)L(0.00)T(0.00)S(0.00)D(0.00)L(0.00)Q(0.00)A(0.00)Q(0.00)S(0.00)K(0.00)	N(0)N(0)A(0)T(0)V(0)H(0)E(0)Q(0)V(0)G(0)G(0)P(0)S(0)L(0)T(0)S(0)D(0)L(0)Q(0)A(0)Q(0)S(0)K(0)	22.553267	4	0	0	22.553267	4	13.433905	0	0	0	0	FALSE	FALSE	FALSE	sp|P04004|VTNC_HUMAN	P04004	VTNC_HUMAN	VTN	Vitronectin		tr|F5GX75|F5GX75_HUMAN	35160	0	0	0	0	0	0
240419_ES_R00006_MG_c00001_SA_NPB_3_i2.35213.35213.3	D:\SHARE\Tim\25-12-03_GD_Dataset\GD_dataset\NPB_3_i2\interact.pep.xml	VVLHPNYSQVDIGLIK	VVLHPN[2028]YSQVDIGLIK	KQLVEIEK.VVLHPNYSQVDIGLIK.LKQKVSVN	K	L	16	3	3250.674	3707.6885	3707.6836	1236.9034	1236.9018	3707.6809	1236.9009	0.0026	4.66E-07	20.549	8.405	1	0	2	0	236	251	7023806	6N(1913.6770)	NA	HexNAc(4)Hex(5)NeuAc(1) % 1913.6770	4.02	0	VVLHPnYSQVDIGLIK	V(0.00)V(0.00)L(0.00)H(0.00)P(0.00)N(20.55)Y(0.00)S(0.00)Q(0.00)V(0.00)D(0.00)I(0.00)G(0.00)L(0.00)I(0.00)K(0.00)	N6	1	V(0.00)V(0.00)L(0.00)H(0.00)P(0.00)N(9.28)Y(0.00)S(0.00)Q(0.00)V(0.00)D(0.00)I(0.00)G(0.00)L(0.00)I(0.00)K(0.00)	V(0)V(0)L(0)H(0)P(0)N(0)Y(0)S(0)Q(0)V(0)D(0)I(0)G(0)L(0)I(0)K(0)	20.549929	6	0	0	20.549929	6	9.278014	0	0	0	0	FALSE	FALSE	FALSE	sp|P00738|HPT_HUMAN	P00738	HPT_HUMAN	HP	Haptoglobin		"tr|A0A0C4DGL8|A0A0C4DGL8_HUMAN, tr|H0Y300|H0Y300_HUMAN, tr|H3BS21|H3BS21_HUMAN, tr|J3QLC9|J3QLC9_HUMAN, tr|J3QR68|J3QR68_HUMAN"	35160	3257.9932	35312	3241.9053	3280.402	20.832	10
240419_ES_R00006_MG_c00001_SA_NPB_3_i2.35224.35224.4	D:\SHARE\Tim\25-12-03_GD_Dataset\GD_dataset\NPB_3_i2\interact.pep.xml	NNATVHEQVGGPSLTSDLQAQSK	NN[2975]ATVHEQVGGPSLTSDLQAQSK	VYDDGEEK.NNATVHEQVGGPSLTSDLQAQSK.GNPEQTPV	K	G	23	4	3251.5803	5241.173	5241.167	1311.3005	1311.299	5241.1621	1311.2979	0.0051	2.73E-07	33.755	0	1	0	2	0	85	107	22992616	2N(2861.0000)	NA	HexNAc(5)Hex(6)NeuAc(3) % 2861.0000	6.33	0	NnATVHEQVGGPSLTSDLQAQSK	N(0.00)N(33.59)A(0.00)T(0.00)V(0.00)H(0.00)E(0.00)Q(0.00)V(0.00)G(0.00)G(0.00)P(0.00)S(0.00)L(0.00)T(0.00)S(0.00)D(0.00)L(0.00)Q(0.00)A(0.00)Q(0.00)S(0.00)K(0.00)	N2	1	N(0.00)N(12.88)A(0.00)T(0.00)V(0.00)H(0.00)E(0.00)Q(0.00)V(0.00)G(0.00)G(0.00)P(0.00)S(0.00)L(0.00)T(0.00)S(0.00)D(0.00)L(0.00)Q(0.00)A(0.00)Q(0.00)S(0.00)K(0.00)	N(0)N(2)A(0)T(0)V(0)H(0)E(0)Q(0)V(0)G(0)G(0)P(0)S(0)L(0)T(0)S(0)D(0)L(0)Q(0)A(0)Q(0)S(0)K(0)	33.586327	11	0	0	33.755108	11	12.883181	2	0	0	0	FALSE	FALSE	FALSE	sp|P04004|VTNC_HUMAN	P04004	VTNC_HUMAN	VTN	Vitronectin		tr|F5GX75|F5GX75_HUMAN	35195	3239.9731	35069	2700.726	3352.5322	22.405	290
240419_ES_R00006_MG_c00001_SA_NPB_3_i2.35344.35344.3	D:\SHARE\Tim\25-12-03_GD_Dataset\GD_dataset\NPB_3_i2\interact.pep.xml	VVLHPNYSQVDIGLIK	VVLHPN[2028]YSQVDIGLIK	KQLVEIEK.VVLHPNYSQVDIGLIK.LKQKVSVN	K	L	16	3	3260.4202	3707.6902	3707.6836	1236.904	1236.9018	3707.6809	1236.9009	0.0026	0.005824387	16.439	10.464	0.9977	0	2	0	236	251	8136919	6N(1913.6770)	NA	HexNAc(4)Hex(5)NeuAc(1) % 1913.6770	4.35	0	VVLHPnYSQVDIGLIK	V(0.00)V(0.00)L(0.00)H(0.00)P(0.00)N(16.44)Y(0.00)S(0.00)Q(0.00)V(0.00)D(0.00)I(0.00)G(0.00)L(0.00)I(0.00)K(0.00)	N6	1	V(0.00)V(0.00)L(0.00)H(0.00)P(0.00)N(7.58)Y(0.00)S(0.00)Q(0.00)V(0.00)D(0.00)I(0.00)G(0.00)L(0.00)I(0.00)K(0.00)	V(0)V(0)L(0)H(0)P(0)N(0)Y(0)S(0)Q(0)V(0)D(0)I(0)G(0)L(0)I(0)K(0)	16.439102	5	0	0	16.439102	5	7.5769253	0	0	0	0	FALSE	FALSE	FALSE	sp|P00738|HPT_HUMAN	P00738	HPT_HUMAN	HP	Haptoglobin		"tr|A0A0C4DGL8|A0A0C4DGL8_HUMAN, tr|H0Y300|H0Y300_HUMAN, tr|H3BS21|H3BS21_HUMAN, tr|J3QLC9|J3QLC9_HUMAN, tr|J3QR68|J3QR68_HUMAN"	35312	3255.9111	35284	3244.9502	3277.745	20.832	10
240419_ES_R00006_MG_c00001_SA_NPB_3_i2.35364.35364.3	D:\SHARE\Tim\25-12-03_GD_Dataset\GD_dataset\NPB_3_i2\interact.pep.xml	NGSLFAFR	N[2028]GSLFAFR	FDAFTDLK.NGSLFAFR.GQYCYELD	K	G	8	3	3261.7935	2824.1694	2824.165	942.3971	942.3956	2824.1431	942.3882	0.0219	0.07998345	14.888	9.089	0.956	0.000230947	2	0	169	176	0	1N(1913.6770)	NA	HexNAc(4)Hex(5)NeuAc(1) % 1913.6770	0.39	0	nGSLFAFR	N(12.23)G(0.00)S(0.00)L(0.00)F(0.00)A(0.00)F(0.00)R(0.00)	N1	1	N(10.40)G(0.00)S(0.00)L(0.00)F(0.00)A(0.00)F(0.00)R(0.00)	N(0)G(0)S(0)L(0)F(0)A(0)F(0)R(0)	12.232701	1	0	0	14.888405	2	10.400401	0	0	0	0	FALSE	FALSE	TRUE	sp|P04004|VTNC_HUMAN	P04004	VTNC_HUMAN	VTN	Vitronectin			35312	0	0	0	0	0	0
240419_ES_R00006_MG_c00001_SA_NPB_3_i2.35385.35385.4	D:\SHARE\Tim\25-12-03_GD_Dataset\GD_dataset\NPB_3_i2\interact.pep.xml	NNATVHEQVGGPSLTSDLQAQSK	NN[2028]ATVHEQVGGPSLTSDLQAQSK	VYDDGEEK.NNATVHEQVGGPSLTSDLQAQSK.GNPEQTPV	K	G	23	4	3263.377	4293.827	4293.841	1074.464	1074.4675	4293.8389	1074.467	0.002	0.04456562	13.904	7.525	0.9951	0	2	0	85	107	14123635	2N(1913.6770)	NA	HexNAc(4)Hex(5)NeuAc(1) % 1913.6770	5.22	0	NnATVHEQVGGPSLTSDLQAQSK	N(0.00)N(13.90)A(0.00)T(0.00)V(0.00)H(0.00)E(0.00)Q(0.00)V(0.00)G(0.00)G(0.00)P(0.00)S(0.00)L(0.00)T(0.00)S(0.00)D(0.00)L(0.00)Q(0.00)A(0.00)Q(0.00)S(0.00)K(0.00)	N2	1	N(0.00)N(10.12)A(0.00)T(0.00)V(0.00)H(0.00)E(0.00)Q(0.00)V(0.00)G(0.00)G(0.00)P(0.00)S(0.00)L(0.00)T(0.00)S(0.00)D(0.00)L(0.00)Q(0.00)A(0.00)Q(0.00)S(0.00)K(0.00)	N(0)N(0)A(0)T(0)V(0)H(0)E(0)Q(0)V(0)G(0)G(0)P(0)S(0)L(0)T(0)S(0)D(0)L(0)Q(0)A(0)Q(0)S(0)K(0)	13.904953	2	0	0	13.904953	2	10.11599	0	0	0	0	FALSE	FALSE	FALSE	sp|P04004|VTNC_HUMAN	P04004	VTNC_HUMAN	VTN	Vitronectin		tr|F5GX75|F5GX75_HUMAN	35342	3251.37	35222	3117.0671	3468.695	15.886001	143
240419_ES_R00006_MG_c00001_SA_NPB_3_i2.35444.35444.4	D:\SHARE\Tim\25-12-03_GD_Dataset\GD_dataset\NPB_3_i2\interact.pep.xml	NNATVHEQVGGPSLTSDLQAQSK	NN[2319]ATVHEQVGGPSLTSDLQAQSK	VYDDGEEK.NNATVHEQVGGPSLTSDLQAQSK.GNPEQTPV	K	G	23	4	3267.603	4584.9404	4584.9316	1147.2424	1147.2402	4584.9346	1147.241	-0.0027	2.07E-11	51.233	15.152	1	0	2	0	85	107	65056796	2N(2204.7725)	NA	HexNAc(4)Hex(5)NeuAc(2) % 2204.7724	6.41	0	NnATVHEQVGGPSLTSDLQAQSK	N(0.00)N(46.84)A(0.00)T(0.00)V(0.00)H(0.00)E(0.00)Q(0.00)V(0.00)G(0.00)G(0.00)P(0.00)S(0.00)L(0.00)T(0.00)S(0.00)D(0.00)L(0.00)Q(0.00)A(0.00)Q(0.00)S(0.00)K(0.00)	N2	1	N(0.00)N(13.82)A(0.00)T(0.00)V(0.00)H(0.00)E(0.00)Q(0.00)V(0.00)G(0.00)G(0.00)P(0.00)S(0.00)L(0.00)T(0.00)S(0.00)D(0.00)L(0.00)Q(0.00)A(0.00)Q(0.00)S(0.00)K(0.00)	N(0)N(1)A(0)T(0)V(0)H(0)E(0)Q(0)V(0)G(0)G(0)P(0)S(0)L(0)T(0)S(0)D(0)L(0)Q(0)A(0)Q(0)S(0)K(0)	46.842113	14	0	0	51.23319	17	13.818956	1	0	0	0	FALSE	FALSE	FALSE	sp|P04004|VTNC_HUMAN	P04004	VTNC_HUMAN	VTN	Vitronectin		tr|F5GX75|F5GX75_HUMAN	35414	3289.7192	35741	2368.9302	3473.643	38.528004	515
240419_ES_R00006_MG_c00001_SA_NPB_3_i2.35512.35512.4	D:\SHARE\Tim\25-12-03_GD_Dataset\GD_dataset\NPB_3_i2\interact.pep.xml	NNATVHEQVGGPSLTSDLQAQSK	NN[2684]ATVHEQVGGPSLTSDLQAQSK	VYDDGEEK.NNATVHEQVGGPSLTSDLQAQSK.GNPEQTPV	K	G	23	4	3272.8035	4950.055	4950.0317	1238.521	1238.5152	4950.0664	1238.5239	-0.0347	0.0362675	19.568	14.509	0.9953	0	2	0	85	107	0	2N(2569.9045)	NA	HexNAc(5)Hex(6)NeuAc(2) % 2569.9046	2.3	0	NnATVHEQVGGPSLTSDLQAQSK	N(0.00)N(19.57)A(0.00)T(0.00)V(0.00)H(0.00)E(0.00)Q(0.00)V(0.00)G(0.00)G(0.00)P(0.00)S(0.00)L(0.00)T(0.00)S(0.00)D(0.00)L(0.00)Q(0.00)A(0.00)Q(0.00)S(0.00)K(0.00)	N2	1	N(0.00)N(11.41)A(0.00)T(0.00)V(0.00)H(0.00)E(0.00)Q(0.00)V(0.00)G(0.00)G(0.00)P(0.00)S(0.00)L(0.00)T(0.00)S(0.00)D(0.00)L(0.00)Q(0.00)A(0.00)Q(0.00)S(0.00)K(0.00)	N(0)N(1)A(0)T(0)V(0)H(0)E(0)Q(0)V(0)G(0)G(0)P(0)S(0)L(0)T(0)S(0)D(0)L(0)Q(0)A(0)Q(0)S(0)K(0)	19.568214	5	0	0	17.956379	4	11.410881	1	0	0	0	FALSE	FALSE	FALSE	sp|P04004|VTNC_HUMAN	P04004	VTNC_HUMAN	VTN	Vitronectin		tr|F5GX75|F5GX75_HUMAN	35478	0	0	0	0	0	0
240419_ES_R00006_MG_c00001_SA_NPB_3_i2.35576.35576.5	D:\SHARE\Tim\25-12-03_GD_Dataset\GD_dataset\NPB_3_i2\interact.pep.xml	NNATVHEQVGGPSLTSDLQAQSK	NN[2319]ATVHEQVGGPSLTSDLQAQSK	VYDDGEEK.NNATVHEQVGGPSLTSDLQAQSK.GNPEQTPV	K	G	23	5	3277.362	4584.9414	4584.9346	917.9956	917.9942	4584.9346	917.9943	2.00E-04	7.62E-06	17.27	12.057	1	0	2	0	85	107	0	2N(2204.7725)	NA	HexNAc(4)Hex(5)NeuAc(2) % 2204.7724	6.18	0	NnATVHEQVGGPSLTSDLQAQSK	N(0.00)N(17.27)A(0.00)T(0.00)V(0.00)H(0.00)E(0.00)Q(0.00)V(0.00)G(0.00)G(0.00)P(0.00)S(0.00)L(0.00)T(0.00)S(0.00)D(0.00)L(0.00)Q(0.00)A(0.00)Q(0.00)S(0.00)K(0.00)	N2	1	N(0.00)N(9.57)A(0.00)T(0.00)V(0.00)H(0.00)E(0.00)Q(0.00)V(0.00)G(0.00)G(0.00)P(0.00)S(0.00)L(0.00)T(0.00)S(0.00)D(0.00)L(0.00)Q(0.00)A(0.00)Q(0.00)S(0.00)K(0.00)	N(0)N(1)A(0)T(0)V(0)H(0)E(0)Q(0)V(0)G(0)G(0)P(0)S(0)L(0)T(0)S(0)D(0)L(0)Q(0)A(0)Q(0)S(0)K(0)	17.270916	5	0	0	15.241979	4	9.570434	1	0	0	0	FALSE	FALSE	FALSE	sp|P04004|VTNC_HUMAN	P04004	VTNC_HUMAN	VTN	Vitronectin		tr|F5GX75|F5GX75_HUMAN	35507	0	0	0	0	0	0
240419_ES_R00006_MG_c00001_SA_NPB_3_i2.35585.35585.4	D:\SHARE\Tim\25-12-03_GD_Dataset\GD_dataset\NPB_3_i2\interact.pep.xml	NNATVHEQVGGPSLTSDLQAQSK	NN[2465]ATVHEQVGGPSLTSDLQAQSK	VYDDGEEK.NNATVHEQVGGPSLTSDLQAQSK.GNPEQTPV	K	G	23	4	3278.2083	4732.0127	4731.9976	1184.0105	1184.0067	4730.9922	1183.7554	1.0054	0.000117355	25.222	6.09	1	0	2	0	85	107	3263665.8	2N(2350.8303)	NA	HexNAc(4)Hex(5)Fuc(1)NeuAc(2) % 2350.8303	4.57	0	NnATVHEQVGGPSLTSDLQAQSK	N(0.00)N(25.22)A(0.00)T(0.00)V(0.00)H(0.00)E(0.00)Q(0.00)V(0.00)G(0.00)G(0.00)P(0.00)S(0.00)L(0.00)T(0.00)S(0.00)D(0.00)L(0.00)Q(0.00)A(0.00)Q(0.00)S(0.00)K(0.00)	N2	1	N(0.00)N(11.58)A(0.00)T(0.00)V(0.00)H(0.00)E(0.00)Q(0.00)V(0.00)G(0.00)G(0.00)P(0.00)S(0.00)L(0.00)T(0.00)S(0.00)D(0.00)L(0.00)Q(0.00)A(0.00)Q(0.00)S(0.00)K(0.00)	N(0)N(0)A(0)T(0)V(0)H(0)E(0)Q(0)V(0)G(0)G(0)P(0)S(0)L(0)T(0)S(0)D(0)L(0)Q(0)A(0)Q(0)S(0)K(0)	25.222769	6	0	0	25.222769	6	11.578752	0	0	0	0	FALSE	FALSE	FALSE	sp|P04004|VTNC_HUMAN	P04004	VTNC_HUMAN	VTN	Vitronectin		tr|F5GX75|F5GX75_HUMAN	35549	3277.745	35580	3224.4941	3335.4211	15.677001	49
240419_ES_R00006_MG_c00001_SA_NPB_3_i2.35645.35645.3	D:\SHARE\Tim\25-12-03_GD_Dataset\GD_dataset\NPB_3_i2\interact.pep.xml	NNATVHEQVGGPSLTSDLQAQSK	NN[2319]ATVHEQVGGPSLTSDLQAQSK	VYDDGEEK.NNATVHEQVGGPSLTSDLQAQSK.GNPEQTPV	K	G	23	3	3282.6982	4584.9414	4584.9395	1529.3211	1529.3204	4584.9346	1529.3188	0.0051	1.18E-05	28.21	8.838	1	0	2	0	85	107	14316263	2N(2204.7725)	NA	HexNAc(4)Hex(5)NeuAc(2) % 2204.7724	4.44	0	NnATVHEQVGGPSLTSDLQAQSK	N(0.00)N(28.21)A(0.00)T(0.00)V(0.00)H(0.00)E(0.00)Q(0.00)V(0.00)G(0.00)G(0.00)P(0.00)S(0.00)L(0.00)T(0.00)S(0.00)D(0.00)L(0.00)Q(0.00)A(0.00)Q(0.00)S(0.00)K(0.00)	N2	1	N(0.00)N(12.81)A(0.00)T(0.00)V(0.00)H(0.00)E(0.00)Q(0.00)V(0.00)G(0.00)G(0.00)P(0.00)S(0.00)L(0.00)T(0.00)S(0.00)D(0.00)L(0.00)Q(0.00)A(0.00)Q(0.00)S(0.00)K(0.00)	N(0)N(2)A(0)T(0)V(0)H(0)E(0)Q(0)V(0)G(0)G(0)P(0)S(0)L(0)T(0)S(0)D(0)L(0)Q(0)A(0)Q(0)S(0)K(0)	28.210629	9	0	0	25.535929	7	12.807183	2	0	0	0	FALSE	FALSE	FALSE	sp|P04004|VTNC_HUMAN	P04004	VTNC_HUMAN	VTN	Vitronectin		tr|F5GX75|F5GX75_HUMAN	35615	3306.5303	35966	2913.2751	3355.1062	15.092001	193
240419_ES_R00006_MG_c00001_SA_NPB_3_i2.35657.35657.3	D:\SHARE\Tim\25-12-03_GD_Dataset\GD_dataset\NPB_3_i2\interact.pep.xml	NNATVHEQVGGPSLTSDLQAQSK	NN[2028]ATVHEQVGGPSLTSDLQAQSK	VYDDGEEK.NNATVHEQVGGPSLTSDLQAQSK.GNPEQTPV	K	G	23	3	3283.5176	4295.8457	4295.841	1432.9558	1432.9543	4293.8389	1432.287	2.002	0.000143623	16.713	10.846	1	0	2	0	85	107	0	2N(1913.6770)	NA	HexNAc(4)Hex(5)NeuAc(1) % 1913.6770	2.84	0	NnATVHEQVGGPSLTSDLQAQSK	N(0.00)N(15.11)A(0.00)T(0.00)V(0.00)H(0.00)E(0.00)Q(0.00)V(0.00)G(0.00)G(0.00)P(0.00)S(0.00)L(0.00)T(0.00)S(0.00)D(0.00)L(0.00)Q(0.00)A(0.00)Q(0.00)S(0.00)K(0.00)	N2	1	N(0.00)N(7.41)A(0.00)T(0.00)V(0.00)H(0.00)E(0.00)Q(0.00)V(0.00)G(0.00)G(0.00)P(0.00)S(0.00)L(0.00)T(0.00)S(0.00)D(0.00)L(0.00)Q(0.00)A(0.00)Q(0.00)S(0.00)K(0.00)	N(0)N(0)A(0)T(0)V(0)H(0)E(0)Q(0)V(0)G(0)G(0)P(0)S(0)L(0)T(0)S(0)D(0)L(0)Q(0)A(0)Q(0)S(0)K(0)	15.105734	4	0	0	16.71317	5	7.4134784	0	0	0	0	FALSE	FALSE	FALSE	sp|P04004|VTNC_HUMAN	P04004	VTNC_HUMAN	VTN	Vitronectin		tr|F5GX75|F5GX75_HUMAN	35615	0	0	0	0	0	0
240419_ES_R00006_MG_c00001_SA_NPB_3_i2.35685.35685.4	D:\SHARE\Tim\25-12-03_GD_Dataset\GD_dataset\NPB_3_i2\interact.pep.xml	NNATVHEQVGGPSLTSDLQAQSK	NN[2684]ATVHEQVGGPSLTSDLQAQSK	VYDDGEEK.NNATVHEQVGGPSLTSDLQAQSK.GNPEQTPV	K	G	23	4	3285.6082	4950.1167	4950.0815	1238.5365	1238.5277	4950.0664	1238.5239	0.0151	0.06023154	11.324	9.102	0.9925	0	2	0	85	107	0	2N(2569.9045)	NA	HexNAc(5)Hex(6)NeuAc(2) % 2569.9046	3.04	0	NnATVHEQVGGPSLTSDLQAQSK	N(0.00)N(11.32)A(0.00)T(0.00)V(0.00)H(0.00)E(0.00)Q(0.00)V(0.00)G(0.00)G(0.00)P(0.00)S(0.00)L(0.00)T(0.00)S(0.00)D(0.00)L(0.00)Q(0.00)A(0.00)Q(0.00)S(0.00)K(0.00)	N2	1	N(0.00)N(6.39)A(0.00)T(0.00)V(0.00)H(0.00)E(0.00)Q(0.00)V(0.00)G(0.00)G(0.00)P(0.00)S(0.00)L(0.00)T(0.00)S(0.00)D(0.00)L(0.00)Q(0.00)A(0.00)Q(0.00)S(0.00)K(0.00)	N(0)N(0)A(0)T(0)V(0)H(0)E(0)Q(0)V(0)G(0)G(0)P(0)S(0)L(0)T(0)S(0)D(0)L(0)Q(0)A(0)Q(0)S(0)K(0)	11.324158	3	0	0	11.324158	3	6.3887362	0	0	0	0	FALSE	FALSE	FALSE	sp|P04004|VTNC_HUMAN	P04004	VTNC_HUMAN	VTN	Vitronectin		tr|F5GX75|F5GX75_HUMAN	35640	0	0	0	0	0	0
240419_ES_R00006_MG_c00001_SA_NPB_3_i2.35692.35692.3	D:\SHARE\Tim\25-12-03_GD_Dataset\GD_dataset\NPB_3_i2\interact.pep.xml	NFTENDLLVR	N[2319]FTENDLLVR	LLYPPWDK.NFTENDLLVR.IGKHSRTR	K	I	10	3	3286.109	3424.4	3424.3853	1142.4739	1142.469	3424.3921	1142.4713	-0.0068	0.05898615	13.417	10.95	0.9727	0.000230947	2	0	416	425	0	1N(2204.7725)	NA	HexNAc(4)Hex(5)NeuAc(2) % 2204.7724	2.5	0	nFTENDLLVR	N(13.42)F(0.00)T(0.00)E(0.00)N(0.00)D(0.00)L(0.00)L(0.00)V(0.00)R(0.00)	N1	1	N(9.44)F(0.00)T(0.00)E(0.00)N(0.00)D(0.00)L(0.00)L(0.00)V(0.00)R(0.00)	N(0)F(0)T(0)E(0)N(0)D(0)L(0)L(0)V(0)R(0)	13.417238	2	0	0	13.417238	2	9.437109	0	0	0	0	FALSE	FALSE	FALSE	sp|P00734|THRB_HUMAN	P00734	THRB_HUMAN	F2	Prothrombin		tr|E9PIT3|E9PIT3_HUMAN	35640	0	0	0	0	0	0
240419_ES_R00006_MG_c00001_SA_NPB_3_i2.35729.35729.3	D:\SHARE\Tim\25-12-03_GD_Dataset\GD_dataset\NPB_3_i2\interact.pep.xml	NFTENDLLVR	N[2028]FTENDLLVR	LLYPPWDK.NFTENDLLVR.IGKHSRTR	K	I	10	3	3288.8037	3134.2769	3134.291	1045.7662	1045.7709	3133.2966	1045.4395	0.9943	0.0364544	13.253	6.406	0.9188	0.000230947	2	0	416	425	1960246.2	1N(1913.6770)	NA	HexNAc(4)Hex(5)NeuAc(1) % 1913.6770	1.81	0	nFTENDLLVR	N(13.25)F(0.00)T(0.00)E(0.00)N(0.00)D(0.00)L(0.00)L(0.00)V(0.00)R(0.00)	N1	1	N(7.61)F(0.00)T(0.00)E(0.00)N(0.00)D(0.00)L(0.00)L(0.00)V(0.00)R(0.00)	N(0)F(0)T(0)E(0)N(0)D(0)L(0)L(0)V(0)R(0)	13.253726	3	0	0	13.253726	3	7.6104407	0	0	0	0	FALSE	FALSE	FALSE	sp|P00734|THRB_HUMAN	P00734	THRB_HUMAN	F2	Prothrombin		tr|E9PIT3|E9PIT3_HUMAN	35677	3287.3452	35709	3277.745	3304.049	7.7560005	5
240419_ES_R00006_MG_c00001_SA_NPB_3_i2.35857.35857.4	D:\SHARE\Tim\25-12-03_GD_Dataset\GD_dataset\NPB_3_i2\interact.pep.xml	NNATVHEQVGGPSLTSDLQAQSK	NN[3121]ATVHEQVGGPSLTSDLQAQSK	VYDDGEEK.NNATVHEQVGGPSLTSDLQAQSK.GNPEQTPV	K	G	23	4	3298.3896	5388.234	5388.221	1348.0658	1348.0625	5387.2197	1347.8123	1.0015	0.000726106	20.056	0	1	0	2	0	85	107	0	2N(3007.0579)	NA	HexNAc(5)Hex(6)Fuc(1)NeuAc(3) % 3007.0579	6.37	0	NnATVHEQVGGPSLTSDLQAQSK	N(0.00)N(20.06)A(0.00)T(0.00)V(0.00)H(0.00)E(0.00)Q(0.00)V(0.00)G(0.00)G(0.00)P(0.00)S(0.00)L(0.00)T(0.00)S(0.00)D(0.00)L(0.00)Q(0.00)A(0.00)Q(0.00)S(0.00)K(0.00)	N2	1	N(0.00)N(9.56)A(0.00)T(0.00)V(0.00)H(0.00)E(0.00)Q(0.00)V(0.00)G(0.00)G(0.00)P(0.00)S(0.00)L(0.00)T(0.00)S(0.00)D(0.00)L(0.00)Q(0.00)A(0.00)Q(0.00)S(0.00)K(0.00)	N(0)N(0)A(0)T(0)V(0)H(0)E(0)Q(0)V(0)G(0)G(0)P(0)S(0)L(0)T(0)S(0)D(0)L(0)Q(0)A(0)Q(0)S(0)K(0)	20.056543	5	0	0	20.056543	5	9.560944	0	0	0	0	FALSE	FALSE	FALSE	sp|P04004|VTNC_HUMAN	P04004	VTNC_HUMAN	VTN	Vitronectin		tr|F5GX75|F5GX75_HUMAN	35826	0	0	0	0	0	0
240419_ES_R00006_MG_c00001_SA_NPB_3_i2.35989.35989.4	D:\SHARE\Tim\25-12-03_GD_Dataset\GD_dataset\NPB_3_i2\interact.pep.xml	NNATVHEQVGGPSLTSDLQAQSK	NN[3121]ATVHEQVGGPSLTSDLQAQSK	VYDDGEEK.NNATVHEQVGGPSLTSDLQAQSK.GNPEQTPV	K	G	23	4	3308.3357	5387.228	5387.22	1347.8143	1347.8123	5387.2197	1347.8123	5.00E-04	0.000514044	22.656	8.343	1	0	2	0	85	107	0	2N(3007.0579)	NA	HexNAc(5)Hex(6)Fuc(1)NeuAc(3) % 3007.0579	6.45	0	NnATVHEQVGGPSLTSDLQAQSK	N(0.00)N(22.66)A(0.00)T(0.00)V(0.00)H(0.00)E(0.00)Q(0.00)V(0.00)G(0.00)G(0.00)P(0.00)S(0.00)L(0.00)T(0.00)S(0.00)D(0.00)L(0.00)Q(0.00)A(0.00)Q(0.00)S(0.00)K(0.00)	N2	1	N(0.00)N(9.66)A(0.00)T(0.00)V(0.00)H(0.00)E(0.00)Q(0.00)V(0.00)G(0.00)G(0.00)P(0.00)S(0.00)L(0.00)T(0.00)S(0.00)D(0.00)L(0.00)Q(0.00)A(0.00)Q(0.00)S(0.00)K(0.00)	N(0)N(0)A(0)T(0)V(0)H(0)E(0)Q(0)V(0)G(0)G(0)P(0)S(0)L(0)T(0)S(0)D(0)L(0)Q(0)A(0)Q(0)S(0)K(0)	22.65627	6	0	0	22.65627	6	9.658405	0	0	0	0	FALSE	FALSE	FALSE	sp|P04004|VTNC_HUMAN	P04004	VTNC_HUMAN	VTN	Vitronectin		tr|F5GX75|F5GX75_HUMAN	35966	0	0	0	0	0	0
240419_ES_R00006_MG_c00001_SA_NPB_3_i2.36060.36060.4	D:\SHARE\Tim\25-12-03_GD_Dataset\GD_dataset\NPB_3_i2\interact.pep.xml	NNATVHEQVGGPSLTSDLQAQSK	NN[2975]ATVHEQVGGPSLTSDLQAQSK	VYDDGEEK.NNATVHEQVGGPSLTSDLQAQSK.GNPEQTPV	K	G	23	4	3313.7021	5242.176	5242.168	1311.5513	1311.5493	5241.1621	1311.2979	1.0061	1.00E-14	40.508	7.013	1	0	2	0	85	107	18399858	2N(2861.0000)	NA	HexNAc(5)Hex(6)NeuAc(3) % 2861.0000	6.18	0	NnATVHEQVGGPSLTSDLQAQSK	N(0.00)N(40.51)A(0.00)T(0.00)V(0.00)H(0.00)E(0.00)Q(0.00)V(0.00)G(0.00)G(0.00)P(0.00)S(0.00)L(0.00)T(0.00)S(0.00)D(0.00)L(0.00)Q(0.00)A(0.00)Q(0.00)S(0.00)K(0.00)	N2	1	N(0.00)N(11.48)A(0.00)T(0.00)V(0.00)H(0.00)E(0.00)Q(0.00)V(0.00)G(0.00)G(0.00)P(0.00)S(0.00)L(0.00)T(0.00)S(0.00)D(0.00)L(0.00)Q(0.00)A(0.00)Q(0.00)S(0.00)K(0.00)	N(0)N(1)A(0)T(0)V(0)H(0)E(0)Q(0)V(0)G(0)G(0)P(0)S(0)L(0)T(0)S(0)D(0)L(0)Q(0)A(0)Q(0)S(0)K(0)	40.508293	13	0	0	39.005993	12	11.481229	1	0	0	0	FALSE	FALSE	FALSE	sp|P04004|VTNC_HUMAN	P04004	VTNC_HUMAN	VTN	Vitronectin		tr|F5GX75|F5GX75_HUMAN	36029	3333.7441	36330	3309.445	3366.922	12.106001	27
240419_ES_R00006_MG_c00001_SA_NPB_3_i2.36088.36088.4	D:\SHARE\Tim\25-12-03_GD_Dataset\GD_dataset\NPB_3_i2\interact.pep.xml	NNATVHEQVGGPSLTSDLQAQSK	NN[2975]ATVHEQVGGPSLTSDLQAQSK	VYDDGEEK.NNATVHEQVGGPSLTSDLQAQSK.GNPEQTPV	K	G	23	4	3315.7874	5241.182	5241.1743	1311.3028	1311.3009	5241.1621	1311.2979	0.0125	3.04E-07	36.571	0	1	0	2	0	85	107	26167320	2N(2861.0000)	NA	HexNAc(5)Hex(6)NeuAc(3) % 2861.0000	5.54	0	NnATVHEQVGGPSLTSDLQAQSK	N(0.00)N(36.57)A(0.00)T(0.00)V(0.00)H(0.00)E(0.00)Q(0.00)V(0.00)G(0.00)G(0.00)P(0.00)S(0.00)L(0.00)T(0.00)S(0.00)D(0.00)L(0.00)Q(0.00)A(0.00)Q(0.00)S(0.00)K(0.00)	N2	1	N(0.00)N(14.24)A(0.00)T(0.00)V(0.00)H(0.00)E(0.00)Q(0.00)V(0.00)G(0.00)G(0.00)P(0.00)S(0.00)L(0.00)T(0.00)S(0.00)D(0.00)L(0.00)Q(0.00)A(0.00)Q(0.00)S(0.00)K(0.00)	N(0)N(4)A(0)T(0)V(0)H(0)E(0)Q(0)V(0)G(0)G(0)P(0)S(0)L(0)T(0)S(0)D(0)L(0)Q(0)A(0)Q(0)S(0)K(0)	36.571976	14	0	0	31.90681	11	14.2389965	4	0	0	0	FALSE	FALSE	FALSE	sp|P04004|VTNC_HUMAN	P04004	VTNC_HUMAN	VTN	Vitronectin		tr|F5GX75|F5GX75_HUMAN	36057	3300.1282	35880	2700.726	3366.922	22.405	294
240419_ES_R00006_MG_c00001_SA_NPB_3_i2.36197.36197.3	D:\SHARE\Tim\25-12-03_GD_Dataset\GD_dataset\NPB_3_i2\interact.pep.xml	NNATVHEQVGGPSLTSDLQAQSK	NN[2319]ATVHEQVGGPSLTSDLQAQSK	VYDDGEEK.NNATVHEQVGGPSLTSDLQAQSK.GNPEQTPV	K	G	23	3	3323.8765	4586.9453	4586.9434	1529.989	1529.9884	4584.9346	1529.3188	2.009	1.39E-10	33.636	11.851	1	0	2	0	85	107	16122180	2N(2204.7725)	NA	HexNAc(4)Hex(5)NeuAc(2) % 2204.7724	3.9	0	NnATVHEQVGGPSLTSDLQAQSK	N(0.00)N(30.77)A(0.00)T(0.00)V(0.00)H(0.00)E(0.00)Q(0.00)V(0.00)G(0.00)G(0.00)P(0.00)S(0.00)L(0.00)T(0.00)S(0.00)D(0.00)L(0.00)Q(0.00)A(0.00)Q(0.00)S(0.00)K(0.00)	N2	1	N(0.00)N(11.88)A(0.00)T(0.00)V(0.00)H(0.00)E(0.00)Q(0.00)V(0.00)G(0.00)G(0.00)P(0.00)S(0.00)L(0.00)T(0.00)S(0.00)D(0.00)L(0.00)Q(0.00)A(0.00)Q(0.00)S(0.00)K(0.00)	N(0)N(0)A(0)T(0)V(0)H(0)E(0)Q(0)V(0)G(0)G(0)P(0)S(0)L(0)T(0)S(0)D(0)L(0)Q(0)A(0)Q(0)S(0)K(0)	30.765244	8	0	0	33.636208	10	11.883034	0	0	0	0	FALSE	FALSE	FALSE	sp|P04004|VTNC_HUMAN	P04004	VTNC_HUMAN	VTN	Vitronectin		tr|F5GX75|F5GX75_HUMAN	36177	3348.2651	36517	2911.8452	3355.1062	15.092001	193
240419_ES_R00006_MG_c00001_SA_NPB_3_i2.36198.36198.4	D:\SHARE\Tim\25-12-03_GD_Dataset\GD_dataset\NPB_3_i2\interact.pep.xml	NNATVHEQVGGPSLTSDLQAQSK	NN[2465]ATVHEQVGGPSLTSDLQAQSK	VYDDGEEK.NNATVHEQVGGPSLTSDLQAQSK.GNPEQTPV	K	G	23	4	3323.9575	4731.0117	4731.003	1183.7602	1183.758	4730.9922	1183.7554	0.0107	5.96E-09	27.533	18.096	1	0	2	0	85	107	14060353	2N(2350.8303)	NA	HexNAc(4)Hex(5)Fuc(1)NeuAc(2) % 2350.8303	2.79	0	NnATVHEQVGGPSLTSDLQAQSK	N(0.00)N(27.53)A(0.00)T(0.00)V(0.00)H(0.00)E(0.00)Q(0.00)V(0.00)G(0.00)G(0.00)P(0.00)S(0.00)L(0.00)T(0.00)S(0.00)D(0.00)L(0.00)Q(0.00)A(0.00)Q(0.00)S(0.00)K(0.00)	N2	1	N(0.00)N(11.26)A(0.00)T(0.00)V(0.00)H(0.00)E(0.00)Q(0.00)V(0.00)G(0.00)G(0.00)P(0.00)S(0.00)L(0.00)T(0.00)S(0.00)D(0.00)L(0.00)Q(0.00)A(0.00)Q(0.00)S(0.00)K(0.00)	N(0)N(0)A(0)T(0)V(0)H(0)E(0)Q(0)V(0)G(0)G(0)P(0)S(0)L(0)T(0)S(0)D(0)L(0)Q(0)A(0)Q(0)S(0)K(0)	27.5335	7	0	0	27.5335	7	11.256016	0	0	0	0	FALSE	FALSE	FALSE	sp|P04004|VTNC_HUMAN	P04004	VTNC_HUMAN	VTN	Vitronectin		tr|F5GX75|F5GX75_HUMAN	36177	3323.4622	36192	3309.445	3335.4211	15.677001	12
240419_ES_R00006_MG_c00001_SA_NPB_3_i2.36233.36233.4	D:\SHARE\Tim\25-12-03_GD_Dataset\GD_dataset\NPB_3_i2\interact.pep.xml	NNATVHEQVGGPSLTSDLQAQSK	NN[2028]ATVHEQVGGPSLTSDLQAQSK	VYDDGEEK.NNATVHEQVGGPSLTSDLQAQSK.GNPEQTPV	K	G	23	4	3326.5093	4293.8384	4293.8374	1074.4669	1074.4666	4293.8389	1074.467	-0.0015	1.68E-06	31.594	0	1	0	2	0	85	107	15332219	2N(1913.6770)	NA	HexNAc(4)Hex(5)NeuAc(1) % 1913.6770	4.29	0	NnATVHEQVGGPSLTSDLQAQSK	N(0.00)N(31.56)A(0.00)T(0.00)V(0.00)H(0.00)E(0.00)Q(0.00)V(0.00)G(0.00)G(0.00)P(0.00)S(0.00)L(0.00)T(0.00)S(0.00)D(0.00)L(0.00)Q(0.00)A(0.00)Q(0.00)S(0.00)K(0.00)	N2	1	N(0.00)N(12.78)A(0.00)T(0.00)V(0.00)H(0.00)E(0.00)Q(0.00)V(0.00)G(0.00)G(0.00)P(0.00)S(0.00)L(0.00)T(0.00)S(0.00)D(0.00)L(0.00)Q(0.00)A(0.00)Q(0.00)S(0.00)K(0.00)	N(0)N(1)A(0)T(0)V(0)H(0)E(0)Q(0)V(0)G(0)G(0)P(0)S(0)L(0)T(0)S(0)D(0)L(0)Q(0)A(0)Q(0)S(0)K(0)	31.564571	9	0	0	31.594006	9	12.77643	1	0	0	0	FALSE	FALSE	FALSE	sp|P04004|VTNC_HUMAN	P04004	VTNC_HUMAN	VTN	Vitronectin		tr|F5GX75|F5GX75_HUMAN	36192	3342.277	36437	3131.4932	3455.6401	40.88	134
240419_ES_R00006_MG_c00001_SA_NPB_3_i2.36273.36273.4	D:\SHARE\Tim\25-12-03_GD_Dataset\GD_dataset\NPB_3_i2\interact.pep.xml	NNATVHEQVGGPSLTSDLQAQSK	NN[2319]ATVHEQVGGPSLTSDLQAQSK	VYDDGEEK.NNATVHEQVGGPSLTSDLQAQSK.GNPEQTPV	K	G	23	4	3329.5823	4584.947	4584.9385	1147.244	1147.2419	4584.9346	1147.241	0.0042	0	52.448	16.609	1	0	2	0	85	107	55597776	2N(2204.7725)	NA	HexNAc(4)Hex(5)NeuAc(2) % 2204.7724	5.54	0	NnATVHEQVGGPSLTSDLQAQSK	N(0.00)N(52.45)A(0.00)T(0.00)V(0.00)H(0.00)E(0.00)Q(0.00)V(0.00)G(0.00)G(0.00)P(0.00)S(0.00)L(0.00)T(0.00)S(0.00)D(0.00)L(0.00)Q(0.00)A(0.00)Q(0.00)S(0.00)K(0.00)	N2	1	N(0.00)N(16.46)A(0.00)T(0.00)V(0.00)H(0.00)E(0.00)Q(0.00)V(0.00)G(0.00)G(0.00)P(0.00)S(0.00)L(0.00)T(0.00)S(0.00)D(0.00)L(0.00)Q(0.00)A(0.00)Q(0.00)S(0.00)K(0.00)	N(0)N(3)A(0)T(0)V(0)H(0)E(0)Q(0)V(0)G(0)G(0)P(0)S(0)L(0)T(0)S(0)D(0)L(0)Q(0)A(0)Q(0)S(0)K(0)	52.448654	17	0	0	52.323303	17	16.4566	3	0	0	0	FALSE	FALSE	FALSE	sp|P04004|VTNC_HUMAN	P04004	VTNC_HUMAN	VTN	Vitronectin		tr|F5GX75|F5GX75_HUMAN	36252	3323.4622	36192	2430.2742	3473.643	38.528004	486
240419_ES_R00006_MG_c00001_SA_NPB_3_i2.36280.36280.3	D:\SHARE\Tim\25-12-03_GD_Dataset\GD_dataset\NPB_3_i2\interact.pep.xml	NNATVHEQVGGPSLTSDLQAQSK	NN[2319]ATVHEQVGGPSLTSDLQAQSK	VYDDGEEK.NNATVHEQVGGPSLTSDLQAQSK.GNPEQTPV	K	G	23	3	3330.0806	4585.9463	4585.9478	1529.656	1529.6565	4584.9346	1529.3188	1.0134	3.28E-06	16.869	13.506	1	0	2	0	85	107	0	2N(2204.7725)	NA	HexNAc(4)Hex(5)NeuAc(2) % 2204.7724	2.9	0	NnATVHEQVGGPSLTSDLQAQSK	N(0.00)N(15.54)A(0.00)T(0.00)V(0.00)H(0.00)E(0.00)Q(0.00)V(0.00)G(0.00)G(0.00)P(0.00)S(0.00)L(0.00)T(0.00)S(0.00)D(0.00)L(0.00)Q(0.00)A(0.00)Q(0.00)S(0.00)K(0.00)	N2	1	N(0.00)N(7.80)A(0.00)T(0.00)V(0.00)H(0.00)E(0.00)Q(0.00)V(0.00)G(0.00)G(0.00)P(0.00)S(0.00)L(0.00)T(0.00)S(0.00)D(0.00)L(0.00)Q(0.00)A(0.00)Q(0.00)S(0.00)K(0.00)	N(0)N(0)A(0)T(0)V(0)H(0)E(0)Q(0)V(0)G(0)G(0)P(0)S(0)L(0)T(0)S(0)D(0)L(0)Q(0)A(0)Q(0)S(0)K(0)	15.538616	4	0	0	16.869398	5	7.804516	0	0	0	0	FALSE	FALSE	FALSE	sp|P04004|VTNC_HUMAN	P04004	VTNC_HUMAN	VTN	Vitronectin		tr|F5GX75|F5GX75_HUMAN	36252	0	0	0	0	0	0
240419_ES_R00006_MG_c00001_SA_NPB_3_i2.36304.36304.4	D:\SHARE\Tim\25-12-03_GD_Dataset\GD_dataset\NPB_3_i2\interact.pep.xml	NNATVHEQVGGPSLTSDLQAQSK	NN[2028]ATVHEQVGGPSLTSDLQAQSK	VYDDGEEK.NNATVHEQVGGPSLTSDLQAQSK.GNPEQTPV	K	G	23	4	3331.745	4293.8433	4293.8374	1074.4681	1074.4666	4293.8389	1074.467	-0.0015	6.00E-14	37.139	16.31	1	0	2	0	85	107	15332219	2N(1913.6770)	NA	HexNAc(4)Hex(5)NeuAc(1) % 1913.6770	4.74	0	NnATVHEQVGGPSLTSDLQAQSK	N(0.00)N(37.14)A(0.00)T(0.00)V(0.00)H(0.00)E(0.00)Q(0.00)V(0.00)G(0.00)G(0.00)P(0.00)S(0.00)L(0.00)T(0.00)S(0.00)D(0.00)L(0.00)Q(0.00)A(0.00)Q(0.00)S(0.00)K(0.00)	N2	1	N(0.00)N(13.82)A(0.00)T(0.00)V(0.00)H(0.00)E(0.00)Q(0.00)V(0.00)G(0.00)G(0.00)P(0.00)S(0.00)L(0.00)T(0.00)S(0.00)D(0.00)L(0.00)Q(0.00)A(0.00)Q(0.00)S(0.00)K(0.00)	N(0)N(3)A(0)T(0)V(0)H(0)E(0)Q(0)V(0)G(0)G(0)P(0)S(0)L(0)T(0)S(0)D(0)L(0)Q(0)A(0)Q(0)S(0)K(0)	37.139328	13	0	0	33.35029	10	13.815303	3	0	0	0	FALSE	FALSE	FALSE	sp|P04004|VTNC_HUMAN	P04004	VTNC_HUMAN	VTN	Vitronectin		tr|F5GX75|F5GX75_HUMAN	36271	3342.277	36437	3239.9731	3358.4932	41.688004	55
240419_ES_R00006_MG_c00001_SA_NPB_3_i2.36308.36308.4	D:\SHARE\Tim\25-12-03_GD_Dataset\GD_dataset\NPB_3_i2\interact.pep.xml	NNATVHEQVGGPSLTSDLQAQSK	NN[2684]ATVHEQVGGPSLTSDLQAQSK	VYDDGEEK.NNATVHEQVGGPSLTSDLQAQSK.GNPEQTPV	K	G	23	4	3332.1636	4950.0366	4949.986	1238.5164	1238.5038	4950.0664	1238.5239	-0.0806	1.2831	11.301	9.411	0.4761	0.000230947	2	0	85	107	0	2N(2569.9045)	NA	HexNAc(5)Hex(6)NeuAc(2) % 2569.9046	0.14	0	NnATVHEQVGGPSLTSDLQAQSK	N(0.00)N(11.30)A(0.00)T(0.00)V(0.00)H(0.00)E(0.00)Q(0.00)V(0.00)G(0.00)G(0.00)P(0.00)S(0.00)L(0.00)T(0.00)S(0.00)D(0.00)L(0.00)Q(0.00)A(0.00)Q(0.00)S(0.00)K(0.00)	N2	1	N(0.00)N(7.53)A(0.00)T(0.00)V(0.00)H(0.00)E(0.00)Q(0.00)V(0.00)G(0.00)G(0.00)P(0.00)S(0.00)L(0.00)T(0.00)S(0.00)D(0.00)L(0.00)Q(0.00)A(0.00)Q(0.00)S(0.00)K(0.00)	N(0)N(0)A(0)T(0)V(0)H(0)E(0)Q(0)V(0)G(0)G(0)P(0)S(0)L(0)T(0)S(0)D(0)L(0)Q(0)A(0)Q(0)S(0)K(0)	11.301885	2	0	0	11.301885	2	7.53069	0	0	0	0	FALSE	FALSE	FALSE	sp|P04004|VTNC_HUMAN	P04004	VTNC_HUMAN	VTN	Vitronectin		tr|F5GX75|F5GX75_HUMAN	36271	0	0	0	0	0	0
240419_ES_R00006_MG_c00001_SA_NPB_3_i2.36389.36389.4	D:\SHARE\Tim\25-12-03_GD_Dataset\GD_dataset\NPB_3_i2\interact.pep.xml	NFTENDLLVR	N[2319]FTENDLLVR	LLYPPWDK.NFTENDLLVR.IGKHSRTR	K	I	10	4	3338.7334	3424.4004	3424.3936	857.1074	857.1057	3424.3921	857.1053	0.0015	1.79E-06	31.487	6.418	1	0	2	0	416	425	663065730	1N(2204.7725)	NA	HexNAc(4)Hex(5)NeuAc(2) % 2204.7724	6.68	0	nFTENDLLVR	N(30.60)F(0.00)T(0.00)E(0.00)N(0.00)D(0.00)L(0.00)L(0.00)V(0.00)R(0.00)	N1	1	N(11.76)F(0.00)T(0.00)E(0.00)N(0.00)D(0.00)L(0.00)L(0.00)V(0.00)R(0.00)	N(0)F(0)T(0)E(0)N(0)D(0)L(0)L(0)V(0)R(0)	30.602154	8	0	0	31.487984	9	11.75869	0	0	0	0	FALSE	FALSE	FALSE	sp|P00734|THRB_HUMAN	P00734	THRB_HUMAN	F2	Prothrombin		tr|E9PIT3|E9PIT3_HUMAN	36375	3360.9011	36687	3327.9092	3416.7131	16.434	37
240419_ES_R00006_MG_c00001_SA_NPB_3_i2.36465.36465.2	D:\SHARE\Tim\25-12-03_GD_Dataset\GD_dataset\NPB_3_i2\interact.pep.xml	NFTENDLLVR	N[2319]FTENDLLVR	LLYPPWDK.NFTENDLLVR.IGKHSRTR	K	I	10	2	3344.4116	3424.3984	3424.3987	1713.2065	1713.2066	3424.3921	1713.2034	0.0066	0.000239469	24.983	10.885	1	0	2	0	416	425	163771824	1N(2204.7725)	NA	HexNAc(4)Hex(5)NeuAc(2) % 2204.7724	4.31	0	nFTENDLLVR	N(22.86)F(0.00)T(0.00)E(0.00)N(0.00)D(0.00)L(0.00)L(0.00)V(0.00)R(0.00)	N1	1	N(6.61)F(0.00)T(0.00)E(0.00)N(0.00)D(0.00)L(0.00)L(0.00)V(0.00)R(0.00)	N(0)F(0)T(0)E(0)N(0)D(0)L(0)L(0)V(0)R(0)	22.863478	8	0	0	24.9831	10	6.6063476	0	0	0	0	FALSE	FALSE	FALSE	sp|P00734|THRB_HUMAN	P00734	THRB_HUMAN	F2	Prothrombin		tr|E9PIT3|E9PIT3_HUMAN	36437	3356.8381	36632	3337.5422	3400.1072	18.491001	24
240419_ES_R00006_MG_c00001_SA_NPB_3_i2.36492.36492.3	D:\SHARE\Tim\25-12-03_GD_Dataset\GD_dataset\NPB_3_i2\interact.pep.xml	NNATVHEQVGGPSLTSDLQAQSK	NN[2319]ATVHEQVGGPSLTSDLQAQSK	VYDDGEEK.NNATVHEQVGGPSLTSDLQAQSK.GNPEQTPV	K	G	23	3	3346.4543	4584.937	4584.936	1529.3196	1529.3193	4584.9346	1529.3188	0.0017	0.001865306	22.417	13.749	0.9999	0	2	0	85	107	16122180	2N(2204.7725)	NA	HexNAc(4)Hex(5)NeuAc(2) % 2204.7724	5.69	0	NnATVHEQVGGPSLTSDLQAQSK	N(0.00)N(20.62)A(0.00)T(0.00)V(0.00)H(0.00)E(0.00)Q(0.00)V(0.00)G(0.00)G(0.00)P(0.00)S(0.00)L(0.00)T(0.00)S(0.00)D(0.00)L(0.00)Q(0.00)A(0.00)Q(0.00)S(0.00)K(0.00)	N2	1	N(0.00)N(10.00)A(0.00)T(0.00)V(0.00)H(0.00)E(0.00)Q(0.00)V(0.00)G(0.00)G(0.00)P(0.00)S(0.00)L(0.00)T(0.00)S(0.00)D(0.00)L(0.00)Q(0.00)A(0.00)Q(0.00)S(0.00)K(0.00)	N(0)N(0)A(0)T(0)V(0)H(0)E(0)Q(0)V(0)G(0)G(0)P(0)S(0)L(0)T(0)S(0)D(0)L(0)Q(0)A(0)Q(0)S(0)K(0)	20.621899	5	0	0	22.417484	6	9.99915	0	0	0	0	FALSE	FALSE	FALSE	sp|P04004|VTNC_HUMAN	P04004	VTNC_HUMAN	VTN	Vitronectin		tr|F5GX75|F5GX75_HUMAN	36461	3348.2651	36517	2911.8452	3355.1062	15.092001	193
240419_ES_R00006_MG_c00001_SA_NPB_3_i2.36498.36498.3	D:\SHARE\Tim\25-12-03_GD_Dataset\GD_dataset\NPB_3_i2\interact.pep.xml	NFTENDLLVR	N[2028]FTENDLLVR	LLYPPWDK.NFTENDLLVR.IGKHSRTR	K	I	10	3	3346.8643	3133.292	3133.2925	1045.4379	1045.4381	3133.2966	1045.4395	-0.0042	0.000940264	20.607	7.039	1	0	2	0	416	425	24259092	1N(1913.6770)	NA	HexNAc(4)Hex(5)NeuAc(1) % 1913.6770	2.68	0	nFTENDLLVR	N(20.61)F(0.00)T(0.00)E(0.00)N(0.00)D(0.00)L(0.00)L(0.00)V(0.00)R(0.00)	N1	1	N(10.09)F(0.00)T(0.00)E(0.00)N(0.00)D(0.00)L(0.00)L(0.00)V(0.00)R(0.00)	N(0)F(0)T(0)E(0)N(0)D(0)L(0)L(0)V(0)R(0)	20.607136	5	0	0	20.607136	5	10.089836	0	0	0	0	FALSE	FALSE	FALSE	sp|P00734|THRB_HUMAN	P00734	THRB_HUMAN	F2	Prothrombin		tr|E9PIT3|E9PIT3_HUMAN	36461	3360.9011	36687	3342.277	3375.9202	16.434	13
240419_ES_R00006_MG_c00001_SA_NPB_3_i2.36518.36518.3	D:\SHARE\Tim\25-12-03_GD_Dataset\GD_dataset\NPB_3_i2\interact.pep.xml	NFTENDLLVR	N[2319]FTENDLLVR	LLYPPWDK.NFTENDLLVR.IGKHSRTR	K	I	10	3	3348.2793	3424.4011	3424.3936	1142.4743	1142.4718	3424.3921	1142.4713	0.0015	1.44E-06	33.862	0	1	0	2	0	416	425	3743770880	1N(2204.7725)	NA	HexNAc(4)Hex(5)NeuAc(2) % 2204.7724	7.1	0	nFTENDLLVR	N(33.46)F(0.00)T(0.00)E(0.00)N(0.00)D(0.00)L(0.00)L(0.00)V(0.00)R(0.00)	N1	1	N(11.90)F(0.00)T(0.00)E(0.00)N(0.00)D(0.00)L(0.00)L(0.00)V(0.00)R(0.00)	N(0)F(0)T(0)E(0)N(0)D(0)L(0)L(0)V(0)R(0)	33.458633	9	0	0	33.862095	10	11.901178	0	0	0	0	FALSE	FALSE	FALSE	sp|P00734|THRB_HUMAN	P00734	THRB_HUMAN	F2	Prothrombin		tr|E9PIT3|E9PIT3_HUMAN	36487	3358.4932	36654	3306.5303	3467.3152	20.714	68
240419_ES_R00006_MG_c00001_SA_NPB_3_i2.36524.36524.4	D:\SHARE\Tim\25-12-03_GD_Dataset\GD_dataset\NPB_3_i2\interact.pep.xml	NNATVHEQVGGPSLTSDLQAQSK	NN[3121]ATVHEQVGGPSLTSDLQAQSK	VYDDGEEK.NNATVHEQVGGPSLTSDLQAQSK.GNPEQTPV	K	G	23	4	3348.8193	5388.2705	5388.2275	1348.0749	1348.0642	5387.2197	1347.8123	1.0078	0.01033356	17.443	0	0.9948	0	2	0	85	107	0	2N(3007.0579)	NA	HexNAc(5)Hex(6)Fuc(1)NeuAc(3) % 3007.0579	2.24	0	NnATVHEQVGGPSLTSDLQAQSK	N(0.00)N(17.44)A(0.00)T(0.00)V(0.00)H(0.00)E(0.00)Q(0.00)V(0.00)G(0.00)G(0.00)P(0.00)S(0.00)L(0.00)T(0.00)S(0.00)D(0.00)L(0.00)Q(0.00)A(0.00)Q(0.00)S(0.00)K(0.00)	N2	1	N(0.00)N(9.12)A(0.00)T(0.00)V(0.00)H(0.00)E(0.00)Q(0.00)V(0.00)G(0.00)G(0.00)P(0.00)S(0.00)L(0.00)T(0.00)S(0.00)D(0.00)L(0.00)Q(0.00)A(0.00)Q(0.00)S(0.00)K(0.00)	N(0)N(0)A(0)T(0)V(0)H(0)E(0)Q(0)V(0)G(0)G(0)P(0)S(0)L(0)T(0)S(0)D(0)L(0)Q(0)A(0)Q(0)S(0)K(0)	17.443937	4	0	0	17.443937	4	9.117778	0	0	0	0	FALSE	FALSE	FALSE	sp|P04004|VTNC_HUMAN	P04004	VTNC_HUMAN	VTN	Vitronectin		tr|F5GX75|F5GX75_HUMAN	36487	0	0	0	0	0	0
240419_ES_R00006_MG_c00001_SA_NPB_3_i2.36596.36596.2	D:\SHARE\Tim\25-12-03_GD_Dataset\GD_dataset\NPB_3_i2\interact.pep.xml	NFTENDLLVR	N[2028]FTENDLLVR	LLYPPWDK.NFTENDLLVR.IGKHSRTR	K	I	10	2	3354.1404	3133.3074	3133.3071	1567.661	1567.6608	3133.2966	1567.6556	0.0105	1.08E-05	28.366	5.957	1	0	2	0	416	425	0	1N(1913.6770)	NA	HexNAc(4)Hex(5)NeuAc(1) % 1913.6770	3.14	0	nFTENDLLVR	N(27.92)F(0.00)T(0.00)E(0.00)N(0.00)D(0.00)L(0.00)L(0.00)V(0.00)R(0.00)	N1	1	N(8.17)F(0.00)T(0.00)E(0.00)N(0.00)D(0.00)L(0.00)L(0.00)V(0.00)R(0.00)	N(0)F(0)T(0)E(0)N(0)D(0)L(0)L(0)V(0)R(0)	27.917645	9	0	0	28.366169	10	8.173616	0	0	0	0	FALSE	FALSE	FALSE	sp|P00734|THRB_HUMAN	P00734	THRB_HUMAN	F2	Prothrombin		tr|E9PIT3|E9PIT3_HUMAN	36547	0	0	0	0	0	0
240419_ES_R00006_MG_c00001_SA_NPB_3_i2.36616.36616.3	D:\SHARE\Tim\25-12-03_GD_Dataset\GD_dataset\NPB_3_i2\interact.pep.xml	NFTENDLLVR	N[2028]FTENDLLVR	LLYPPWDK.NFTENDLLVR.IGKHSRTR	K	I	10	3	3355.657	3133.3115	3133.2925	1045.4444	1045.4381	3133.2966	1045.4395	-0.0042	1.35E-06	33.98	0	1	0	2	0	416	425	27480312	1N(1913.6770)	NA	HexNAc(4)Hex(5)NeuAc(1) % 1913.6770	2.97	0	nFTENDLLVR	N(33.46)F(0.00)T(0.00)E(0.00)N(0.00)D(0.00)L(0.00)L(0.00)V(0.00)R(0.00)	N1	1	N(11.88)F(0.00)T(0.00)E(0.00)N(0.00)D(0.00)L(0.00)L(0.00)V(0.00)R(0.00)	N(0)F(0)T(0)E(0)N(0)D(0)L(0)L(0)V(0)R(0)	33.459175	9	0	0	33.980347	10	11.877064	0	0	0	0	FALSE	FALSE	FALSE	sp|P00734|THRB_HUMAN	P00734	THRB_HUMAN	F2	Prothrombin		tr|E9PIT3|E9PIT3_HUMAN	36574	3358.4932	36654	3342.277	3375.9202	16.434	13
240419_ES_R00006_MG_c00001_SA_NPB_3_i2.36784.36784.2	D:\SHARE\Tim\25-12-03_GD_Dataset\GD_dataset\NPB_3_i2\interact.pep.xml	NFTENDLLVR	N[2028]FTENDLLVR	LLYPPWDK.NFTENDLLVR.IGKHSRTR	K	I	10	2	3368.2	3133.3203	3133.3127	1567.6674	1567.6636	3133.2966	1567.6556	0.0161	0.000594292	20.404	0	1	0	2	0	416	425	8330267	1N(1913.6770)	NA	HexNAc(4)Hex(5)NeuAc(1) % 1913.6770	2.54	0	nFTENDLLVR	N(20.40)F(0.00)T(0.00)E(0.00)N(0.00)D(0.00)L(0.00)L(0.00)V(0.00)R(0.00)	N1	1	N(8.16)F(0.00)T(0.00)E(0.00)N(0.00)D(0.00)L(0.00)L(0.00)V(0.00)R(0.00)	N(0)F(0)T(0)E(0)N(0)D(0)L(0)L(0)V(0)R(0)	20.404768	6	0	0	20.404768	6	8.156248	0	0	0	0	FALSE	FALSE	FALSE	sp|P00734|THRB_HUMAN	P00734	THRB_HUMAN	F2	Prothrombin		tr|E9PIT3|E9PIT3_HUMAN	36737	3362.6243	36710	3355.1062	3371.0642	13.873001	4
240419_ES_R00006_MG_c00001_SA_NPB_3_i2.36859.36859.3	D:\SHARE\Tim\25-12-03_GD_Dataset\GD_dataset\NPB_3_i2\interact.pep.xml	NFTENDLLVR	N[2028]FTENDLLVR	LLYPPWDK.NFTENDLLVR.IGKHSRTR	K	I	10	3	3374.3862	3135.2915	3135.3008	1046.1044	1046.1075	3133.2966	1045.4395	2.0042	0.003359308	20.395	9.115	0.9983	0	2	0	416	425	24259092	1N(1913.6770)	NA	HexNAc(4)Hex(5)NeuAc(1) % 1913.6770	4.18	0	nFTENDLLVR	N(20.40)F(0.00)T(0.00)E(0.00)N(0.00)D(0.00)L(0.00)L(0.00)V(0.00)R(0.00)	N1	1	N(11.67)F(0.00)T(0.00)E(0.00)N(0.00)D(0.00)L(0.00)L(0.00)V(0.00)R(0.00)	N(0)F(0)T(0)E(0)N(0)D(0)L(0)L(0)V(0)R(0)	20.39516	4	0	0	20.39516	4	11.668156	0	0	0	0	FALSE	FALSE	FALSE	sp|P00734|THRB_HUMAN	P00734	THRB_HUMAN	F2	Prothrombin		tr|E9PIT3|E9PIT3_HUMAN	36822	3360.9011	36687	3342.277	3394.6182	16.434	18
240419_ES_R00006_MG_c00001_SA_NPB_3_i2.36913.36913.4	D:\SHARE\Tim\25-12-03_GD_Dataset\GD_dataset\NPB_3_i2\interact.pep.xml	NNATVHEQVGGPSLTSDLQAQSK	NN[2975]ATVHEQVGGPSLTSDLQAQSK	VYDDGEEK.NNATVHEQVGGPSLTSDLQAQSK.GNPEQTPV	K	G	23	4	3378.437	5241.1826	5241.1777	1311.3029	1311.3017	5241.1621	1311.2979	0.0159	9.44E-11	29.625	14.003	1	0	2	0	85	107	0	2N(2861.0000)	NA	HexNAc(5)Hex(6)NeuAc(3) % 2861.0000	5.23	0	NnATVHEQVGGPSLTSDLQAQSK	N(0.00)N(29.63)A(0.00)T(0.00)V(0.00)H(0.00)E(0.00)Q(0.00)V(0.00)G(0.00)G(0.00)P(0.00)S(0.00)L(0.00)T(0.00)S(0.00)D(0.00)L(0.00)Q(0.00)A(0.00)Q(0.00)S(0.00)K(0.00)	N2	1	N(0.00)N(11.62)A(0.00)T(0.00)V(0.00)H(0.00)E(0.00)Q(0.00)V(0.00)G(0.00)G(0.00)P(0.00)S(0.00)L(0.00)T(0.00)S(0.00)D(0.00)L(0.00)Q(0.00)A(0.00)Q(0.00)S(0.00)K(0.00)	N(0)N(1)A(0)T(0)V(0)H(0)E(0)Q(0)V(0)G(0)G(0)P(0)S(0)L(0)T(0)S(0)D(0)L(0)Q(0)A(0)Q(0)S(0)K(0)	29.625042	9	0	0	28.133938	8	11.615129	1	0	0	0	FALSE	FALSE	FALSE	sp|P04004|VTNC_HUMAN	P04004	VTNC_HUMAN	VTN	Vitronectin		tr|F5GX75|F5GX75_HUMAN	36880	0	0	0	0	0	0
240419_ES_R00006_MG_c00001_SA_NPB_3_i2.36972.36972.4	D:\SHARE\Tim\25-12-03_GD_Dataset\GD_dataset\NPB_3_i2\interact.pep.xml	NNATVHEQVGGPSLTSDLQAQSK	NN[2028]ATVHEQVGGPSLTSDLQAQSK	VYDDGEEK.NNATVHEQVGGPSLTSDLQAQSK.GNPEQTPV	K	G	23	4	3382.809	4293.778	4293.797	1074.4518	1074.4565	4293.8389	1074.467	-0.042	1.01E-06	18.923	15.596	1	0	2	0	85	107	18171194	2N(1913.6770)	NA	HexNAc(4)Hex(5)NeuAc(1) % 1913.6770	2.74	0	NnATVHEQVGGPSLTSDLQAQSK	N(0.00)N(18.92)A(0.00)T(0.00)V(0.00)H(0.00)E(0.00)Q(0.00)V(0.00)G(0.00)G(0.00)P(0.00)S(0.00)L(0.00)T(0.00)S(0.00)D(0.00)L(0.00)Q(0.00)A(0.00)Q(0.00)S(0.00)K(0.00)	N2	1	N(0.00)N(12.63)A(0.00)T(0.00)V(0.00)H(0.00)E(0.00)Q(0.00)V(0.00)G(0.00)G(0.00)P(0.00)S(0.00)L(0.00)T(0.00)S(0.00)D(0.00)L(0.00)Q(0.00)A(0.00)Q(0.00)S(0.00)K(0.00)	N(0)N(1)A(0)T(0)V(0)H(0)E(0)Q(0)V(0)G(0)G(0)P(0)S(0)L(0)T(0)S(0)D(0)L(0)Q(0)A(0)Q(0)S(0)K(0)	18.923191	4	0	0	17.819592	3	12.629922	1	0	0	0	FALSE	FALSE	FALSE	sp|P04004|VTNC_HUMAN	P04004	VTNC_HUMAN	VTN	Vitronectin		tr|F5GX75|F5GX75_HUMAN	36940	3385.4521	37006	3355.1062	3437.966	40.88	34
240419_ES_R00006_MG_c00001_SA_NPB_3_i2.37012.37012.2	D:\SHARE\Tim\25-12-03_GD_Dataset\GD_dataset\NPB_3_i2\interact.pep.xml	NFTENDLLVR	N[2319]FTENDLLVR	LLYPPWDK.NFTENDLLVR.IGKHSRTR	K	I	10	2	3386.061	3425.387	3425.3992	1713.7008	1713.7069	3424.3921	1713.2034	1.0071	0.000973868	19.546	9.526	1	0	2	0	416	425	0	1N(2204.7725)	NA	HexNAc(4)Hex(5)NeuAc(2) % 2204.7724	4.07	0	nFTENDLLVR	N(18.22)F(0.00)T(0.00)E(0.00)N(0.00)D(0.00)L(0.00)L(0.00)V(0.00)R(0.00)	N1	1	N(9.82)F(0.00)T(0.00)E(0.00)N(0.00)D(0.00)L(0.00)L(0.00)V(0.00)R(0.00)	N(0)F(0)T(0)E(0)N(0)D(0)L(0)L(0)V(0)R(0)	18.21946	4	0	0	19.546535	5	9.823938	0	0	0	0	FALSE	FALSE	FALSE	sp|P00734|THRB_HUMAN	P00734	THRB_HUMAN	F2	Prothrombin		tr|E9PIT3|E9PIT3_HUMAN	36971	0	0	0	0	0	0
240419_ES_R00006_MG_c00001_SA_NPB_3_i2.37090.37090.3	D:\SHARE\Tim\25-12-03_GD_Dataset\GD_dataset\NPB_3_i2\interact.pep.xml	NNATVHEQVGGPSLTSDLQAQSK	NN[2028]ATVHEQVGGPSLTSDLQAQSK	VYDDGEEK.NNATVHEQVGGPSLTSDLQAQSK.GNPEQTPV	K	G	23	3	3392.8064	4294.817	4294.837	1432.6129	1432.6196	4293.8389	1432.287	0.998	0.001364688	19.971	0	0.9999	0	2	0	85	107	0	2N(1913.6770)	NA	HexNAc(4)Hex(5)NeuAc(1) % 1913.6770	3.09	0	NnATVHEQVGGPSLTSDLQAQSK	N(0.00)N(19.97)A(0.00)T(0.00)V(0.00)H(0.00)E(0.00)Q(0.00)V(0.00)G(0.00)G(0.00)P(0.00)S(0.00)L(0.00)T(0.00)S(0.00)D(0.00)L(0.00)Q(0.00)A(0.00)Q(0.00)S(0.00)K(0.00)	N2	1	N(0.00)N(11.31)A(0.00)T(0.00)V(0.00)H(0.00)E(0.00)Q(0.00)V(0.00)G(0.00)G(0.00)P(0.00)S(0.00)L(0.00)T(0.00)S(0.00)D(0.00)L(0.00)Q(0.00)A(0.00)Q(0.00)S(0.00)K(0.00)	N(0)N(0)A(0)T(0)V(0)H(0)E(0)Q(0)V(0)G(0)G(0)P(0)S(0)L(0)T(0)S(0)D(0)L(0)Q(0)A(0)Q(0)S(0)K(0)	19.97167	4	0	0	19.97167	4	11.312736	0	0	0	0	FALSE	FALSE	FALSE	sp|P04004|VTNC_HUMAN	P04004	VTNC_HUMAN	VTN	Vitronectin		tr|F5GX75|F5GX75_HUMAN	37041	0	0	0	0	0	0
240419_ES_R00006_MG_c00001_SA_NPB_3_i2.37117.37117.4	D:\SHARE\Tim\25-12-03_GD_Dataset\GD_dataset\NPB_3_i2\interact.pep.xml	NNATVHEQVGGPSLTSDLQAQSK	NN[2319]ATVHEQVGGPSLTSDLQAQSK	VYDDGEEK.NNATVHEQVGGPSLTSDLQAQSK.GNPEQTPV	K	G	23	4	3394.828	4584.942	4584.935	1147.2428	1147.241	4584.9346	1147.241	7.00E-04	2.10E-11	34.987	13.367	1	0	2	0	85	107	78348944	2N(2204.7725)	NA	HexNAc(4)Hex(5)NeuAc(2) % 2204.7724	7.64	0	NnATVHEQVGGPSLTSDLQAQSK	N(0.00)N(31.06)A(0.00)T(0.00)V(0.00)H(0.00)E(0.00)Q(0.00)V(0.00)G(0.00)G(0.00)P(0.00)S(0.00)L(0.00)T(0.00)S(0.00)D(0.00)L(0.00)Q(0.00)A(0.00)Q(0.00)S(0.00)K(0.00)	N2	1	N(0.00)N(10.49)A(0.00)T(0.00)V(0.00)H(0.00)E(0.00)Q(0.00)V(0.00)G(0.00)G(0.00)P(0.00)S(0.00)L(0.00)T(0.00)S(0.00)D(0.00)L(0.00)Q(0.00)A(0.00)Q(0.00)S(0.00)K(0.00)	N(0)N(0)A(0)T(0)V(0)H(0)E(0)Q(0)V(0)G(0)G(0)P(0)S(0)L(0)T(0)S(0)D(0)L(0)Q(0)A(0)Q(0)S(0)K(0)	31.06043	9	0	0	34.98742	12	10.492889	0	0	0	0	FALSE	FALSE	FALSE	sp|P04004|VTNC_HUMAN	P04004	VTNC_HUMAN	VTN	Vitronectin		tr|F5GX75|F5GX75_HUMAN	37078	3371.0642	36822	2368.9302	3474.7961	38.528004	515
240419_ES_R00006_MG_c00001_SA_NPB_3_i2.37164.37164.4	D:\SHARE\Tim\25-12-03_GD_Dataset\GD_dataset\NPB_3_i2\interact.pep.xml	NNATVHEQVGGPSLTSDLQAQSK	NN[2684]ATVHEQVGGPSLTSDLQAQSK	VYDDGEEK.NNATVHEQVGGPSLTSDLQAQSK.GNPEQTPV	K	G	23	4	3398.7153	4950.074	4950.067	1238.5258	1238.524	4950.0664	1238.5239	5.00E-04	0.09782124	13.319	0	0.9879	0.000230947	2	0	85	107	9019113	2N(2569.9045)	NA	HexNAc(5)Hex(6)NeuAc(2) % 2569.9046	6.1	0	NnATVHEQVGGPSLTSDLQAQSK	N(0.00)N(13.32)A(0.00)T(0.00)V(0.00)H(0.00)E(0.00)Q(0.00)V(0.00)G(0.00)G(0.00)P(0.00)S(0.00)L(0.00)T(0.00)S(0.00)D(0.00)L(0.00)Q(0.00)A(0.00)Q(0.00)S(0.00)K(0.00)	N2	1	N(0.00)N(7.82)A(0.00)T(0.00)V(0.00)H(0.00)E(0.00)Q(0.00)V(0.00)G(0.00)G(0.00)P(0.00)S(0.00)L(0.00)T(0.00)S(0.00)D(0.00)L(0.00)Q(0.00)A(0.00)Q(0.00)S(0.00)K(0.00)	N(0)N(0)A(0)T(0)V(0)H(0)E(0)Q(0)V(0)G(0)G(0)P(0)S(0)L(0)T(0)S(0)D(0)L(0)Q(0)A(0)Q(0)S(0)K(0)	13.319	3	0	0	13.319	3	7.8216176	0	0	0	0	FALSE	FALSE	FALSE	sp|P04004|VTNC_HUMAN	P04004	VTNC_HUMAN	VTN	Vitronectin		tr|F5GX75|F5GX75_HUMAN	37115	3397.7183	37154	3366.922	3414.6792	26.481	14
240419_ES_R00006_MG_c00001_SA_NPB_3_i2.37186.37186.4	D:\SHARE\Tim\25-12-03_GD_Dataset\GD_dataset\NPB_3_i2\interact.pep.xml	NNATVHEQVGGPSLTSDLQAQSK	NN[2975]ATVHEQVGGPSLTSDLQAQSK	VYDDGEEK.NNATVHEQVGGPSLTSDLQAQSK.GNPEQTPV	K	G	23	4	3400.3853	5242.184	5242.178	1311.5533	1311.5518	5241.1621	1311.2979	1.0164	0.000165101	26.629	0	1	0	2	0	85	107	18724264	2N(2861.0000)	NA	HexNAc(5)Hex(6)NeuAc(3) % 2861.0000	4.53	0	NnATVHEQVGGPSLTSDLQAQSK	N(0.00)N(26.63)A(0.00)T(0.00)V(0.00)H(0.00)E(0.00)Q(0.00)V(0.00)G(0.00)G(0.00)P(0.00)S(0.00)L(0.00)T(0.00)S(0.00)D(0.00)L(0.00)Q(0.00)A(0.00)Q(0.00)S(0.00)K(0.00)	N2	1	N(0.00)N(11.19)A(0.00)T(0.00)V(0.00)H(0.00)E(0.00)Q(0.00)V(0.00)G(0.00)G(0.00)P(0.00)S(0.00)L(0.00)T(0.00)S(0.00)D(0.00)L(0.00)Q(0.00)A(0.00)Q(0.00)S(0.00)K(0.00)	N(0)N(1)A(0)T(0)V(0)H(0)E(0)Q(0)V(0)G(0)G(0)P(0)S(0)L(0)T(0)S(0)D(0)L(0)Q(0)A(0)Q(0)S(0)K(0)	26.629322	8	0	0	26.536972	8	11.194239	1	0	0	0	FALSE	FALSE	FALSE	sp|P04004|VTNC_HUMAN	P04004	VTNC_HUMAN	VTN	Vitronectin		tr|F5GX75|F5GX75_HUMAN	37154	3426.6482	37534	3366.922	3472.037	45.99	39
240419_ES_R00006_MG_c00001_SA_NPB_3_i2.37189.37189.3	D:\SHARE\Tim\25-12-03_GD_Dataset\GD_dataset\NPB_3_i2\interact.pep.xml	NNATVHEQVGGPSLTSDLQAQSK	NN[2319]ATVHEQVGGPSLTSDLQAQSK	VYDDGEEK.NNATVHEQVGGPSLTSDLQAQSK.GNPEQTPV	K	G	23	3	3400.5945	4585.9346	4585.9414	1529.6521	1529.6544	4584.9346	1529.3188	1.0071	0.001012744	24.478	9.188	1	0	2	0	85	107	11050583	2N(2204.7725)	NA	HexNAc(4)Hex(5)NeuAc(2) % 2204.7724	4.68	0	NnATVHEQVGGPSLTSDLQAQSK	N(0.00)N(22.81)A(0.00)T(0.00)V(0.00)H(0.00)E(0.00)Q(0.00)V(0.00)G(0.00)G(0.00)P(0.00)S(0.00)L(0.00)T(0.00)S(0.00)D(0.00)L(0.00)Q(0.00)A(0.00)Q(0.00)S(0.00)K(0.00)	N2	1	N(0.00)N(8.22)A(0.00)T(0.00)V(0.00)H(0.00)E(0.00)Q(0.00)V(0.00)G(0.00)G(0.00)P(0.00)S(0.00)L(0.00)T(0.00)S(0.00)D(0.00)L(0.00)Q(0.00)A(0.00)Q(0.00)S(0.00)K(0.00)	N(0)N(0)A(0)T(0)V(0)H(0)E(0)Q(0)V(0)G(0)G(0)P(0)S(0)L(0)T(0)S(0)D(0)L(0)Q(0)A(0)Q(0)S(0)K(0)	22.811125	7	0	0	24.478266	8	8.220537	0	0	0	0	FALSE	FALSE	FALSE	sp|P04004|VTNC_HUMAN	P04004	VTNC_HUMAN	VTN	Vitronectin		tr|F5GX75|F5GX75_HUMAN	37154	3394.6182	37115	3364.6382	3409.6501	15.816001	15
240419_ES_R00006_MG_c00001_SA_NPB_3_i2.37211.37211.4	D:\SHARE\Tim\25-12-03_GD_Dataset\GD_dataset\NPB_3_i2\interact.pep.xml	NFTENDLLVR	N[2319]FTENDLLVR	LLYPPWDK.NFTENDLLVR.IGKHSRTR	K	I	10	4	3402.1724	3424.398	3424.3936	857.1068	857.1057	3424.3921	857.1053	0.0015	2.65E-11	27.958	7.257	1	0	2	0	416	425	70688904	1N(2204.7725)	NA	HexNAc(4)Hex(5)NeuAc(2) % 2204.7724	6.93	0	nFTENDLLVR	N(27.96)F(0.00)T(0.00)E(0.00)N(0.00)D(0.00)L(0.00)L(0.00)V(0.00)R(0.00)	N1	1	N(11.79)F(0.00)T(0.00)E(0.00)N(0.00)D(0.00)L(0.00)L(0.00)V(0.00)R(0.00)	N(0)F(0)T(0)E(0)N(0)D(0)L(0)L(0)V(0)R(0)	27.9589	7	0	0	27.9589	7	11.793725	0	0	0	0	FALSE	FALSE	FALSE	sp|P00734|THRB_HUMAN	P00734	THRB_HUMAN	F2	Prothrombin		tr|E9PIT3|E9PIT3_HUMAN	37183	3382.7932	36971	3329.372	3414.6792	16.434	36
240419_ES_R00006_MG_c00001_SA_NPB_3_i2.37212.37212.4	D:\SHARE\Tim\25-12-03_GD_Dataset\GD_dataset\NPB_3_i2\interact.pep.xml	NNATVHEQVGGPSLTSDLQAQSK	NN[2028]ATVHEQVGGPSLTSDLQAQSK	VYDDGEEK.NNATVHEQVGGPSLTSDLQAQSK.GNPEQTPV	K	G	23	4	3402.3672	4293.8486	4293.828	1074.4694	1074.4643	4293.8389	1074.467	-0.0107	0.06705355	17.918	8.896	0.9928	0	2	0	85	107	0	2N(1913.6770)	NA	HexNAc(4)Hex(5)NeuAc(1) % 1913.6770	2.62	0	NnATVHEQVGGPSLTSDLQAQSK	N(0.00)N(17.92)A(0.00)T(0.00)V(0.00)H(0.00)E(0.00)Q(0.00)V(0.00)G(0.00)G(0.00)P(0.00)S(0.00)L(0.00)T(0.00)S(0.00)D(0.00)L(0.00)Q(0.00)A(0.00)Q(0.00)S(0.00)K(0.00)	N2	1	N(0.00)N(9.77)A(0.00)T(0.00)V(0.00)H(0.00)E(0.00)Q(0.00)V(0.00)G(0.00)G(0.00)P(0.00)S(0.00)L(0.00)T(0.00)S(0.00)D(0.00)L(0.00)Q(0.00)A(0.00)Q(0.00)S(0.00)K(0.00)	N(0)N(0)A(0)T(0)V(0)H(0)E(0)Q(0)V(0)G(0)G(0)P(0)S(0)L(0)T(0)S(0)D(0)L(0)Q(0)A(0)Q(0)S(0)K(0)	17.91834	4	0	0	17.91834	4	9.765348	0	0	0	0	FALSE	FALSE	FALSE	sp|P04004|VTNC_HUMAN	P04004	VTNC_HUMAN	VTN	Vitronectin		tr|F5GX75|F5GX75_HUMAN	37183	0	0	0	0	0	0
240419_ES_R00006_MG_c00001_SA_NPB_3_i2.37221.37221.3	D:\SHARE\Tim\25-12-03_GD_Dataset\GD_dataset\NPB_3_i2\interact.pep.xml	LANLTQGEDQYYLR	LAN[2319]LTQGEDQYYLR	EQFNWVSR.LANLTQGEDQYYLR.VTTVASHT	R	V	14	3	3402.9873	3887.5977	3887.6038	1296.8732	1296.8752	3887.5986	1296.8734	0.0049	9.26E-09	39.634	15.509	1	0	2	0	372	385	844247620	3N(2204.7725)	NA	HexNAc(4)Hex(5)NeuAc(2) % 2204.7724	5.13	0	LAnLTQGEDQYYLR	L(0.00)A(0.00)N(38.02)L(0.00)T(0.00)Q(0.00)G(0.00)E(0.00)D(0.00)Q(0.00)Y(0.00)Y(0.00)L(0.00)R(0.00)	N3	1	L(0.00)A(0.00)N(12.06)L(0.00)T(0.00)Q(0.00)G(0.00)E(0.00)D(0.00)Q(0.00)Y(0.00)Y(0.00)L(0.00)R(0.00)	L(0)A(0)N(1)L(0)T(0)Q(0)G(0)E(0)D(0)Q(0)Y(0)Y(0)L(0)R(0)	38.02356	12	0	0	39.634315	13	12.064644	1	0	0	0	FALSE	FALSE	FALSE	sp|P10909|CLUS_HUMAN	P10909	CLUS_HUMAN	CLU	Clusterin		"tr|H0YAS8|H0YAS8_HUMAN, tr|H0YC35|H0YC35_HUMAN"	37183	3416.7131	37408	3397.7183	3474.7961	20.794	28
240419_ES_R00006_MG_c00001_SA_NPB_3_i2.37246.37246.4	D:\SHARE\Tim\25-12-03_GD_Dataset\GD_dataset\NPB_3_i2\interact.pep.xml	LANLTQGEDQYYLR	LAN[2319]LTQGEDQYYLR	EQFNWVSR.LANLTQGEDQYYLR.VTTVASHT	R	V	14	4	3404.864	3887.614	3887.6003	972.9108	972.9074	3887.5986	972.9069	0.0015	0	44.719	13.894	1	0	2	0	372	385	593707460	3N(2204.7725)	NA	HexNAc(4)Hex(5)NeuAc(2) % 2204.7724	7.04	0	LAnLTQGEDQYYLR	L(0.00)A(0.00)N(37.25)L(0.00)T(0.00)Q(0.00)G(0.00)E(0.00)D(0.00)Q(0.00)Y(0.00)Y(0.00)L(0.00)R(0.00)	N3	1	L(0.00)A(0.00)N(10.08)L(0.00)T(0.00)Q(0.00)G(0.00)E(0.00)D(0.00)Q(0.00)Y(0.00)Y(0.00)L(0.00)R(0.00)	L(0)A(0)N(0)L(0)T(0)Q(0)G(0)E(0)D(0)Q(0)Y(0)Y(0)L(0)R(0)	37.251835	12	0	0	44.71985	16	10.076319	0	0	0	0	FALSE	FALSE	FALSE	sp|P10909|CLUS_HUMAN	P10909	CLUS_HUMAN	CLU	Clusterin		"tr|H0YAS8|H0YAS8_HUMAN, tr|H0YC35|H0YC35_HUMAN"	37210	3418.8562	37437	3397.7183	3468.695	18.511002	26
240419_ES_R00006_MG_c00001_SA_NPB_3_i2.37322.37322.3	D:\SHARE\Tim\25-12-03_GD_Dataset\GD_dataset\NPB_3_i2\interact.pep.xml	NNATVHEQVGGPSLTSDLQAQSK	NN[2319]ATVHEQVGGPSLTSDLQAQSK	VYDDGEEK.NNATVHEQVGGPSLTSDLQAQSK.GNPEQTPV	K	G	23	3	3410.4175	4584.94	4584.9404	1529.3206	1529.3207	4584.9346	1529.3188	0.0061	1.60E-06	26.796	7.341	1	0	2	0	85	107	0	2N(2204.7725)	NA	HexNAc(4)Hex(5)NeuAc(2) % 2204.7724	3.49	0	NnATVHEQVGGPSLTSDLQAQSK	N(0.00)N(26.80)A(0.00)T(0.00)V(0.00)H(0.00)E(0.00)Q(0.00)V(0.00)G(0.00)G(0.00)P(0.00)S(0.00)L(0.00)T(0.00)S(0.00)D(0.00)L(0.00)Q(0.00)A(0.00)Q(0.00)S(0.00)K(0.00)	N2	1	N(0.00)N(11.29)A(0.00)T(0.00)V(0.00)H(0.00)E(0.00)Q(0.00)V(0.00)G(0.00)G(0.00)P(0.00)S(0.00)L(0.00)T(0.00)S(0.00)D(0.00)L(0.00)Q(0.00)A(0.00)Q(0.00)S(0.00)K(0.00)	N(0)N(1)A(0)T(0)V(0)H(0)E(0)Q(0)V(0)G(0)G(0)P(0)S(0)L(0)T(0)S(0)D(0)L(0)Q(0)A(0)Q(0)S(0)K(0)	26.796818	8	0	0	26.781494	8	11.289416	1	0	0	0	FALSE	FALSE	FALSE	sp|P04004|VTNC_HUMAN	P04004	VTNC_HUMAN	VTN	Vitronectin		tr|F5GX75|F5GX75_HUMAN	37281	0	0	0	0	0	0
240419_ES_R00006_MG_c00001_SA_NPB_3_i2.37345.37345.3	D:\SHARE\Tim\25-12-03_GD_Dataset\GD_dataset\NPB_3_i2\interact.pep.xml	NFTENDLLVR	N[2319]FTENDLLVR	LLYPPWDK.NFTENDLLVR.IGKHSRTR	K	I	10	3	3412.1433	3424.4023	3424.3938	1142.4747	1142.4719	3424.3921	1142.4713	0.0017	6.98E-05	26.124	5.842	1	0	2	0	416	425	34591800	1N(2204.7725)	NA	HexNAc(4)Hex(5)NeuAc(2) % 2204.7724	7.27	0	nFTENDLLVR	N(25.84)F(0.00)T(0.00)E(0.00)N(0.00)D(0.00)L(0.00)L(0.00)V(0.00)R(0.00)	N1	1	N(8.77)F(0.00)T(0.00)E(0.00)N(0.00)D(0.00)L(0.00)L(0.00)V(0.00)R(0.00)	N(1)F(0)T(0)E(0)N(0)D(0)L(0)L(0)V(0)R(0)	25.837154	9	0	0	26.124155	9	8.7667465	1	0	0	0	FALSE	FALSE	FALSE	sp|P00734|THRB_HUMAN	P00734	THRB_HUMAN	F2	Prothrombin		tr|E9PIT3|E9PIT3_HUMAN	37312	3414.6792	37381	3306.5303	3468.695	20.714	68
240419_ES_R00006_MG_c00001_SA_NPB_3_i2.37349.37349.4	D:\SHARE\Tim\25-12-03_GD_Dataset\GD_dataset\NPB_3_i2\interact.pep.xml	NNATVHEQVGGPSLTSDLQAQSK	NN[2028]ATVHEQVGGPSLTSDLQAQSK	VYDDGEEK.NNATVHEQVGGPSLTSDLQAQSK.GNPEQTPV	K	G	23	4	3412.4214	4293.8306	4293.824	1074.4649	1074.4633	4293.8389	1074.467	-0.0146	6.24E-05	25.319	7.549	1	0	2	0	85	107	14497210	2N(1913.6770)	NA	HexNAc(4)Hex(5)NeuAc(1) % 1913.6770	2.47	0	NnATVHEQVGGPSLTSDLQAQSK	N(0.00)N(25.32)A(0.00)T(0.00)V(0.00)H(0.00)E(0.00)Q(0.00)V(0.00)G(0.00)G(0.00)P(0.00)S(0.00)L(0.00)T(0.00)S(0.00)D(0.00)L(0.00)Q(0.00)A(0.00)Q(0.00)S(0.00)K(0.00)	N2	1	N(0.00)N(11.77)A(0.00)T(0.00)V(0.00)H(0.00)E(0.00)Q(0.00)V(0.00)G(0.00)G(0.00)P(0.00)S(0.00)L(0.00)T(0.00)S(0.00)D(0.00)L(0.00)Q(0.00)A(0.00)Q(0.00)S(0.00)K(0.00)	N(0)N(0)A(0)T(0)V(0)H(0)E(0)Q(0)V(0)G(0)G(0)P(0)S(0)L(0)T(0)S(0)D(0)L(0)Q(0)A(0)Q(0)S(0)K(0)	25.319103	6	0	0	25.319103	6	11.771286	0	0	0	0	FALSE	FALSE	FALSE	sp|P04004|VTNC_HUMAN	P04004	VTNC_HUMAN	VTN	Vitronectin		tr|F5GX75|F5GX75_HUMAN	37312	3426.6482	37534	3356.8381	3455.6401	39.225002	38
240419_ES_R00006_MG_c00001_SA_NPB_3_i2.37452.37452.3	D:\SHARE\Tim\25-12-03_GD_Dataset\GD_dataset\NPB_3_i2\interact.pep.xml	NNATVHEQVGGPSLTSDLQAQSK	NN[2319]ATVHEQVGGPSLTSDLQAQSK	VYDDGEEK.NNATVHEQVGGPSLTSDLQAQSK.GNPEQTPV	K	G	23	3	3420.2153	4585.9297	4585.9404	1529.6505	1529.6541	4584.9346	1529.3188	1.0061	0.002966198	17.657	8.822	0.9987	0	2	0	85	107	9265616	2N(2204.7725)	NA	HexNAc(4)Hex(5)NeuAc(2) % 2204.7724	4.28	0	NnATVHEQVGGPSLTSDLQAQSK	N(0.00)N(17.66)A(0.00)T(0.00)V(0.00)H(0.00)E(0.00)Q(0.00)V(0.00)G(0.00)G(0.00)P(0.00)S(0.00)L(0.00)T(0.00)S(0.00)D(0.00)L(0.00)Q(0.00)A(0.00)Q(0.00)S(0.00)K(0.00)	N2	1	N(0.00)N(11.28)A(0.00)T(0.00)V(0.00)H(0.00)E(0.00)Q(0.00)V(0.00)G(0.00)G(0.00)P(0.00)S(0.00)L(0.00)T(0.00)S(0.00)D(0.00)L(0.00)Q(0.00)A(0.00)Q(0.00)S(0.00)K(0.00)	N(0)N(0)A(0)T(0)V(0)H(0)E(0)Q(0)V(0)G(0)G(0)P(0)S(0)L(0)T(0)S(0)D(0)L(0)Q(0)A(0)Q(0)S(0)K(0)	17.657639	3	0	0	17.657639	3	11.277811	0	0	0	0	FALSE	FALSE	FALSE	sp|P04004|VTNC_HUMAN	P04004	VTNC_HUMAN	VTN	Vitronectin		tr|F5GX75|F5GX75_HUMAN	37408	3426.6482	37534	3409.6501	3461.777	19.11	18
240419_ES_R00006_MG_c00001_SA_NPB_3_i2.37484.37484.3	D:\SHARE\Tim\25-12-03_GD_Dataset\GD_dataset\NPB_3_i2\interact.pep.xml	NNATVHEQVGGPSLTSDLQAQSK	NN[2319]ATVHEQVGGPSLTSDLQAQSK	VYDDGEEK.NNATVHEQVGGPSLTSDLQAQSK.GNPEQTPV	K	G	23	3	3422.8962	4586.933	4586.943	1529.9849	1529.9883	4584.9346	1529.3188	2.0085	2.18E-08	29.604	15.568	1	0	2	0	85	107	9265616	2N(2204.7725)	NA	HexNAc(4)Hex(5)NeuAc(2) % 2204.7724	4.19	0	NnATVHEQVGGPSLTSDLQAQSK	N(0.00)N(27.89)A(0.00)T(0.00)V(0.00)H(0.00)E(0.00)Q(0.00)V(0.00)G(0.00)G(0.00)P(0.00)S(0.00)L(0.00)T(0.00)S(0.00)D(0.00)L(0.00)Q(0.00)A(0.00)Q(0.00)S(0.00)K(0.00)	N2	1	N(0.00)N(11.61)A(0.00)T(0.00)V(0.00)H(0.00)E(0.00)Q(0.00)V(0.00)G(0.00)G(0.00)P(0.00)S(0.00)L(0.00)T(0.00)S(0.00)D(0.00)L(0.00)Q(0.00)A(0.00)Q(0.00)S(0.00)K(0.00)	N(0)N(0)A(0)T(0)V(0)H(0)E(0)Q(0)V(0)G(0)G(0)P(0)S(0)L(0)T(0)S(0)D(0)L(0)Q(0)A(0)Q(0)S(0)K(0)	27.886013	7	0	0	29.604485	8	11.609859	0	0	0	0	FALSE	FALSE	FALSE	sp|P04004|VTNC_HUMAN	P04004	VTNC_HUMAN	VTN	Vitronectin		tr|F5GX75|F5GX75_HUMAN	37437	3426.6482	37534	3418.8562	3461.777	19.11	16
240419_ES_R00006_MG_c00001_SA_NPB_3_i2.37579.37579.3	D:\SHARE\Tim\25-12-03_GD_Dataset\GD_dataset\NPB_3_i2\interact.pep.xml	NGSLFAFR	N[2028]GSLFAFR	FDAFTDLK.NGSLFAFR.GQYCYELD	K	G	8	3	3429.9568	2824.1296	2824.1304	942.3838	942.3841	2824.1431	942.3882	-0.0127	0.006718155	16.191	0	0.9969	0	2	0	169	176	3765483.8	1N(1913.6770)	NA	HexNAc(4)Hex(5)NeuAc(1) % 1913.6770	2.16	0	nGSLFAFR	N(14.24)G(0.00)S(0.00)L(0.00)F(0.00)A(0.00)F(0.00)R(0.00)	N1	1	N(12.24)G(0.00)S(0.00)L(0.00)F(0.00)A(0.00)F(0.00)R(0.00)	N(0)G(0)S(0)L(0)F(0)A(0)F(0)R(0)	14.237051	1	0	0	16.19178	2	12.235498	0	0	0	0	FALSE	FALSE	TRUE	sp|P04004|VTNC_HUMAN	P04004	VTNC_HUMAN	VTN	Vitronectin			37534	3432.861	37618	3407.3782	3443.31	21.253	12
240419_ES_R00006_MG_c00001_SA_NPB_3_i2.37757.37757.3	D:\SHARE\Tim\25-12-03_GD_Dataset\GD_dataset\NPB_3_i2\interact.pep.xml	NNATVHEQVGGPSLTSDLQAQSK	NN[2028]ATVHEQVGGPSLTSDLQAQSK	VYDDGEEK.NNATVHEQVGGPSLTSDLQAQSK.GNPEQTPV	K	G	23	3	3444.6624	4295.843	4295.8447	1432.9549	1432.9555	4293.8389	1432.287	2.0057	7.14E-06	16.824	7.319	1	0	2	0	85	107	0	2N(1913.6770)	NA	HexNAc(4)Hex(5)NeuAc(1) % 1913.6770	4.07	0	NnATVHEQVGGPSLTSDLQAQSK	N(0.00)N(15.55)A(0.00)T(0.00)V(0.00)H(0.00)E(0.00)Q(0.00)V(0.00)G(0.00)G(0.00)P(0.00)S(0.00)L(0.00)T(0.00)S(0.00)D(0.00)L(0.00)Q(0.00)A(0.00)Q(0.00)S(0.00)K(0.00)	N2	1	N(0.00)N(9.56)A(0.00)T(0.00)V(0.00)H(0.00)E(0.00)Q(0.00)V(0.00)G(0.00)G(0.00)P(0.00)S(0.00)L(0.00)T(0.00)S(0.00)D(0.00)L(0.00)Q(0.00)A(0.00)Q(0.00)S(0.00)K(0.00)	N(0)N(0)A(0)T(0)V(0)H(0)E(0)Q(0)V(0)G(0)G(0)P(0)S(0)L(0)T(0)S(0)D(0)L(0)Q(0)A(0)Q(0)S(0)K(0)	15.54553	3	0	0	16.824518	4	9.559971	0	0	0	0	FALSE	FALSE	FALSE	sp|P04004|VTNC_HUMAN	P04004	VTNC_HUMAN	VTN	Vitronectin		tr|F5GX75|F5GX75_HUMAN	37715	0	0	0	0	0	0
240419_ES_R00006_MG_c00001_SA_NPB_3_i2.37782.37782.3	D:\SHARE\Tim\25-12-03_GD_Dataset\GD_dataset\NPB_3_i2\interact.pep.xml	NGSLFAFR	N[2319]GSLFAFR	FDAFTDLK.NGSLFAFR.GQYCYELD	K	G	8	3	3446.8347	3115.2256	3115.2378	1039.4158	1039.4199	3115.2385	1039.42	-7.00E-04	0.005871515	16.425	6.771	0.998	0	2	0	169	176	0	1N(2204.7725)	NA	HexNAc(4)Hex(5)NeuAc(2) % 2204.7724	5.9	0	nGSLFAFR	N(16.43)G(0.00)S(0.00)L(0.00)F(0.00)A(0.00)F(0.00)R(0.00)	N1	1	N(12.34)G(0.00)S(0.00)L(0.00)F(0.00)A(0.00)F(0.00)R(0.00)	N(0)G(0)S(0)L(0)F(0)A(0)F(0)R(0)	16.425938	2	0	0	16.425938	2	12.339326	0	0	0	0	FALSE	FALSE	TRUE	sp|P04004|VTNC_HUMAN	P04004	VTNC_HUMAN	VTN	Vitronectin			37743	0	0	0	0	0	0
240419_ES_R00006_MG_c00001_SA_NPB_3_i2.37841.37841.4	D:\SHARE\Tim\25-12-03_GD_Dataset\GD_dataset\NPB_3_i2\interact.pep.xml	NNATVHEQVGGPSLTSDLQAQSK	NN[2975]ATVHEQVGGPSLTSDLQAQSK	VYDDGEEK.NNATVHEQVGGPSLTSDLQAQSK.GNPEQTPV	K	G	23	4	3452.2659	5241.1987	5241.206	1311.307	1311.3088	5241.1621	1311.2979	0.0442	0.01362229	17.963	0	0.9938	0	2	0	85	107	17236944	2N(2861.0000)	NA	HexNAc(5)Hex(6)NeuAc(3) % 2861.0000	3.79	0	NnATVHEQVGGPSLTSDLQAQSK	N(0.00)N(17.96)A(0.00)T(0.00)V(0.00)H(0.00)E(0.00)Q(0.00)V(0.00)G(0.00)G(0.00)P(0.00)S(0.00)L(0.00)T(0.00)S(0.00)D(0.00)L(0.00)Q(0.00)A(0.00)Q(0.00)S(0.00)K(0.00)	N2	1	N(0.00)N(9.79)A(0.00)T(0.00)V(0.00)H(0.00)E(0.00)Q(0.00)V(0.00)G(0.00)G(0.00)P(0.00)S(0.00)L(0.00)T(0.00)S(0.00)D(0.00)L(0.00)Q(0.00)A(0.00)Q(0.00)S(0.00)K(0.00)	N(0)N(0)A(0)T(0)V(0)H(0)E(0)Q(0)V(0)G(0)G(0)P(0)S(0)L(0)T(0)S(0)D(0)L(0)Q(0)A(0)Q(0)S(0)K(0)	17.963058	4	0	0	17.963058	4	9.792316	0	0	0	0	FALSE	FALSE	FALSE	sp|P04004|VTNC_HUMAN	P04004	VTNC_HUMAN	VTN	Vitronectin		tr|F5GX75|F5GX75_HUMAN	37801	3446.352	37776	3409.6501	3464.5562	45.99	22
240419_ES_R00006_MG_c00001_SA_NPB_3_i2.37922.37922.4	D:\SHARE\Tim\25-12-03_GD_Dataset\GD_dataset\NPB_3_i2\interact.pep.xml	NNATVHEQVGGPSLTSDLQAQSK	NN[2319]ATVHEQVGGPSLTSDLQAQSK	VYDDGEEK.NNATVHEQVGGPSLTSDLQAQSK.GNPEQTPV	K	G	23	4	3458.7224	4584.939	4584.9355	1147.242	1147.2412	4584.9346	1147.241	0.0012	1.30E-13	40.863	16.204	1	0	2	0	85	107	49870968	2N(2204.7725)	NA	HexNAc(4)Hex(5)NeuAc(2) % 2204.7724	6.94	0	NnATVHEQVGGPSLTSDLQAQSK	N(0.00)N(38.07)A(0.00)T(0.00)V(0.00)H(0.00)E(0.00)Q(0.00)V(0.00)G(0.00)G(0.00)P(0.00)S(0.00)L(0.00)T(0.00)S(0.00)D(0.00)L(0.00)Q(0.00)A(0.00)Q(0.00)S(0.00)K(0.00)	N2	1	N(0.00)N(13.79)A(0.00)T(0.00)V(0.00)H(0.00)E(0.00)Q(0.00)V(0.00)G(0.00)G(0.00)P(0.00)S(0.00)L(0.00)T(0.00)S(0.00)D(0.00)L(0.00)Q(0.00)A(0.00)Q(0.00)S(0.00)K(0.00)	N(0)N(1)A(0)T(0)V(0)H(0)E(0)Q(0)V(0)G(0)G(0)P(0)S(0)L(0)T(0)S(0)D(0)L(0)Q(0)A(0)Q(0)S(0)K(0)	38.068016	11	0	0	40.86327	13	13.786918	1	0	0	0	FALSE	FALSE	FALSE	sp|P04004|VTNC_HUMAN	P04004	VTNC_HUMAN	VTN	Vitronectin		tr|F5GX75|F5GX75_HUMAN	37887	3464.5562	37988	2368.9302	3473.643	38.528004	515
240419_ES_R00006_MG_c00001_SA_NPB_3_i2.37928.37928.4	D:\SHARE\Tim\25-12-03_GD_Dataset\GD_dataset\NPB_3_i2\interact.pep.xml	NGSLFAFR	N[2319]GSLFAFR	FDAFTDLK.NGSLFAFR.GQYCYELD	K	G	8	4	3459.258	3115.244	3115.2393	779.8183	779.8171	3115.2385	779.8169	7.00E-04	3.26E-05	25.445	0	0.9997	0	2	0	169	176	1074174340	1N(2204.7725)	NA	HexNAc(4)Hex(5)NeuAc(2) % 2204.7724	7.5	0	nGSLFAFR	N(25.45)G(0.00)S(0.00)L(0.00)F(0.00)A(0.00)F(0.00)R(0.00)	N1	1	N(11.97)G(0.00)S(0.00)L(0.00)F(0.00)A(0.00)F(0.00)R(0.00)	N(0)G(0)S(0)L(0)F(0)A(0)F(0)R(0)	25.445839	6	0	0	25.445839	6	11.973169	0	0	0	0	FALSE	FALSE	TRUE	sp|P04004|VTNC_HUMAN	P04004	VTNC_HUMAN	VTN	Vitronectin			37887	3478.5032	38161	3446.352	3588.4822	28.201002	83
240419_ES_R00006_MG_c00001_SA_NPB_3_i2.37933.37933.2	D:\SHARE\Tim\25-12-03_GD_Dataset\GD_dataset\NPB_3_i2\interact.pep.xml	NGSLFAFR	N[2319]GSLFAFR	FDAFTDLK.NGSLFAFR.GQYCYELD	K	G	8	2	3459.8176	3115.2437	3115.243	1558.6291	1558.6288	3115.2385	1558.6266	0.0044	1.69E-05	25.588	0	1	0	2	0	169	176	4130562050	1N(2204.7725)	NA	HexNAc(4)Hex(5)NeuAc(2) % 2204.7724	5.06	0	nGSLFAFR	N(25.29)G(0.00)S(0.00)L(0.00)F(0.00)A(0.00)F(0.00)R(0.00)	N1	1	N(9.91)G(0.00)S(0.00)L(0.00)F(0.00)A(0.00)F(0.00)R(0.00)	N(0)G(0)S(0)L(0)F(0)A(0)F(0)R(0)	25.286072	7	0	0	25.588396	8	9.910938	0	0	0	0	FALSE	FALSE	TRUE	sp|P04004|VTNC_HUMAN	P04004	VTNC_HUMAN	VTN	Vitronectin			37887	3478.5032	38161	3453.6501	3563.0933	18.321001	71
240419_ES_R00006_MG_c00001_SA_NPB_3_i2.37950.37950.3	D:\SHARE\Tim\25-12-03_GD_Dataset\GD_dataset\NPB_3_i2\interact.pep.xml	NGSLFAFR	N[2028]GSLFAFR	FDAFTDLK.NGSLFAFR.GQYCYELD	K	G	8	3	3461.2852	2824.1416	2824.1418	942.3878	942.3879	2824.1431	942.3882	-0.0013	0.003639149	16.256	0	0.9993	0	2	0	169	176	122984096	1N(1913.6770)	NA	HexNAc(4)Hex(5)NeuAc(1) % 1913.6770	4.12	0	nGSLFAFR	N(16.26)G(0.00)S(0.00)L(0.00)F(0.00)A(0.00)F(0.00)R(0.00)	N1	1	N(12.18)G(0.00)S(0.00)L(0.00)F(0.00)A(0.00)F(0.00)R(0.00)	N(0)G(0)S(0)L(0)F(0)A(0)F(0)R(0)	16.256134	2	0	0	16.256134	2	12.184432	0	0	0	0	FALSE	FALSE	TRUE	sp|P04004|VTNC_HUMAN	P04004	VTNC_HUMAN	VTN	Vitronectin			37887	3478.5032	38161	3458.7073	3555.5942	8.288	62
240419_ES_R00006_MG_c00001_SA_NPB_3_i2.38015.38015.3	D:\SHARE\Tim\25-12-03_GD_Dataset\GD_dataset\NPB_3_i2\interact.pep.xml	NFTENDLLVR	N[2319]FTENDLLVR	LLYPPWDK.NFTENDLLVR.IGKHSRTR	K	I	10	3	3466.471	3426.38	3426.398	1143.1339	1143.1399	3424.3921	1142.4713	2.0059	0.2449063	10.944	0	0.4318	0.000230947	2	0	416	425	0	1N(2204.7725)	NA	HexNAc(4)Hex(5)NeuAc(2) % 2204.7724	4.12	0	nFTENDLLVR	N(10.94)F(0.00)T(0.00)E(0.00)N(0.00)D(0.00)L(0.00)L(0.00)V(0.00)R(0.00)	N1	1	N(7.21)F(0.00)T(0.00)E(0.00)N(0.00)D(0.00)L(0.00)L(0.00)V(0.00)R(0.00)	N(0)F(0)T(0)E(0)N(0)D(0)L(0)L(0)V(0)R(0)	10.944298	2	0	0	10.944298	2	7.206668	0	0	0	0	FALSE	FALSE	FALSE	sp|P00734|THRB_HUMAN	P00734	THRB_HUMAN	F2	Prothrombin		tr|E9PIT3|E9PIT3_HUMAN	37956	0	0	0	0	0	0
240419_ES_R00006_MG_c00001_SA_NPB_3_i2.38070.38070.2	D:\SHARE\Tim\25-12-03_GD_Dataset\GD_dataset\NPB_3_i2\interact.pep.xml	NGSLFAFR	N[2028]GSLFAFR	FDAFTDLK.NGSLFAFR.GQYCYELD	K	G	8	2	3470.7258	2824.1538	2824.1482	1413.0842	1413.0814	2824.1431	1413.0789	0.0051	4.99E-05	24.709	5.369	1	0	2	0	169	176	229820816	1N(1913.6770)	NA	HexNAc(4)Hex(5)NeuAc(1) % 1913.6770	4.44	0	nGSLFAFR	N(22.82)G(0.00)S(0.00)L(0.00)F(0.00)A(0.00)F(0.00)R(0.00)	N1	1	N(9.97)G(0.00)S(0.00)L(0.00)F(0.00)A(0.00)F(0.00)R(0.00)	N(0)G(0)S(0)L(0)F(0)A(0)F(0)R(0)	22.817482	6	0	0	24.709991	8	9.970617	0	0	0	0	FALSE	FALSE	TRUE	sp|P04004|VTNC_HUMAN	P04004	VTNC_HUMAN	VTN	Vitronectin			38044	3474.7961	38118	3458.7073	3526.381	12.696001	51
240419_ES_R00006_MG_c00001_SA_NPB_3_i2.38171.38171.2	D:\SHARE\Tim\25-12-03_GD_Dataset\GD_dataset\NPB_3_i2\interact.pep.xml	NGSLFAFR	N[2028]GSLFAFR	FDAFTDLK.NGSLFAFR.GQYCYELD	K	G	8	2	3479.285	2824.142	2824.1487	1413.0783	1413.0816	2824.1431	1413.0789	0.0056	3.98E-05	25.1	6.01	1	0	2	0	169	176	229820816	1N(1913.6770)	NA	HexNAc(4)Hex(5)NeuAc(1) % 1913.6770	2.63	0	nGSLFAFR	N(22.82)G(0.00)S(0.00)L(0.00)F(0.00)A(0.00)F(0.00)R(0.00)	N1	1	N(9.90)G(0.00)S(0.00)L(0.00)F(0.00)A(0.00)F(0.00)R(0.00)	N(0)G(0)S(0)L(0)F(0)A(0)F(0)R(0)	22.821707	6	0	0	25.100819	8	9.901352	0	0	0	0	FALSE	FALSE	TRUE	sp|P04004|VTNC_HUMAN	P04004	VTNC_HUMAN	VTN	Vitronectin			38161	3474.7961	38118	3458.7073	3526.381	12.696001	51
240419_ES_R00006_MG_c00001_SA_NPB_3_i2.38236.38236.3	D:\SHARE\Tim\25-12-03_GD_Dataset\GD_dataset\NPB_3_i2\interact.pep.xml	NGSLFAFR	N[2028]GSLFAFR	FDAFTDLK.NGSLFAFR.GQYCYELD	K	G	8	3	3485.2725	2824.1594	2824.142	942.3937	942.3879	2824.1431	942.3882	-0.001	9.51E-06	27.588	5.856	1	0	2	0	169	176	107954008	1N(1913.6770)	NA	HexNAc(4)Hex(5)NeuAc(1) % 1913.6770	5	0	nGSLFAFR	N(25.80)G(0.00)S(0.00)L(0.00)F(0.00)A(0.00)F(0.00)R(0.00)	N1	1	N(12.33)G(0.00)S(0.00)L(0.00)F(0.00)A(0.00)F(0.00)R(0.00)	N(0)G(0)S(0)L(0)F(0)A(0)F(0)R(0)	25.79691	6	0	0	27.588001	8	12.330877	0	0	0	0	FALSE	FALSE	TRUE	sp|P04004|VTNC_HUMAN	P04004	VTNC_HUMAN	VTN	Vitronectin			38226	3477.1033	38145	3458.7073	3506.944	8.288	43
240419_ES_R00006_MG_c00001_SA_NPB_3_i2.38287.38287.3	D:\SHARE\Tim\25-12-03_GD_Dataset\GD_dataset\NPB_3_i2\interact.pep.xml	NGSLFAFR	N[2028]GSLFAFR	FDAFTDLK.NGSLFAFR.GQYCYELD	K	G	8	3	3489.8596	2825.148	2825.1448	942.7233	942.7222	2824.1431	942.3882	1.0017	1.78E-05	26.494	5.886	1	0	2	0	169	176	122984096	1N(1913.6770)	NA	HexNAc(4)Hex(5)NeuAc(1) % 1913.6770	5.64	0	nGSLFAFR	N(25.77)G(0.00)S(0.00)L(0.00)F(0.00)A(0.00)F(0.00)R(0.00)	N1	1	N(12.31)G(0.00)S(0.00)L(0.00)F(0.00)A(0.00)F(0.00)R(0.00)	N(0)G(0)S(0)L(0)F(0)A(0)F(0)R(0)	25.773693	6	0	0	26.494942	7	12.305304	0	0	0	0	FALSE	FALSE	TRUE	sp|P04004|VTNC_HUMAN	P04004	VTNC_HUMAN	VTN	Vitronectin			38269	3478.5032	38161	3455.6401	3509.61	8.288	44
240419_ES_R00006_MG_c00001_SA_NPB_3_i2.38312.38312.4	D:\SHARE\Tim\25-12-03_GD_Dataset\GD_dataset\NPB_3_i2\interact.pep.xml	NNATVHEQVGGPSLTSDLQAQSK	NN[2319]ATVHEQVGGPSLTSDLQAQSK	VYDDGEEK.NNATVHEQVGGPSLTSDLQAQSK.GNPEQTPV	K	G	23	4	3491.7974	4584.948	4584.934	1147.2443	1147.2408	4584.9346	1147.241	-2.00E-04	0	37.757	16.341	1	0	2	0	85	107	57835628	2N(2204.7725)	NA	HexNAc(4)Hex(5)NeuAc(2) % 2204.7724	8.75	0	NnATVHEQVGGPSLTSDLQAQSK	N(0.00)N(37.76)A(0.00)T(0.00)V(0.00)H(0.00)E(0.00)Q(0.00)V(0.00)G(0.00)G(0.00)P(0.00)S(0.00)L(0.00)T(0.00)S(0.00)D(0.00)L(0.00)Q(0.00)A(0.00)Q(0.00)S(0.00)K(0.00)	N2	1	N(0.00)N(13.47)A(0.00)T(0.00)V(0.00)H(0.00)E(0.00)Q(0.00)V(0.00)G(0.00)G(0.00)P(0.00)S(0.00)L(0.00)T(0.00)S(0.00)D(0.00)L(0.00)Q(0.00)A(0.00)Q(0.00)S(0.00)K(0.00)	N(0)N(1)A(0)T(0)V(0)H(0)E(0)Q(0)V(0)G(0)G(0)P(0)S(0)L(0)T(0)S(0)D(0)L(0)Q(0)A(0)Q(0)S(0)K(0)	37.75733	11	0	0	36.581142	10	13.46616	1	0	0	0	FALSE	FALSE	FALSE	sp|P04004|VTNC_HUMAN	P04004	VTNC_HUMAN	VTN	Vitronectin		tr|F5GX75|F5GX75_HUMAN	38291	3518.5652	38654	3472.8071	4187.8984	3.232	317
240419_ES_R00006_MG_c00001_SA_NPB_3_i2.38366.38366.4	D:\SHARE\Tim\25-12-03_GD_Dataset\GD_dataset\NPB_3_i2\interact.pep.xml	LANLTQGEDQYYLR	LAN[2319]LTQGEDQYYLR	EQFNWVSR.LANLTQGEDQYYLR.VTTVASHT	R	V	14	4	3496.439	3888.5874	3888.5862	973.1541	973.1538	3887.5986	972.9069	0.9873	0.5385501	13.197	11.872	0.4578	0.000230947	2	0	372	385	0	3N(2204.7725)	NA	HexNAc(4)Hex(5)NeuAc(2) % 2204.7724	3.96	0	LAnLTQGEDQYYLR	L(0.00)A(0.00)N(10.76)L(0.00)T(0.00)Q(0.00)G(0.00)E(0.00)D(0.00)Q(0.00)Y(0.00)Y(0.00)L(0.00)R(0.00)	N3	1	L(0.00)A(0.00)N(0.00)L(0.00)T(0.00)Q(0.00)G(0.00)E(0.00)D(0.00)Q(0.00)Y(0.00)Y(0.00)L(0.00)R(0.00)	L(0)A(0)N(0)L(0)T(0)Q(0)G(0)E(0)D(0)Q(0)Y(0)Y(0)L(0)R(0)	10.756342	6	0	0	13.197123	8	0	0	0	0	0	FALSE	FALSE	FALSE	sp|P10909|CLUS_HUMAN	P10909	CLUS_HUMAN	CLU	Clusterin		"tr|H0YAS8|H0YAS8_HUMAN, tr|H0YC35|H0YC35_HUMAN"	38350	0	0	0	0	0	0
240419_ES_R00006_MG_c00001_SA_NPB_3_i2.38485.38485.4	D:\SHARE\Tim\25-12-03_GD_Dataset\GD_dataset\NPB_3_i2\interact.pep.xml	NNATVHEQVGGPSLTSDLQAQSK	NN[2028]ATVHEQVGGPSLTSDLQAQSK	VYDDGEEK.NNATVHEQVGGPSLTSDLQAQSK.GNPEQTPV	K	G	23	4	3505.566	4293.826	4293.82	1074.4638	1074.4623	4293.8389	1074.467	-0.019	0.000115485	15.612	0	1	0	2	0	85	107	0	2N(1913.6770)	NA	HexNAc(4)Hex(5)NeuAc(1) % 1913.6770	2.89	0	NnATVHEQVGGPSLTSDLQAQSK	N(0.00)N(15.61)A(0.00)T(0.00)V(0.00)H(0.00)E(0.00)Q(0.00)V(0.00)G(0.00)G(0.00)P(0.00)S(0.00)L(0.00)T(0.00)S(0.00)D(0.00)L(0.00)Q(0.00)A(0.00)Q(0.00)S(0.00)K(0.00)	N2	1	N(0.00)N(9.65)A(0.00)T(0.00)V(0.00)H(0.00)E(0.00)Q(0.00)V(0.00)G(0.00)G(0.00)P(0.00)S(0.00)L(0.00)T(0.00)S(0.00)D(0.00)L(0.00)Q(0.00)A(0.00)Q(0.00)S(0.00)K(0.00)	N(0)N(0)A(0)T(0)V(0)H(0)E(0)Q(0)V(0)G(0)G(0)P(0)S(0)L(0)T(0)S(0)D(0)L(0)Q(0)A(0)Q(0)S(0)K(0)	15.612915	3	0	0	15.612915	3	9.650485	0	0	0	0	FALSE	FALSE	FALSE	sp|P04004|VTNC_HUMAN	P04004	VTNC_HUMAN	VTN	Vitronectin		tr|F5GX75|F5GX75_HUMAN	38453	0	0	0	0	0	0
240419_ES_R00006_MG_c00001_SA_NPB_3_i2.38537.38537.3	D:\SHARE\Tim\25-12-03_GD_Dataset\GD_dataset\NPB_3_i2\interact.pep.xml	NGSLFAFR	N[2319]GSLFAFR	FDAFTDLK.NGSLFAFR.GQYCYELD	K	G	8	3	3509.625	3115.2446	3115.2385	1039.4221	1039.4201	3115.2385	1039.42	0	1.15E-05	26.253	0	1	0	2	0	169	176	2246406140	1N(2204.7725)	NA	HexNAc(4)Hex(5)NeuAc(2) % 2204.7724	11.8	0	nGSLFAFR	N(25.75)G(0.00)S(0.00)L(0.00)F(0.00)A(0.00)F(0.00)R(0.00)	N1	1	N(10.47)G(0.00)S(0.00)L(0.00)F(0.00)A(0.00)F(0.00)R(0.00)	N(0)G(0)S(0)L(0)F(0)A(0)F(0)R(0)	25.746025	7	0	0	26.253445	8	10.472435	0	0	0	0	FALSE	FALSE	TRUE	sp|P04004|VTNC_HUMAN	P04004	VTNC_HUMAN	VTN	Vitronectin			38504	3509.61	38536	3424.0151	4059.0833	28.201002	290
240419_ES_R00006_MG_c00001_SA_NPB_3_i2.38547.38547.3	D:\SHARE\Tim\25-12-03_GD_Dataset\GD_dataset\NPB_3_i2\interact.pep.xml	NNATVHEQVGGPSLTSDLQAQSK	NN[2319]ATVHEQVGGPSLTSDLQAQSK	VYDDGEEK.NNATVHEQVGGPSLTSDLQAQSK.GNPEQTPV	K	G	23	3	3510.4336	4584.9375	4584.94	1529.3198	1529.3206	4584.9346	1529.3188	0.0056	0.000729521	19.597	6.117	1	0	2	0	85	107	0	2N(2204.7725)	NA	HexNAc(4)Hex(5)NeuAc(2) % 2204.7724	4.07	0	NnATVHEQVGGPSLTSDLQAQSK	N(0.00)N(19.60)A(0.00)T(0.00)V(0.00)H(0.00)E(0.00)Q(0.00)V(0.00)G(0.00)G(0.00)P(0.00)S(0.00)L(0.00)T(0.00)S(0.00)D(0.00)L(0.00)Q(0.00)A(0.00)Q(0.00)S(0.00)K(0.00)	N2	1	N(0.00)N(13.25)A(0.00)T(0.00)V(0.00)H(0.00)E(0.00)Q(0.00)V(0.00)G(0.00)G(0.00)P(0.00)S(0.00)L(0.00)T(0.00)S(0.00)D(0.00)L(0.00)Q(0.00)A(0.00)Q(0.00)S(0.00)K(0.00)	N(0)N(1)A(0)T(0)V(0)H(0)E(0)Q(0)V(0)G(0)G(0)P(0)S(0)L(0)T(0)S(0)D(0)L(0)Q(0)A(0)Q(0)S(0)K(0)	19.597237	4	0	0	19.538994	4	13.251074	1	0	0	0	FALSE	FALSE	FALSE	sp|P04004|VTNC_HUMAN	P04004	VTNC_HUMAN	VTN	Vitronectin		tr|F5GX75|F5GX75_HUMAN	38504	0	0	0	0	0	0
240419_ES_R00006_MG_c00001_SA_NPB_3_i2.38597.38597.3	D:\SHARE\Tim\25-12-03_GD_Dataset\GD_dataset\NPB_3_i2\interact.pep.xml	NNATVHEQVGGPSLTSDLQAQSK	NN[2319]ATVHEQVGGPSLTSDLQAQSK	VYDDGEEK.NNATVHEQVGGPSLTSDLQAQSK.GNPEQTPV	K	G	23	3	3514.2021	4585.9297	4585.949	1529.6505	1529.6569	4584.9346	1529.3188	1.0149	1.88E-05	15.494	0	1	0	2	0	85	107	0	2N(2204.7725)	NA	HexNAc(4)Hex(5)NeuAc(2) % 2204.7724	2.66	0	NnATVHEQVGGPSLTSDLQAQSK	N(0.00)N(15.49)A(0.00)T(0.00)V(0.00)H(0.00)E(0.00)Q(0.00)V(0.00)G(0.00)G(0.00)P(0.00)S(0.00)L(0.00)T(0.00)S(0.00)D(0.00)L(0.00)Q(0.00)A(0.00)Q(0.00)S(0.00)K(0.00)	N2	1	N(0.00)N(7.88)A(0.00)T(0.00)V(0.00)H(0.00)E(0.00)Q(0.00)V(0.00)G(0.00)G(0.00)P(0.00)S(0.00)L(0.00)T(0.00)S(0.00)D(0.00)L(0.00)Q(0.00)A(0.00)Q(0.00)S(0.00)K(0.00)	N(0)N(0)A(0)T(0)V(0)H(0)E(0)Q(0)V(0)G(0)G(0)P(0)S(0)L(0)T(0)S(0)D(0)L(0)Q(0)A(0)Q(0)S(0)K(0)	15.49426	4	0	0	15.49426	4	7.883205	0	0	0	0	FALSE	FALSE	FALSE	sp|P04004|VTNC_HUMAN	P04004	VTNC_HUMAN	VTN	Vitronectin		tr|F5GX75|F5GX75_HUMAN	38554	0	0	0	0	0	0
240419_ES_R00006_MG_c00001_SA_NPB_3_i2.38620.38620.3	D:\SHARE\Tim\25-12-03_GD_Dataset\GD_dataset\NPB_3_i2\interact.pep.xml	NFTENDLLVR	N[2319]FTENDLLVR	LLYPPWDK.NFTENDLLVR.IGKHSRTR	K	I	10	3	3516.0066	3424.385	3424.3865	1142.4689	1142.4694	3424.3921	1142.4713	-0.0056	0.03378702	13.385	0	0.9824	0.000230947	2	0	416	425	0	1N(2204.7725)	NA	HexNAc(4)Hex(5)NeuAc(2) % 2204.7724	3.42	0	nFTENDLLVR	N(13.39)F(0.00)T(0.00)E(0.00)N(0.00)D(0.00)L(0.00)L(0.00)V(0.00)R(0.00)	N1	1	N(9.41)F(0.00)T(0.00)E(0.00)N(0.00)D(0.00)L(0.00)L(0.00)V(0.00)R(0.00)	N(0)F(0)T(0)E(0)N(0)D(0)L(0)L(0)V(0)R(0)	13.385014	2	0	0	13.385014	2	9.407019	0	0	0	0	FALSE	FALSE	FALSE	sp|P00734|THRB_HUMAN	P00734	THRB_HUMAN	F2	Prothrombin		tr|E9PIT3|E9PIT3_HUMAN	38587	0	0	0	0	0	0
240419_ES_R00006_MG_c00001_SA_NPB_3_i2.38641.38641.4	D:\SHARE\Tim\25-12-03_GD_Dataset\GD_dataset\NPB_3_i2\interact.pep.xml	NNATVHEQVGGPSLTSDLQAQSK	NN[2975]ATVHEQVGGPSLTSDLQAQSK	VYDDGEEK.NNATVHEQVGGPSLTSDLQAQSK.GNPEQTPV	K	G	23	4	3517.4775	5242.192	5242.193	1311.5553	1311.5555	5241.1621	1311.2979	1.031	0.03330428	13.41	0	0.9932	0	2	0	85	107	18652110	2N(2861.0000)	NA	HexNAc(5)Hex(6)NeuAc(3) % 2861.0000	2.89	0	NnATVHEQVGGPSLTSDLQAQSK	N(0.00)N(13.41)A(0.00)T(0.00)V(0.00)H(0.00)E(0.00)Q(0.00)V(0.00)G(0.00)G(0.00)P(0.00)S(0.00)L(0.00)T(0.00)S(0.00)D(0.00)L(0.00)Q(0.00)A(0.00)Q(0.00)S(0.00)K(0.00)	N2	1	N(0.00)N(7.89)A(0.00)T(0.00)V(0.00)H(0.00)E(0.00)Q(0.00)V(0.00)G(0.00)G(0.00)P(0.00)S(0.00)L(0.00)T(0.00)S(0.00)D(0.00)L(0.00)Q(0.00)A(0.00)Q(0.00)S(0.00)K(0.00)	N(0)N(0)A(0)T(0)V(0)H(0)E(0)Q(0)V(0)G(0)G(0)P(0)S(0)L(0)T(0)S(0)D(0)L(0)Q(0)A(0)Q(0)S(0)K(0)	13.410755	3	0	0	13.410755	3	7.89413	0	0	0	0	FALSE	FALSE	FALSE	sp|P04004|VTNC_HUMAN	P04004	VTNC_HUMAN	VTN	Vitronectin		tr|F5GX75|F5GX75_HUMAN	38605	3535.371	38880	3501.2092	4005.6162	23.189001	209
240419_ES_R00006_MG_c00001_SA_NPB_3_i2.38655.38655.4	D:\SHARE\Tim\25-12-03_GD_Dataset\GD_dataset\NPB_3_i2\interact.pep.xml	NNATVHEQVGGPSLTSDLQAQSK	NN[2975]ATVHEQVGGPSLTSDLQAQSK	VYDDGEEK.NNATVHEQVGGPSLTSDLQAQSK.GNPEQTPV	K	G	23	4	3518.5806	5242.106	5242.121	1311.5338	1311.5375	5241.1621	1311.2979	0.9592	0.003186032	17.487	11.413	0.9994	0	2	0	85	107	17021478	2N(2861.0000)	NA	HexNAc(5)Hex(6)NeuAc(3) % 2861.0000	2.6	0	NnATVHEQVGGPSLTSDLQAQSK	N(0.00)N(17.49)A(0.00)T(0.00)V(0.00)H(0.00)E(0.00)Q(0.00)V(0.00)G(0.00)G(0.00)P(0.00)S(0.00)L(0.00)T(0.00)S(0.00)D(0.00)L(0.00)Q(0.00)A(0.00)Q(0.00)S(0.00)K(0.00)	N2	1	N(0.00)N(7.59)A(0.00)T(0.00)V(0.00)H(0.00)E(0.00)Q(0.00)V(0.00)G(0.00)G(0.00)P(0.00)S(0.00)L(0.00)T(0.00)S(0.00)D(0.00)L(0.00)Q(0.00)A(0.00)Q(0.00)S(0.00)K(0.00)	N(0)N(0)A(0)T(0)V(0)H(0)E(0)Q(0)V(0)G(0)G(0)P(0)S(0)L(0)T(0)S(0)D(0)L(0)Q(0)A(0)Q(0)S(0)K(0)	17.487675	5	0	0	17.487675	5	7.5888014	0	0	0	0	FALSE	FALSE	FALSE	sp|P04004|VTNC_HUMAN	P04004	VTNC_HUMAN	VTN	Vitronectin		tr|F5GX75|F5GX75_HUMAN	38640	3524.6982	38736	3495.0781	3591.5571	57.866	39
240419_ES_R00006_MG_c00001_SA_NPB_3_i2.38678.38678.4	D:\SHARE\Tim\25-12-03_GD_Dataset\GD_dataset\NPB_3_i2\interact.pep.xml	NNATVHEQVGGPSLTSDLQAQSK	NN[2975]ATVHEQVGGPSLTSDLQAQSK	VYDDGEEK.NNATVHEQVGGPSLTSDLQAQSK.GNPEQTPV	K	G	23	4	3520.3464	5241.1665	5241.1855	1311.2989	1311.3037	5241.1621	1311.2979	0.0237	0.01965622	13.326	12.913	0.9931	0	2	0	85	107	17021478	2N(2861.0000)	NA	HexNAc(5)Hex(6)NeuAc(3) % 2861.0000	2.75	0	NnATVHEQVGGPSLTSDLQAQSK	N(0.00)N(13.33)A(0.00)T(0.00)V(0.00)H(0.00)E(0.00)Q(0.00)V(0.00)G(0.00)G(0.00)P(0.00)S(0.00)L(0.00)T(0.00)S(0.00)D(0.00)L(0.00)Q(0.00)A(0.00)Q(0.00)S(0.00)K(0.00)	N2	1	N(0.00)N(9.46)A(0.00)T(0.00)V(0.00)H(0.00)E(0.00)Q(0.00)V(0.00)G(0.00)G(0.00)P(0.00)S(0.00)L(0.00)T(0.00)S(0.00)D(0.00)L(0.00)Q(0.00)A(0.00)Q(0.00)S(0.00)K(0.00)	N(0)N(0)A(0)T(0)V(0)H(0)E(0)Q(0)V(0)G(0)G(0)P(0)S(0)L(0)T(0)S(0)D(0)L(0)Q(0)A(0)Q(0)S(0)K(0)	13.326408	2	0	0	13.326408	2	9.4556465	0	0	0	0	FALSE	FALSE	FALSE	sp|P04004|VTNC_HUMAN	P04004	VTNC_HUMAN	VTN	Vitronectin		tr|F5GX75|F5GX75_HUMAN	38654	3524.6982	38736	3501.2092	3591.5571	57.866	38
240419_ES_R00006_MG_c00001_SA_NPB_3_i2.38692.38692.3	D:\SHARE\Tim\25-12-03_GD_Dataset\GD_dataset\NPB_3_i2\interact.pep.xml	NFTENDLLVR	N[2319]FTENDLLVR	LLYPPWDK.NFTENDLLVR.IGKHSRTR	K	I	10	3	3521.4285	3425.3853	3425.384	1142.8024	1142.8019	3424.3921	1142.4713	0.9919	0.05269265	12.613	0	0.9103	0.000230947	2	0	416	425	0	1N(2204.7725)	NA	HexNAc(4)Hex(5)NeuAc(2) % 2204.7724	2.87	0	nFTENDLLVR	N(12.61)F(0.00)T(0.00)E(0.00)N(0.00)D(0.00)L(0.00)L(0.00)V(0.00)R(0.00)	N1	1	N(8.54)F(0.00)T(0.00)E(0.00)N(0.00)D(0.00)L(0.00)L(0.00)V(0.00)R(0.00)	N(0)F(0)T(0)E(0)N(0)D(0)L(0)L(0)V(0)R(0)	12.613941	2	0	0	12.613941	2	8.544917	0	0	0	0	FALSE	FALSE	FALSE	sp|P00734|THRB_HUMAN	P00734	THRB_HUMAN	F2	Prothrombin		tr|E9PIT3|E9PIT3_HUMAN	38654	0	0	0	0	0	0
240419_ES_R00006_MG_c00001_SA_NPB_3_i2.38705.38705.2	D:\SHARE\Tim\25-12-03_GD_Dataset\GD_dataset\NPB_3_i2\interact.pep.xml	NGSLFAFR	N[2319]GSLFAFR	FDAFTDLK.NGSLFAFR.GQYCYELD	K	G	8	2	3522.3572	3115.247	3115.2434	1558.6308	1558.629	3115.2385	1558.6266	0.0049	4.55E-05	23.869	0	1	0	2	0	169	176	128306904	1N(2204.7725)	NA	HexNAc(4)Hex(5)NeuAc(2) % 2204.7724	6.58	0	nGSLFAFR	N(22.78)G(0.00)S(0.00)L(0.00)F(0.00)A(0.00)F(0.00)R(0.00)	N1	1	N(9.93)G(0.00)S(0.00)L(0.00)F(0.00)A(0.00)F(0.00)R(0.00)	N(0)G(0)S(0)L(0)F(0)A(0)F(0)R(0)	22.781525	6	0	0	23.869076	7	9.927364	0	0	0	0	FALSE	FALSE	TRUE	sp|P04004|VTNC_HUMAN	P04004	VTNC_HUMAN	VTN	Vitronectin			38677	3510.9941	38554	3453.6501	3563.0933	18.321001	71
240419_ES_R00006_MG_c00001_SA_NPB_3_i2.38706.38706.4	D:\SHARE\Tim\25-12-03_GD_Dataset\GD_dataset\NPB_3_i2\interact.pep.xml	NGSLFAFR	N[2319]GSLFAFR	FDAFTDLK.NGSLFAFR.GQYCYELD	K	G	8	4	3522.5518	3115.2473	3115.2393	779.8191	779.8171	3115.2385	779.8169	7.00E-04	2.91E-05	25.647	0	0.9997	0	2	0	169	176	108144688	1N(2204.7725)	NA	HexNAc(4)Hex(5)NeuAc(2) % 2204.7724	8.2	0	nGSLFAFR	N(25.45)G(0.00)S(0.00)L(0.00)F(0.00)A(0.00)F(0.00)R(0.00)	N1	1	N(11.97)G(0.00)S(0.00)L(0.00)F(0.00)A(0.00)F(0.00)R(0.00)	N(0)G(0)S(0)L(0)F(0)A(0)F(0)R(0)	25.446102	6	0	0	25.64741	7	11.968925	0	0	0	0	FALSE	FALSE	TRUE	sp|P04004|VTNC_HUMAN	P04004	VTNC_HUMAN	VTN	Vitronectin			38677	3510.9941	38554	3446.352	3561.007	28.201002	75
240419_ES_R00006_MG_c00001_SA_NPB_3_i2.38710.38710.4	D:\SHARE\Tim\25-12-03_GD_Dataset\GD_dataset\NPB_3_i2\interact.pep.xml	NNATVHEQVGGPSLTSDLQAQSK	NN[2319]ATVHEQVGGPSLTSDLQAQSK	VYDDGEEK.NNATVHEQVGGPSLTSDLQAQSK.GNPEQTPV	K	G	23	4	3522.8247	4584.9453	4584.934	1147.2436	1147.2408	4584.9346	1147.241	-2.00E-04	2.44E-07	39.207	14.923	1	0	2	0	85	107	56227420	2N(2204.7725)	NA	HexNAc(4)Hex(5)NeuAc(2) % 2204.7724	8.64	0	NnATVHEQVGGPSLTSDLQAQSK	N(0.00)N(35.19)A(0.00)T(0.00)V(0.00)H(0.00)E(0.00)Q(0.00)V(0.00)G(0.00)G(0.00)P(0.00)S(0.00)L(0.00)T(0.00)S(0.00)D(0.00)L(0.00)Q(0.00)A(0.00)Q(0.00)S(0.00)K(0.00)	N2	1	N(0.00)N(11.84)A(0.00)T(0.00)V(0.00)H(0.00)E(0.00)Q(0.00)V(0.00)G(0.00)G(0.00)P(0.00)S(0.00)L(0.00)T(0.00)S(0.00)D(0.00)L(0.00)Q(0.00)A(0.00)Q(0.00)S(0.00)K(0.00)	N(0)N(1)A(0)T(0)V(0)H(0)E(0)Q(0)V(0)G(0)G(0)P(0)S(0)L(0)T(0)S(0)D(0)L(0)Q(0)A(0)Q(0)S(0)K(0)	35.192886	11	0	0	39.207615	14	11.843707	1	0	0	0	FALSE	FALSE	FALSE	sp|P04004|VTNC_HUMAN	P04004	VTNC_HUMAN	VTN	Vitronectin		tr|F5GX75|F5GX75_HUMAN	38677	3517.4622	38640	3482.0261	4192.5303	3.232	314
240419_ES_R00006_MG_c00001_SA_NPB_3_i2.38825.38825.4	D:\SHARE\Tim\25-12-03_GD_Dataset\GD_dataset\NPB_3_i2\interact.pep.xml	NNATVHEQVGGPSLTSDLQAQSK	NN[2028]ATVHEQVGGPSLTSDLQAQSK	VYDDGEEK.NNATVHEQVGGPSLTSDLQAQSK.GNPEQTPV	K	G	23	4	3531.3628	4293.8716	4293.8657	1074.4752	1074.4737	4293.8389	1074.467	0.0269	8.21E-12	31.574	13.997	1	0	2	0	85	107	18750670	2N(1913.6770)	NA	HexNAc(4)Hex(5)NeuAc(1) % 1913.6770	2.04	0	NnATVHEQVGGPSLTSDLQAQSK	N(0.00)N(31.57)A(0.00)T(0.00)V(0.00)H(0.00)E(0.00)Q(0.00)V(0.00)G(0.00)G(0.00)P(0.00)S(0.00)L(0.00)T(0.00)S(0.00)D(0.00)L(0.00)Q(0.00)A(0.00)Q(0.00)S(0.00)K(0.00)	N2	1	N(0.00)N(13.64)A(0.00)T(0.00)V(0.00)H(0.00)E(0.00)Q(0.00)V(0.00)G(0.00)G(0.00)P(0.00)S(0.00)L(0.00)T(0.00)S(0.00)D(0.00)L(0.00)Q(0.00)A(0.00)Q(0.00)S(0.00)K(0.00)	N(0)N(3)A(0)T(0)V(0)H(0)E(0)Q(0)V(0)G(0)G(0)P(0)S(0)L(0)T(0)S(0)D(0)L(0)Q(0)A(0)Q(0)S(0)K(0)	31.574574	11	0	0	27.78852	8	13.642731	3	0	0	0	FALSE	FALSE	FALSE	sp|P04004|VTNC_HUMAN	P04004	VTNC_HUMAN	VTN	Vitronectin		tr|F5GX75|F5GX75_HUMAN	38789	3517.4622	38640	3489.445	3767.3362	16.975	121
240419_ES_R00006_MG_c00001_SA_NPB_3_i2.39362.39362.3	D:\SHARE\Tim\25-12-03_GD_Dataset\GD_dataset\NPB_3_i2\interact.pep.xml	NGSLFAFR	N[2319]GSLFAFR	FDAFTDLK.NGSLFAFR.GQYCYELD	K	G	8	3	3574.6562	3115.2456	3115.2388	1039.4225	1039.4202	3115.2385	1039.42	2.00E-04	4.46E-05	24.903	0	1	0	2	0	169	176	58408492	1N(2204.7725)	NA	HexNAc(4)Hex(5)NeuAc(2) % 2204.7724	9.06	0	nGSLFAFR	N(23.31)G(0.00)S(0.00)L(0.00)F(0.00)A(0.00)F(0.00)R(0.00)	N1	1	N(12.34)G(0.00)S(0.00)L(0.00)F(0.00)A(0.00)F(0.00)R(0.00)	N(0)G(0)S(0)L(0)F(0)A(0)F(0)R(0)	23.313997	5	0	0	24.90364	7	12.337181	0	0	0	0	FALSE	FALSE	TRUE	sp|P04004|VTNC_HUMAN	P04004	VTNC_HUMAN	VTN	Vitronectin			39329	3577.6711	39403	3421.6292	4059.0833	28.201002	291
240419_ES_R00006_MG_c00001_SA_NPB_3_i2.39370.39370.4	D:\SHARE\Tim\25-12-03_GD_Dataset\GD_dataset\NPB_3_i2\interact.pep.xml	NNATVHEQVGGPSLTSDLQAQSK	NN[2028]ATVHEQVGGPSLTSDLQAQSK	VYDDGEEK.NNATVHEQVGGPSLTSDLQAQSK.GNPEQTPV	K	G	23	4	3575.3281	4295.875	4295.844	1074.976	1074.9683	4293.8389	1074.467	2.0052	0.000628782	24.306	9.174	1	0	2	0	85	107	12755523	2N(1913.6770)	NA	HexNAc(4)Hex(5)NeuAc(1) % 1913.6770	4.76	0	NnATVHEQVGGPSLTSDLQAQSK	N(0.00)N(22.88)A(0.00)T(0.00)V(0.00)H(0.00)E(0.00)Q(0.00)V(0.00)G(0.00)G(0.00)P(0.00)S(0.00)L(0.00)T(0.00)S(0.00)D(0.00)L(0.00)Q(0.00)A(0.00)Q(0.00)S(0.00)K(0.00)	N2	1	N(0.00)N(11.80)A(0.00)T(0.00)V(0.00)H(0.00)E(0.00)Q(0.00)V(0.00)G(0.00)G(0.00)P(0.00)S(0.00)L(0.00)T(0.00)S(0.00)D(0.00)L(0.00)Q(0.00)A(0.00)Q(0.00)S(0.00)K(0.00)	N(0)N(0)A(0)T(0)V(0)H(0)E(0)Q(0)V(0)G(0)G(0)P(0)S(0)L(0)T(0)S(0)D(0)L(0)Q(0)A(0)Q(0)S(0)K(0)	22.875385	5	0	0	24.306175	6	11.799229	0	0	0	0	FALSE	FALSE	FALSE	sp|P04004|VTNC_HUMAN	P04004	VTNC_HUMAN	VTN	Vitronectin		tr|F5GX75|F5GX75_HUMAN	39329	3586.5322	39520	3513.4192	3832.277	8.923	128
240419_ES_R00006_MG_c00001_SA_NPB_3_i2.39421.39421.3	D:\SHARE\Tim\25-12-03_GD_Dataset\GD_dataset\NPB_3_i2\interact.pep.xml	NNATVHEQVGGPSLTSDLQAQSK	NN[2319]ATVHEQVGGPSLTSDLQAQSK	VYDDGEEK.NNATVHEQVGGPSLTSDLQAQSK.GNPEQTPV	K	G	23	3	3579.2542	4584.9424	4584.9463	1529.3214	1529.3227	4584.9346	1529.3188	0.012	0.000137948	23.061	11.662	1	0	2	0	85	107	0	2N(2204.7725)	NA	HexNAc(4)Hex(5)NeuAc(2) % 2204.7724	3.69	0	NnATVHEQVGGPSLTSDLQAQSK	N(0.00)N(21.94)A(0.00)T(0.00)V(0.00)H(0.00)E(0.00)Q(0.00)V(0.00)G(0.00)G(0.00)P(0.00)S(0.00)L(0.00)T(0.00)S(0.00)D(0.00)L(0.00)Q(0.00)A(0.00)Q(0.00)S(0.00)K(0.00)	N2	1	N(0.00)N(9.80)A(0.00)T(0.00)V(0.00)H(0.00)E(0.00)Q(0.00)V(0.00)G(0.00)G(0.00)P(0.00)S(0.00)L(0.00)T(0.00)S(0.00)D(0.00)L(0.00)Q(0.00)A(0.00)Q(0.00)S(0.00)K(0.00)	N(0)N(1)A(0)T(0)V(0)H(0)E(0)Q(0)V(0)G(0)G(0)P(0)S(0)L(0)T(0)S(0)D(0)L(0)Q(0)A(0)Q(0)S(0)K(0)	21.936298	7	0	0	23.061195	8	9.80365	1	0	0	0	FALSE	FALSE	FALSE	sp|P04004|VTNC_HUMAN	P04004	VTNC_HUMAN	VTN	Vitronectin		tr|F5GX75|F5GX75_HUMAN	39361	0	0	0	0	0	0
240419_ES_R00006_MG_c00001_SA_NPB_3_i2.39486.39486.3	D:\SHARE\Tim\25-12-03_GD_Dataset\GD_dataset\NPB_3_i2\interact.pep.xml	NNATVHEQVGGPSLTSDLQAQSK	NN[2319]ATVHEQVGGPSLTSDLQAQSK	VYDDGEEK.NNATVHEQVGGPSLTSDLQAQSK.GNPEQTPV	K	G	23	3	3584.0981	4585.917	4585.9404	1529.6463	1529.6541	4584.9346	1529.3188	1.0061	4.60E-08	24.353	9.011	1	0	2	0	85	107	0	2N(2204.7725)	NA	HexNAc(4)Hex(5)NeuAc(2) % 2204.7724	3.95	0	NnATVHEQVGGPSLTSDLQAQSK	N(0.00)N(24.35)A(0.00)T(0.00)V(0.00)H(0.00)E(0.00)Q(0.00)V(0.00)G(0.00)G(0.00)P(0.00)S(0.00)L(0.00)T(0.00)S(0.00)D(0.00)L(0.00)Q(0.00)A(0.00)Q(0.00)S(0.00)K(0.00)	N2	1	N(0.00)N(11.43)A(0.00)T(0.00)V(0.00)H(0.00)E(0.00)Q(0.00)V(0.00)G(0.00)G(0.00)P(0.00)S(0.00)L(0.00)T(0.00)S(0.00)D(0.00)L(0.00)Q(0.00)A(0.00)Q(0.00)S(0.00)K(0.00)	N(0)N(1)A(0)T(0)V(0)H(0)E(0)Q(0)V(0)G(0)G(0)P(0)S(0)L(0)T(0)S(0)D(0)L(0)Q(0)A(0)Q(0)S(0)K(0)	24.353245	7	0	0	22.588514	6	11.434229	1	0	0	0	FALSE	FALSE	FALSE	sp|P04004|VTNC_HUMAN	P04004	VTNC_HUMAN	VTN	Vitronectin		tr|F5GX75|F5GX75_HUMAN	39440	0	0	0	0	0	0
240419_ES_R00006_MG_c00001_SA_NPB_3_i2.39521.39521.4	D:\SHARE\Tim\25-12-03_GD_Dataset\GD_dataset\NPB_3_i2\interact.pep.xml	NNATVHEQVGGPSLTSDLQAQSK	NN[2319]ATVHEQVGGPSLTSDLQAQSK	VYDDGEEK.NNATVHEQVGGPSLTSDLQAQSK.GNPEQTPV	K	G	23	4	3586.5474	4584.945	4584.935	1147.2435	1147.241	4584.9346	1147.241	7.00E-04	1.20E-09	42.389	16.351	1	0	2	0	85	107	30993692	2N(2204.7725)	NA	HexNAc(4)Hex(5)NeuAc(2) % 2204.7724	7.47	0	NnATVHEQVGGPSLTSDLQAQSK	N(0.00)N(39.12)A(0.00)T(0.00)V(0.00)H(0.00)E(0.00)Q(0.00)V(0.00)G(0.00)G(0.00)P(0.00)S(0.00)L(0.00)T(0.00)S(0.00)D(0.00)L(0.00)Q(0.00)A(0.00)Q(0.00)S(0.00)K(0.00)	N2	1	N(0.00)N(14.82)A(0.00)T(0.00)V(0.00)H(0.00)E(0.00)Q(0.00)V(0.00)G(0.00)G(0.00)P(0.00)S(0.00)L(0.00)T(0.00)S(0.00)D(0.00)L(0.00)Q(0.00)A(0.00)Q(0.00)S(0.00)K(0.00)	N(0)N(2)A(0)T(0)V(0)H(0)E(0)Q(0)V(0)G(0)G(0)P(0)S(0)L(0)T(0)S(0)D(0)L(0)Q(0)A(0)Q(0)S(0)K(0)	39.11715	12	0	0	42.38994	14	14.820947	2	0	0	0	FALSE	FALSE	FALSE	sp|P04004|VTNC_HUMAN	P04004	VTNC_HUMAN	VTN	Vitronectin		tr|F5GX75|F5GX75_HUMAN	39478	3569.195	39290	3482.9321	4196.7812	2.3260002	318
240419_ES_R00006_MG_c00001_SA_NPB_3_i2.39523.39523.4	D:\SHARE\Tim\25-12-03_GD_Dataset\GD_dataset\NPB_3_i2\interact.pep.xml	VVLHPNYSQVDIGLIK	VVLHPN[2319]YSQVDIGLIK	KQLVEIEK.VVLHPNYSQVDIGLIK.LKQKVSVN	K	L	16	4	3586.8103	3998.7898	3998.7764	1000.7047	1000.7014	3998.7764	1000.7014	0	6.69E-05	21.196	8.064	1	0	2	0	236	251	12454615	6N(2204.7725)	NA	HexNAc(4)Hex(5)NeuAc(2) % 2204.7724	11.07	0	VVLHPnYSQVDIGLIK	V(0.00)V(0.00)L(0.00)H(0.00)P(0.00)N(21.20)Y(0.00)S(0.00)Q(0.00)V(0.00)D(0.00)I(0.00)G(0.00)L(0.00)I(0.00)K(0.00)	N6	1	V(0.00)V(0.00)L(0.00)H(0.00)P(0.00)N(9.73)Y(0.00)S(0.00)Q(0.00)V(0.00)D(0.00)I(0.00)G(0.00)L(0.00)I(0.00)K(0.00)	V(0)V(0)L(0)H(0)P(0)N(0)Y(0)S(0)Q(0)V(0)D(0)I(0)G(0)L(0)I(0)K(0)	21.196522	6	0	0	21.196522	6	9.728134	0	0	0	0	FALSE	FALSE	FALSE	sp|P00738|HPT_HUMAN	P00738	HPT_HUMAN	HP	Haptoglobin		"tr|A0A0C4DGL8|A0A0C4DGL8_HUMAN, tr|H0Y300|H0Y300_HUMAN, tr|H3BS21|H3BS21_HUMAN, tr|J3QLC9|J3QLC9_HUMAN, tr|J3QR68|J3QR68_HUMAN"	39478	3596.4893	39635	3569.195	3619.33	26.741001	17
240419_ES_R00006_MG_c00001_SA_NPB_3_i2.39529.39529.3	D:\SHARE\Tim\25-12-03_GD_Dataset\GD_dataset\NPB_3_i2\interact.pep.xml	GTAGNALMDGASQLMGENR	GTAGNALMDGASQLMGEN[2028]R	QISVNKYR.GTAGNALMDGASQLMGENR.TMTIHNGM	R	T	19	3	3587.2207	3805.541	3805.5366	1269.5209	1269.5195	3805.5286	1269.5167	0.0081	0.000513452	20.658	12.748	1	0	2	0	377	395	675919740	18N(1913.6770)	NA	HexNAc(4)Hex(5)NeuAc(1) % 1913.6770	3.48	0	GTAGNALMDGASQLMGEnR	G(0.00)T(0.00)A(0.00)G(0.00)N(0.00)A(0.00)L(0.00)M(0.00)D(0.00)G(0.00)A(0.00)S(0.00)Q(0.00)L(0.00)M(0.00)G(0.00)E(0.00)N(20.66)R(0.00)	N18	1	G(0.00)T(0.00)A(0.00)G(0.00)N(0.00)A(0.00)L(0.00)M(0.00)D(0.00)G(0.00)A(0.00)S(0.00)Q(0.00)L(0.00)M(0.00)G(0.00)E(0.00)N(17.74)R(0.00)	G(0)T(0)A(0)G(0)N(0)A(0)L(0)M(0)D(0)G(0)A(0)S(0)Q(0)L(0)M(0)G(0)E(0)N(4)R(0)	20.65853	6	0	0	14.098389	3	17.73957	4	0	0	0	FALSE	FALSE	FALSE	sp|P02675|FIBB_HUMAN	P02675	FIBB_HUMAN	FGB	Fibrinogen beta chain		tr|D6REL8|D6REL8_HUMAN	39478	3605.194	39751	3580.654	3665.4773	21.413	32
240419_ES_R00006_MG_c00001_SA_NPB_3_i2.39536.39536.4	D:\SHARE\Tim\25-12-03_GD_Dataset\GD_dataset\NPB_3_i2\interact.pep.xml	GTAGNALMDGASQLMGENR	GTAGNALMDGASQLMGEN[2028]R	QISVNKYR.GTAGNALMDGASQLMGENR.TMTIHNGM	R	T	19	4	3587.703	3805.531	3805.5325	952.39	952.3904	3805.5286	952.3894	0.0039	0	52.834	18.925	1	0	2	0	377	395	486553664	18N(1913.6770)	NA	HexNAc(4)Hex(5)NeuAc(1) % 1913.6770	3.67	0	GTAGNALMDGASQLMGEnR	G(0.00)T(0.00)A(0.00)G(0.00)N(0.00)A(0.00)L(0.00)M(0.00)D(0.00)G(0.00)A(0.00)S(0.00)Q(0.00)L(0.00)M(0.00)G(0.00)E(0.00)N(52.83)R(0.00)	N18	1	G(0.00)T(0.00)A(0.00)G(0.00)N(0.00)A(0.00)L(0.00)M(0.00)D(0.00)G(0.00)A(0.00)S(0.00)Q(0.00)L(0.00)M(0.00)G(0.00)E(0.00)N(36.30)R(0.00)	G(0)T(0)A(0)G(0)N(0)A(0)L(0)M(0)D(0)G(0)A(0)S(0)Q(0)L(0)M(0)G(0)E(0)N(10)R(0)	52.834206	19	0	0	36.62403	13	36.297405	10	0	0	0	FALSE	FALSE	FALSE	sp|P02675|FIBB_HUMAN	P02675	FIBB_HUMAN	FGB	Fibrinogen beta chain		tr|D6REL8|D6REL8_HUMAN	39478	3605.194	39751	3580.654	3672.756	21.413	36
240419_ES_R00006_MG_c00001_SA_NPB_3_i2.39547.39547.3	D:\SHARE\Tim\25-12-03_GD_Dataset\GD_dataset\NPB_3_i2\interact.pep.xml	GTAGNALMDGASQLMGENR	GTAGNALMDGASQLMGEN[2028]R	QISVNKYR.GTAGNALMDGASQLMGENR.TMTIHNGM	R	T	19	3	3588.497	3805.5342	3805.537	1269.5187	1269.5196	3805.5286	1269.5167	0.0085	8.08E-07	33.871	13.527	1	0	2	0	377	395	675919740	18N(1913.6770)	NA	HexNAc(4)Hex(5)NeuAc(1) % 1913.6770	3.83	0	GTAGNALMDGASQLMGEnR	G(0.00)T(0.00)A(0.00)G(0.00)N(0.00)A(0.00)L(0.00)M(0.00)D(0.00)G(0.00)A(0.00)S(0.00)Q(0.00)L(0.00)M(0.00)G(0.00)E(0.00)N(33.87)R(0.00)	N18	1	G(0.00)T(0.00)A(0.00)G(0.00)N(0.00)A(0.00)L(0.00)M(0.00)D(0.00)G(0.00)A(0.00)S(0.00)Q(0.00)L(0.00)M(0.00)G(0.00)E(0.00)N(27.89)R(0.00)	G(0)T(0)A(0)G(0)N(0)A(0)L(0)M(0)D(0)G(0)A(0)S(0)Q(0)L(0)M(0)G(0)E(0)N(8)R(0)	33.871628	12	0	0	21.653105	7	27.886644	8	0	0	0	FALSE	FALSE	FALSE	sp|P02675|FIBB_HUMAN	P02675	FIBB_HUMAN	FGB	Fibrinogen beta chain		tr|D6REL8|D6REL8_HUMAN	39520	3605.194	39751	3580.654	3665.4773	21.413	32
240419_ES_R00006_MG_c00001_SA_NPB_3_i2.39549.39549.4	D:\SHARE\Tim\25-12-03_GD_Dataset\GD_dataset\NPB_3_i2\interact.pep.xml	GTAGNALMDGASQLMGENR	GTAGNALMDGASQLMGEN[2028]R	QISVNKYR.GTAGNALMDGASQLMGENR.TMTIHNGM	R	T	19	4	3588.76	3805.5342	3805.5327	952.3908	952.3905	3805.5286	952.3894	0.0042	6.70E-13	48.501	20.139	1	0	2	0	377	395	486553664	18N(1913.6770)	NA	HexNAc(4)Hex(5)NeuAc(1) % 1913.6770	3.63	0	GTAGNALMDGASQLMGEnR	G(0.00)T(0.00)A(0.00)G(0.00)N(0.00)A(0.00)L(0.00)M(0.00)D(0.00)G(0.00)A(0.00)S(0.00)Q(0.00)L(0.00)M(0.00)G(0.00)E(0.00)N(48.50)R(0.00)	N18	1	G(0.00)T(0.00)A(0.00)G(0.00)N(0.00)A(0.00)L(0.00)M(0.00)D(0.00)G(0.00)A(0.00)S(0.00)Q(0.00)L(0.00)M(0.00)G(0.00)E(0.00)N(36.24)R(0.00)	G(0)T(0)A(0)G(0)N(0)A(0)L(0)M(0)D(0)G(0)A(0)S(0)Q(0)L(0)M(0)G(0)E(0)N(11)R(0)	48.501892	18	0	0	25.317211	9	36.24421	11	0	0	0	FALSE	FALSE	FALSE	sp|P02675|FIBB_HUMAN	P02675	FIBB_HUMAN	FGB	Fibrinogen beta chain		tr|D6REL8|D6REL8_HUMAN	39520	3605.194	39751	3580.654	3672.756	21.413	36
240419_ES_R00006_MG_c00001_SA_NPB_3_i2.39557.39557.4	D:\SHARE\Tim\25-12-03_GD_Dataset\GD_dataset\NPB_3_i2\interact.pep.xml	NNATVHEQVGGPSLTSDLQAQSK	NN[2975]ATVHEQVGGPSLTSDLQAQSK	VYDDGEEK.NNATVHEQVGGPSLTSDLQAQSK.GNPEQTPV	K	G	23	4	3589.85	5241.176	5241.1797	1311.3013	1311.3022	5241.1621	1311.2979	0.0178	0.002418244	18.966	5.514	0.9997	0	2	0	85	107	0	2N(2861.0000)	NA	HexNAc(5)Hex(6)NeuAc(3) % 2861.0000	4.29	0	NnATVHEQVGGPSLTSDLQAQSK	N(0.00)N(18.97)A(0.00)T(0.00)V(0.00)H(0.00)E(0.00)Q(0.00)V(0.00)G(0.00)G(0.00)P(0.00)S(0.00)L(0.00)T(0.00)S(0.00)D(0.00)L(0.00)Q(0.00)A(0.00)Q(0.00)S(0.00)K(0.00)	N2	1	N(0.00)N(6.59)A(0.00)T(0.00)V(0.00)H(0.00)E(0.00)Q(0.00)V(0.00)G(0.00)G(0.00)P(0.00)S(0.00)L(0.00)T(0.00)S(0.00)D(0.00)L(0.00)Q(0.00)A(0.00)Q(0.00)S(0.00)K(0.00)	N(0)N(0)A(0)T(0)V(0)H(0)E(0)Q(0)V(0)G(0)G(0)P(0)S(0)L(0)T(0)S(0)D(0)L(0)Q(0)A(0)Q(0)S(0)K(0)	18.966301	6	0	0	18.966301	6	6.5885744	0	0	0	0	FALSE	FALSE	FALSE	sp|P04004|VTNC_HUMAN	P04004	VTNC_HUMAN	VTN	Vitronectin		tr|F5GX75|F5GX75_HUMAN	39520	0	0	0	0	0	0
240419_ES_R00006_MG_c00001_SA_NPB_3_i2.39584.39584.4	D:\SHARE\Tim\25-12-03_GD_Dataset\GD_dataset\NPB_3_i2\interact.pep.xml	NNATVHEQVGGPSLTSDLQAQSK	NN[2028]ATVHEQVGGPSLTSDLQAQSK	VYDDGEEK.NNATVHEQVGGPSLTSDLQAQSK.GNPEQTPV	K	G	23	4	3592.4949	4294.8623	4294.846	1074.7229	1074.7188	4293.8389	1074.467	1.0073	4.28E-05	26.973	9.361	0.9997	0	2	0	85	107	12483209	2N(1913.6770)	NA	HexNAc(4)Hex(5)NeuAc(1) % 1913.6770	3.71	0	NnATVHEQVGGPSLTSDLQAQSK	N(0.00)N(26.83)A(0.00)T(0.00)V(0.00)H(0.00)E(0.00)Q(0.00)V(0.00)G(0.00)G(0.00)P(0.00)S(0.00)L(0.00)T(0.00)S(0.00)D(0.00)L(0.00)Q(0.00)A(0.00)Q(0.00)S(0.00)K(0.00)	N2	1	N(0.00)N(13.26)A(0.00)T(0.00)V(0.00)H(0.00)E(0.00)Q(0.00)V(0.00)G(0.00)G(0.00)P(0.00)S(0.00)L(0.00)T(0.00)S(0.00)D(0.00)L(0.00)Q(0.00)A(0.00)Q(0.00)S(0.00)K(0.00)	N(0)N(1)A(0)T(0)V(0)H(0)E(0)Q(0)V(0)G(0)G(0)P(0)S(0)L(0)T(0)S(0)D(0)L(0)Q(0)A(0)Q(0)S(0)K(0)	26.831097	7	0	0	26.973747	7	13.262206	1	0	0	0	FALSE	FALSE	FALSE	sp|P04004|VTNC_HUMAN	P04004	VTNC_HUMAN	VTN	Vitronectin		tr|F5GX75|F5GX75_HUMAN	39546	3583.4521	39478	3491.7832	3767.3362	16.975	121
240419_ES_R00006_MG_c00001_SA_NPB_3_i2.39594.39594.3	D:\SHARE\Tim\25-12-03_GD_Dataset\GD_dataset\NPB_3_i2\interact.pep.xml	NFTENDLLVR	N[2319]FTENDLLVR	LLYPPWDK.NFTENDLLVR.IGKHSRTR	K	I	10	3	3593.414	3424.3938	3424.3892	1142.4719	1142.4703	3424.3921	1142.4713	-0.0029	0.03156821	13.503	0	0.9833	0.000230947	2	0	416	425	0	1N(2204.7725)	NA	HexNAc(4)Hex(5)NeuAc(2) % 2204.7724	4.61	0	nFTENDLLVR	N(13.50)F(0.00)T(0.00)E(0.00)N(0.00)D(0.00)L(0.00)L(0.00)V(0.00)R(0.00)	N1	1	N(6.42)F(0.00)T(0.00)E(0.00)N(0.00)D(0.00)L(0.00)L(0.00)V(0.00)R(0.00)	N(0)F(0)T(0)E(0)N(0)D(0)L(0)L(0)V(0)R(0)	13.503563	4	0	0	13.503563	4	6.4156632	0	0	0	0	FALSE	FALSE	FALSE	sp|P00734|THRB_HUMAN	P00734	THRB_HUMAN	F2	Prothrombin		tr|E9PIT3|E9PIT3_HUMAN	39546	0	0	0	0	0	0
240419_ES_R00006_MG_c00001_SA_NPB_3_i2.39666.39666.4	D:\SHARE\Tim\25-12-03_GD_Dataset\GD_dataset\NPB_3_i2\interact.pep.xml	NNATVHEQVGGPSLTSDLQAQSK	NN[2319]ATVHEQVGGPSLTSDLQAQSK	VYDDGEEK.NNATVHEQVGGPSLTSDLQAQSK.GNPEQTPV	K	G	23	4	3598.8696	4585.9526	4585.9375	1147.4954	1147.4917	4584.9346	1147.241	1.0032	4.54E-10	44.873	14.1	1	0	2	0	85	107	48982504	2N(2204.7725)	NA	HexNAc(4)Hex(5)NeuAc(2) % 2204.7724	7.33	0	NnATVHEQVGGPSLTSDLQAQSK	N(0.00)N(41.90)A(0.00)T(0.00)V(0.00)H(0.00)E(0.00)Q(0.00)V(0.00)G(0.00)G(0.00)P(0.00)S(0.00)L(0.00)T(0.00)S(0.00)D(0.00)L(0.00)Q(0.00)A(0.00)Q(0.00)S(0.00)K(0.00)	N2	1	N(0.00)N(12.93)A(0.00)T(0.00)V(0.00)H(0.00)E(0.00)Q(0.00)V(0.00)G(0.00)G(0.00)P(0.00)S(0.00)L(0.00)T(0.00)S(0.00)D(0.00)L(0.00)Q(0.00)A(0.00)Q(0.00)S(0.00)K(0.00)	N(0)N(2)A(0)T(0)V(0)H(0)E(0)Q(0)V(0)G(0)G(0)P(0)S(0)L(0)T(0)S(0)D(0)L(0)Q(0)A(0)Q(0)S(0)K(0)	41.902935	14	0	0	44.873116	16	12.933357	2	0	0	0	FALSE	FALSE	FALSE	sp|P04004|VTNC_HUMAN	P04004	VTNC_HUMAN	VTN	Vitronectin		tr|F5GX75|F5GX75_HUMAN	39635	3577.6711	39403	3472.8071	4187.8984	3.232	317
240419_ES_R00006_MG_c00001_SA_NPB_3_i2.39673.39673.4	D:\SHARE\Tim\25-12-03_GD_Dataset\GD_dataset\NPB_3_i2\interact.pep.xml	NNATVHEQVGGPSLTSDLQAQSK	NN[2028]ATVHEQVGGPSLTSDLQAQSK	VYDDGEEK.NNATVHEQVGGPSLTSDLQAQSK.GNPEQTPV	K	G	23	4	3599.3528	4293.845	4293.84	1074.4685	1074.4673	4293.8389	1074.467	9.00E-04	0.000279415	26.715	13.784	1	0	2	0	85	107	6188795	2N(1913.6770)	NA	HexNAc(4)Hex(5)NeuAc(1) % 1913.6770	4.95	0	NnATVHEQVGGPSLTSDLQAQSK	N(0.00)N(25.47)A(0.00)T(0.00)V(0.00)H(0.00)E(0.00)Q(0.00)V(0.00)G(0.00)G(0.00)P(0.00)S(0.00)L(0.00)T(0.00)S(0.00)D(0.00)L(0.00)Q(0.00)A(0.00)Q(0.00)S(0.00)K(0.00)	N2	1	N(0.00)N(10.10)A(0.00)T(0.00)V(0.00)H(0.00)E(0.00)Q(0.00)V(0.00)G(0.00)G(0.00)P(0.00)S(0.00)L(0.00)T(0.00)S(0.00)D(0.00)L(0.00)Q(0.00)A(0.00)Q(0.00)S(0.00)K(0.00)	N(0)N(0)A(0)T(0)V(0)H(0)E(0)Q(0)V(0)G(0)G(0)P(0)S(0)L(0)T(0)S(0)D(0)L(0)Q(0)A(0)Q(0)S(0)K(0)	25.47317	7	0	0	26.715015	8	10.101328	0	0	0	0	FALSE	FALSE	FALSE	sp|P04004|VTNC_HUMAN	P04004	VTNC_HUMAN	VTN	Vitronectin		tr|F5GX75|F5GX75_HUMAN	39635	3586.5322	39520	3513.4192	3767.3362	8.923	108
240419_ES_R00006_MG_c00001_SA_NPB_3_i2.39693.39693.5	D:\SHARE\Tim\25-12-03_GD_Dataset\GD_dataset\NPB_3_i2\interact.pep.xml	GTAGNALMDGASQLMGENR	GTAGNALMDGASQLMGEN[2028]R	QISVNKYR.GTAGNALMDGASQLMGENR.TMTIHNGM	R	T	19	5	3600.73	3805.5376	3805.5303	762.1148	762.1133	3805.5286	762.113	0.0017	4.55E-10	34.737	14.173	1	0	2	0	377	395	6798992.5	18N(1913.6770)	NA	HexNAc(4)Hex(5)NeuAc(1) % 1913.6770	3.4	0	GTAGNALMDGASQLMGEnR	G(0.00)T(0.00)A(0.00)G(0.00)N(0.00)A(0.00)L(0.00)M(0.00)D(0.00)G(0.00)A(0.00)S(0.00)Q(0.00)L(0.00)M(0.00)G(0.00)E(0.00)N(34.74)R(0.00)	N18	1	G(0.00)T(0.00)A(0.00)G(0.00)N(0.00)A(0.00)L(0.00)M(0.00)D(0.00)G(0.00)A(0.00)S(0.00)Q(0.00)L(0.00)M(0.00)G(0.00)E(0.00)N(30.66)R(0.00)	G(0)T(0)A(0)G(0)N(0)A(0)L(0)M(0)D(0)G(0)A(0)S(0)Q(0)L(0)M(0)G(0)E(0)N(8)R(0)	34.73771	10	0	0	17.077282	3	30.656544	8	0	0	0	FALSE	FALSE	FALSE	sp|P02675|FIBB_HUMAN	P02675	FIBB_HUMAN	FGB	Fibrinogen beta chain		tr|D6REL8|D6REL8_HUMAN	39635	3607.0623	39776	3594.3362	3625.8323	16.564001	9
240419_ES_R00006_MG_c00001_SA_NPB_3_i2.39991.39991.4	D:\SHARE\Tim\25-12-03_GD_Dataset\GD_dataset\NPB_3_i2\interact.pep.xml	NSVLNSSTAEHSSPYSEDPIEDPLQPDVTGIR	NSVLN[2028]SSTAEHSSPYSEDPIEDPLQPDVTGIR	PLRHLIGK.NSVLNSSTAEHSSPYSEDPIEDPLQPDVTGIR.LLSLGAGE	K	L	32	4	3624.0513	5367.3374	5367.3447	1342.8416	1342.8435	5367.2939	1342.8308	0.0507	0.003681289	17.236	0	0.9995	0	2	0	817	848	17165198	5N(1913.6770)	NA	HexNAc(4)Hex(5)NeuAc(1) % 1913.6770	0.75	0	NSVLnSSTAEHSSPYSEDPIEDPLQPDVTGIR	N(0.00)S(0.00)V(0.00)L(0.00)N(17.24)S(0.00)S(0.00)T(0.00)A(0.00)E(0.00)H(0.00)S(0.00)S(0.00)P(0.00)Y(0.00)S(0.00)E(0.00)D(0.00)P(0.00)I(0.00)E(0.00)D(0.00)P(0.00)L(0.00)Q(0.00)P(0.00)D(0.00)V(0.00)T(0.00)G(0.00)I(0.00)R(0.00)	N5	1	N(0.00)S(0.00)V(0.00)L(0.00)N(1.73)S(0.00)S(0.00)T(0.00)A(0.00)E(0.00)H(0.00)S(0.00)S(0.00)P(0.00)Y(0.00)S(0.00)E(0.00)D(0.00)P(0.00)I(0.00)E(0.00)D(0.00)P(0.00)L(0.00)Q(0.00)P(0.00)D(0.00)V(0.00)T(0.00)G(0.00)I(0.00)R(0.00)	N(0)S(0)V(0)L(0)N(0)S(0)S(0)T(0)A(0)E(0)H(0)S(0)S(0)P(0)Y(0)S(0)E(0)D(0)P(0)I(0)E(0)D(0)P(0)L(0)Q(0)P(0)D(0)V(0)T(0)G(0)I(0)R(0)	17.236273	8	0	0	17.236273	8	1.730593	0	0	0	0	FALSE	FALSE	FALSE	sp|P12259|FA5_HUMAN	P12259	FA5_HUMAN	F5	Coagulation factor V		tr|A0A0A0MRJ7|A0A0A0MRJ7_HUMAN	39963	3628.883	40058	3613.0532	3643.5022	21.864	9
240419_ES_R00006_MG_c00001_SA_NPB_3_i2.40183.40183.3	D:\SHARE\Tim\25-12-03_GD_Dataset\GD_dataset\NPB_3_i2\interact.pep.xml	NGSLFAFR	N[2319]GSLFAFR	FDAFTDLK.NGSLFAFR.GQYCYELD	K	G	8	3	3638.7583	3115.2402	3115.2385	1039.4207	1039.4201	3115.2385	1039.42	0	0.000265308	20.805	0	1	0	2	0	169	176	31830344	1N(2204.7725)	NA	HexNAc(4)Hex(5)NeuAc(2) % 2204.7724	11.18	0	nGSLFAFR	N(20.81)G(0.00)S(0.00)L(0.00)F(0.00)A(0.00)F(0.00)R(0.00)	N1	1	N(10.41)G(0.00)S(0.00)L(0.00)F(0.00)A(0.00)F(0.00)R(0.00)	N(0)G(0)S(0)L(0)F(0)A(0)F(0)R(0)	20.805569	5	0	0	20.805569	5	10.414915	0	0	0	0	FALSE	FALSE	TRUE	sp|P04004|VTNC_HUMAN	P04004	VTNC_HUMAN	VTN	Vitronectin			40146	3628.883	40058	3421.6292	4056.7163	28.201002	290
240419_ES_R00006_MG_c00001_SA_NPB_3_i2.40220.40220.4	D:\SHARE\Tim\25-12-03_GD_Dataset\GD_dataset\NPB_3_i2\interact.pep.xml	NSVLNSSTAEHSSPYSEDPIEDPLQPDVTGIR	NSVLN[2028]SSTAEHSSPYSEDPIEDPLQPDVTGIR	PLRHLIGK.NSVLNSSTAEHSSPYSEDPIEDPLQPDVTGIR.LLSLGAGE	K	L	32	4	3641.4731	5368.1924	5368.199	1343.0554	1343.057	5367.2939	1342.8308	0.9052	0.1193988	11.192	0	0.9484	0.000230947	2	0	817	848	17165198	5N(1913.6770)	NA	HexNAc(4)Hex(5)NeuAc(1) % 1913.6770	-1.56	0.001120448	NSVLnSSTAEHSSPYSEDPIEDPLQPDVTGIR	N(0.00)S(0.00)V(0.00)L(0.00)N(11.19)S(0.00)S(0.00)T(0.00)A(0.00)E(0.00)H(0.00)S(0.00)S(0.00)P(0.00)Y(0.00)S(0.00)E(0.00)D(0.00)P(0.00)I(0.00)E(0.00)D(0.00)P(0.00)L(0.00)Q(0.00)P(0.00)D(0.00)V(0.00)T(0.00)G(0.00)I(0.00)R(0.00)	N5	1	N(0.00)S(0.00)V(0.00)L(0.00)N(0.00)S(0.00)S(0.00)T(0.00)A(0.00)E(0.00)H(0.00)S(0.00)S(0.00)P(0.00)Y(0.00)S(0.00)E(0.00)D(0.00)P(0.00)I(0.00)E(0.00)D(0.00)P(0.00)L(0.00)Q(0.00)P(0.00)D(0.00)V(0.00)T(0.00)G(0.00)I(0.00)R(0.00)	N(0)S(0)V(0)L(0)N(0)S(0)S(0)T(0)A(0)E(0)H(0)S(0)S(0)P(0)Y(0)S(0)E(0)D(0)P(0)I(0)E(0)D(0)P(0)L(0)Q(0)P(0)D(0)V(0)T(0)G(0)I(0)R(0)	11.19256	6	0	0	11.19256	6	0	0	0	0	0	FALSE	FALSE	FALSE	sp|P12259|FA5_HUMAN	P12259	FA5_HUMAN	F5	Coagulation factor V		tr|A0A0A0MRJ7|A0A0A0MRJ7_HUMAN	40181	3628.883	40058	3613.0532	3658.5671	21.864	11
240419_ES_R00006_MG_c00001_SA_NPB_3_i2.40257.40257.3	D:\SHARE\Tim\25-12-03_GD_Dataset\GD_dataset\NPB_3_i2\interact.pep.xml	NNATVHEQVGGPSLTSDLQAQSK	NN[2319]ATVHEQVGGPSLTSDLQAQSK	VYDDGEEK.NNATVHEQVGGPSLTSDLQAQSK.GNPEQTPV	K	G	23	3	3644.2026	4584.948	4584.9517	1529.3233	1529.3245	4584.9346	1529.3188	0.0173	1.47E-08	22.888	9.756	1	0	2	0	85	107	0	2N(2204.7725)	NA	HexNAc(4)Hex(5)NeuAc(2) % 2204.7724	2.6	0	NnATVHEQVGGPSLTSDLQAQSK	N(0.00)N(19.74)A(0.00)T(0.00)V(0.00)H(0.00)E(0.00)Q(0.00)V(0.00)G(0.00)G(0.00)P(0.00)S(0.00)L(0.00)T(0.00)S(0.00)D(0.00)L(0.00)Q(0.00)A(0.00)Q(0.00)S(0.00)K(0.00)	N2	1	N(0.00)N(5.89)A(0.00)T(0.00)V(0.00)H(0.00)E(0.00)Q(0.00)V(0.00)G(0.00)G(0.00)P(0.00)S(0.00)L(0.00)T(0.00)S(0.00)D(0.00)L(0.00)Q(0.00)A(0.00)Q(0.00)S(0.00)K(0.00)	N(0)N(0)A(0)T(0)V(0)H(0)E(0)Q(0)V(0)G(0)G(0)P(0)S(0)L(0)T(0)S(0)D(0)L(0)Q(0)A(0)Q(0)S(0)K(0)	19.739384	7	0	0	22.88861	9	5.8867707	0	0	0	0	FALSE	FALSE	FALSE	sp|P04004|VTNC_HUMAN	P04004	VTNC_HUMAN	VTN	Vitronectin		tr|F5GX75|F5GX75_HUMAN	40217	0	0	0	0	0	0
240419_ES_R00006_MG_c00001_SA_NPB_3_i2.40338.40338.4	D:\SHARE\Tim\25-12-03_GD_Dataset\GD_dataset\NPB_3_i2\interact.pep.xml	NNATVHEQVGGPSLTSDLQAQSK	NN[2975]ATVHEQVGGPSLTSDLQAQSK	VYDDGEEK.NNATVHEQVGGPSLTSDLQAQSK.GNPEQTPV	K	G	23	4	3650.3003	5241.1855	5241.2	1311.3037	1311.3073	5241.1621	1311.2979	0.0383	0.01666288	15.613	6.257	0.9934	0	2	0	85	107	0	2N(2861.0000)	NA	HexNAc(5)Hex(6)NeuAc(3) % 2861.0000	3.56	0	NnATVHEQVGGPSLTSDLQAQSK	N(0.00)N(15.61)A(0.00)T(0.00)V(0.00)H(0.00)E(0.00)Q(0.00)V(0.00)G(0.00)G(0.00)P(0.00)S(0.00)L(0.00)T(0.00)S(0.00)D(0.00)L(0.00)Q(0.00)A(0.00)Q(0.00)S(0.00)K(0.00)	N2	1	N(0.00)N(6.58)A(0.00)T(0.00)V(0.00)H(0.00)E(0.00)Q(0.00)V(0.00)G(0.00)G(0.00)P(0.00)S(0.00)L(0.00)T(0.00)S(0.00)D(0.00)L(0.00)Q(0.00)A(0.00)Q(0.00)S(0.00)K(0.00)	N(0)N(0)A(0)T(0)V(0)H(0)E(0)Q(0)V(0)G(0)G(0)P(0)S(0)L(0)T(0)S(0)D(0)L(0)Q(0)A(0)Q(0)S(0)K(0)	15.61359	5	0	0	15.61359	5	6.5760794	0	0	0	0	FALSE	FALSE	FALSE	sp|P04004|VTNC_HUMAN	P04004	VTNC_HUMAN	VTN	Vitronectin		tr|F5GX75|F5GX75_HUMAN	40307	0	0	0	0	0	0
240419_ES_R00006_MG_c00001_SA_NPB_3_i2.40339.40339.3	D:\SHARE\Tim\25-12-03_GD_Dataset\GD_dataset\NPB_3_i2\interact.pep.xml	NNATVHEQVGGPSLTSDLQAQSK	NN[2319]ATVHEQVGGPSLTSDLQAQSK	VYDDGEEK.NNATVHEQVGGPSLTSDLQAQSK.GNPEQTPV	K	G	23	3	3650.3718	4585.9326	4585.9414	1529.6515	1529.6544	4584.9346	1529.3188	1.0071	0.003597495	20.276	0	0.9978	0	2	0	85	107	0	2N(2204.7725)	NA	HexNAc(4)Hex(5)NeuAc(2) % 2204.7724	4.43	0	NnATVHEQVGGPSLTSDLQAQSK	N(0.00)N(20.28)A(0.00)T(0.00)V(0.00)H(0.00)E(0.00)Q(0.00)V(0.00)G(0.00)G(0.00)P(0.00)S(0.00)L(0.00)T(0.00)S(0.00)D(0.00)L(0.00)Q(0.00)A(0.00)Q(0.00)S(0.00)K(0.00)	N2	1	N(0.00)N(11.60)A(0.00)T(0.00)V(0.00)H(0.00)E(0.00)Q(0.00)V(0.00)G(0.00)G(0.00)P(0.00)S(0.00)L(0.00)T(0.00)S(0.00)D(0.00)L(0.00)Q(0.00)A(0.00)Q(0.00)S(0.00)K(0.00)	N(0)N(0)A(0)T(0)V(0)H(0)E(0)Q(0)V(0)G(0)G(0)P(0)S(0)L(0)T(0)S(0)D(0)L(0)Q(0)A(0)Q(0)S(0)K(0)	20.276327	4	0	0	20.276327	4	11.603447	0	0	0	0	FALSE	FALSE	FALSE	sp|P04004|VTNC_HUMAN	P04004	VTNC_HUMAN	VTN	Vitronectin		tr|F5GX75|F5GX75_HUMAN	40307	0	0	0	0	0	0
240419_ES_R00006_MG_c00001_SA_NPB_3_i2.40360.40360.4	D:\SHARE\Tim\25-12-03_GD_Dataset\GD_dataset\NPB_3_i2\interact.pep.xml	NNATVHEQVGGPSLTSDLQAQSK	NN[2319]ATVHEQVGGPSLTSDLQAQSK	VYDDGEEK.NNATVHEQVGGPSLTSDLQAQSK.GNPEQTPV	K	G	23	4	3651.9707	4584.943	4584.9355	1147.243	1147.2412	4584.9346	1147.241	0.0012	1.07E-07	25.762	13.532	1	0	2	0	85	107	47282292	2N(2204.7725)	NA	HexNAc(4)Hex(5)NeuAc(2) % 2204.7724	6.64	0	NnATVHEQVGGPSLTSDLQAQSK	N(0.00)N(25.76)A(0.00)T(0.00)V(0.00)H(0.00)E(0.00)Q(0.00)V(0.00)G(0.00)G(0.00)P(0.00)S(0.00)L(0.00)T(0.00)S(0.00)D(0.00)L(0.00)Q(0.00)A(0.00)Q(0.00)S(0.00)K(0.00)	N2	1	N(0.00)N(10.41)A(0.00)T(0.00)V(0.00)H(0.00)E(0.00)Q(0.00)V(0.00)G(0.00)G(0.00)P(0.00)S(0.00)L(0.00)T(0.00)S(0.00)D(0.00)L(0.00)Q(0.00)A(0.00)Q(0.00)S(0.00)K(0.00)	N(0)N(0)A(0)T(0)V(0)H(0)E(0)Q(0)V(0)G(0)G(0)P(0)S(0)L(0)T(0)S(0)D(0)L(0)Q(0)A(0)Q(0)S(0)K(0)	25.762806	7	0	0	25.762806	7	10.405113	0	0	0	0	FALSE	FALSE	FALSE	sp|P04004|VTNC_HUMAN	P04004	VTNC_HUMAN	VTN	Vitronectin		tr|F5GX75|F5GX75_HUMAN	40335	3633.9392	40122	3472.8071	4197.68	3.232	323
240419_ES_R00006_MG_c00001_SA_NPB_3_i2.40361.40361.4	D:\SHARE\Tim\25-12-03_GD_Dataset\GD_dataset\NPB_3_i2\interact.pep.xml	NNATVHEQVGGPSLTSDLQAQSK	NN[2975]ATVHEQVGGPSLTSDLQAQSK	VYDDGEEK.NNATVHEQVGGPSLTSDLQAQSK.GNPEQTPV	K	G	23	4	3652.0828	5241.175	5241.1997	1311.301	1311.3072	5241.1621	1311.2979	0.0378	0.03868121	13.15	0	0.9898	0.000139101	2	0	85	107	10952289	2N(2861.0000)	NA	HexNAc(5)Hex(6)NeuAc(3) % 2861.0000	2.57	0	NnATVHEQVGGPSLTSDLQAQSK	N(0.00)N(13.15)A(0.00)T(0.00)V(0.00)H(0.00)E(0.00)Q(0.00)V(0.00)G(0.00)G(0.00)P(0.00)S(0.00)L(0.00)T(0.00)S(0.00)D(0.00)L(0.00)Q(0.00)A(0.00)Q(0.00)S(0.00)K(0.00)	N2	1	N(0.00)N(7.60)A(0.00)T(0.00)V(0.00)H(0.00)E(0.00)Q(0.00)V(0.00)G(0.00)G(0.00)P(0.00)S(0.00)L(0.00)T(0.00)S(0.00)D(0.00)L(0.00)Q(0.00)A(0.00)Q(0.00)S(0.00)K(0.00)	N(0)N(0)A(0)T(0)V(0)H(0)E(0)Q(0)V(0)G(0)G(0)P(0)S(0)L(0)T(0)S(0)D(0)L(0)Q(0)A(0)Q(0)S(0)K(0)	13.1507225	3	0	0	13.1507225	3	7.5981107	0	0	0	0	FALSE	FALSE	FALSE	sp|P04004|VTNC_HUMAN	P04004	VTNC_HUMAN	VTN	Vitronectin		tr|F5GX75|F5GX75_HUMAN	40335	3656.4192	40417	3603.8242	3667.9521	9.229	26
240419_ES_R00006_MG_c00001_SA_NPB_3_i2.40489.40489.3	D:\SHARE\Tim\25-12-03_GD_Dataset\GD_dataset\NPB_3_i2\interact.pep.xml	NNATVHEQVGGPSLTSDLQAQSK	NN[2028]ATVHEQVGGPSLTSDLQAQSK	VYDDGEEK.NNATVHEQVGGPSLTSDLQAQSK.GNPEQTPV	K	G	23	3	3662.4412	4294.8594	4294.8555	1432.6271	1432.6258	4293.8389	1432.287	1.0166	0.0562346	15.271	13.497	0.8882	0.000230947	2	0	85	107	0	2N(1913.6770)	NA	HexNAc(4)Hex(5)NeuAc(1) % 1913.6770	2.13	0	NnATVHEQVGGPSLTSDLQAQSK	N(0.00)N(15.27)A(0.00)T(0.00)V(0.00)H(0.00)E(0.00)Q(0.00)V(0.00)G(0.00)G(0.00)P(0.00)S(0.00)L(0.00)T(0.00)S(0.00)D(0.00)L(0.00)Q(0.00)A(0.00)Q(0.00)S(0.00)K(0.00)	N2	1	N(0.00)N(9.32)A(0.00)T(0.00)V(0.00)H(0.00)E(0.00)Q(0.00)V(0.00)G(0.00)G(0.00)P(0.00)S(0.00)L(0.00)T(0.00)S(0.00)D(0.00)L(0.00)Q(0.00)A(0.00)Q(0.00)S(0.00)K(0.00)	N(0)N(0)A(0)T(0)V(0)H(0)E(0)Q(0)V(0)G(0)G(0)P(0)S(0)L(0)T(0)S(0)D(0)L(0)Q(0)A(0)Q(0)S(0)K(0)	15.27148	3	0	0	15.27148	3	9.324137	0	0	0	0	FALSE	FALSE	FALSE	sp|P04004|VTNC_HUMAN	P04004	VTNC_HUMAN	VTN	Vitronectin		tr|F5GX75|F5GX75_HUMAN	40446	0	0	0	0	0	0
240419_ES_R00006_MG_c00001_SA_NPB_3_i2.40510.40510.4	D:\SHARE\Tim\25-12-03_GD_Dataset\GD_dataset\NPB_3_i2\interact.pep.xml	NNATVHEQVGGPSLTSDLQAQSK	NN[2028]ATVHEQVGGPSLTSDLQAQSK	VYDDGEEK.NNATVHEQVGGPSLTSDLQAQSK.GNPEQTPV	K	G	23	4	3663.9126	4293.833	4293.8394	1074.4655	1074.4671	4293.8389	1074.467	4.00E-04	2.59E-07	29.114	14.235	1	0	2	0	85	107	5872046	2N(1913.6770)	NA	HexNAc(4)Hex(5)NeuAc(1) % 1913.6770	6.08	0	NnATVHEQVGGPSLTSDLQAQSK	N(0.00)N(26.55)A(0.00)T(0.00)V(0.00)H(0.00)E(0.00)Q(0.00)V(0.00)G(0.00)G(0.00)P(0.00)S(0.00)L(0.00)T(0.00)S(0.00)D(0.00)L(0.00)Q(0.00)A(0.00)Q(0.00)S(0.00)K(0.00)	N2	1	N(0.00)N(11.20)A(0.00)T(0.00)V(0.00)H(0.00)E(0.00)Q(0.00)V(0.00)G(0.00)G(0.00)P(0.00)S(0.00)L(0.00)T(0.00)S(0.00)D(0.00)L(0.00)Q(0.00)A(0.00)Q(0.00)S(0.00)K(0.00)	N(0)N(1)A(0)T(0)V(0)H(0)E(0)Q(0)V(0)G(0)G(0)P(0)S(0)L(0)T(0)S(0)D(0)L(0)Q(0)A(0)Q(0)S(0)K(0)	26.552588	8	0	0	29.114672	10	11.196285	1	0	0	0	FALSE	FALSE	FALSE	sp|P04004|VTNC_HUMAN	P04004	VTNC_HUMAN	VTN	Vitronectin		tr|F5GX75|F5GX75_HUMAN	40478	3667.9521	40564	3510.9941	3767.3362	11.348001	109
240419_ES_R00006_MG_c00001_SA_NPB_3_i2.40590.40590.4	D:\SHARE\Tim\25-12-03_GD_Dataset\GD_dataset\NPB_3_i2\interact.pep.xml	NNATVHEQVGGPSLTSDLQAQSK	NN[2028]ATVHEQVGGPSLTSDLQAQSK	VYDDGEEK.NNATVHEQVGGPSLTSDLQAQSK.GNPEQTPV	K	G	23	4	3669.9968	4293.854	4293.8394	1074.4708	1074.4671	4293.8389	1074.467	4.00E-04	8.64E-05	26.754	0	1	0	2	0	85	107	5872046	2N(1913.6770)	NA	HexNAc(4)Hex(5)NeuAc(1) % 1913.6770	5.63	0	NnATVHEQVGGPSLTSDLQAQSK	N(0.00)N(25.49)A(0.00)T(0.00)V(0.00)H(0.00)E(0.00)Q(0.00)V(0.00)G(0.00)G(0.00)P(0.00)S(0.00)L(0.00)T(0.00)S(0.00)D(0.00)L(0.00)Q(0.00)A(0.00)Q(0.00)S(0.00)K(0.00)	N2	1	N(0.00)N(10.13)A(0.00)T(0.00)V(0.00)H(0.00)E(0.00)Q(0.00)V(0.00)G(0.00)G(0.00)P(0.00)S(0.00)L(0.00)T(0.00)S(0.00)D(0.00)L(0.00)Q(0.00)A(0.00)Q(0.00)S(0.00)K(0.00)	N(0)N(0)A(0)T(0)V(0)H(0)E(0)Q(0)V(0)G(0)G(0)P(0)S(0)L(0)T(0)S(0)D(0)L(0)Q(0)A(0)Q(0)S(0)K(0)	25.487885	7	0	0	26.754833	8	10.1324215	0	0	0	0	FALSE	FALSE	FALSE	sp|P04004|VTNC_HUMAN	P04004	VTNC_HUMAN	VTN	Vitronectin		tr|F5GX75|F5GX75_HUMAN	40564	3667.9521	40564	3510.9941	3767.3362	11.348001	109
240419_ES_R00006_MG_c00001_SA_NPB_3_i2.40665.40665.4	D:\SHARE\Tim\25-12-03_GD_Dataset\GD_dataset\NPB_3_i2\interact.pep.xml	QQQHLFGSNVTDCSGNFCLFR	QQQHLFGSN[2028]VTDCSGNFCLFR	ACVHKILR.QQQHLFGSNVTDCSGNFCLFR.SETKDLLF	R	S	21	4	3675.4626	4427.7954	4427.7896	1107.9561	1107.9547	4427.7939	1107.9558	-0.0044	0.440048	10.926	8.134	0.8691	0.000230947	2	0	622	642	7633291.5	"9N(1913.6770),13C(57.0215),18C(57.0215)"	NA	HexNAc(4)Hex(5)NeuAc(1) % 1913.6770	3.46	0	QQQHLFGSnVTDCSGNFCLFR	Q(0.00)Q(0.00)Q(0.00)H(0.00)L(0.00)F(0.00)G(0.00)S(0.00)N(10.93)V(0.00)T(0.00)D(0.00)C(0.00)S(0.00)G(0.00)N(0.00)F(0.00)C(0.00)L(0.00)F(0.00)R(0.00)	N9	1	Q(0.00)Q(0.00)Q(0.00)H(0.00)L(0.00)F(0.00)G(0.00)S(0.00)N(5.86)V(0.00)T(0.00)D(0.00)C(0.00)S(0.00)G(0.00)N(0.00)F(0.00)C(0.00)L(0.00)F(0.00)R(0.00)	Q(0)Q(0)Q(0)H(0)L(0)F(0)G(0)S(0)N(0)V(0)T(0)D(0)C(0)S(0)G(0)N(0)F(0)C(0)L(0)F(0)R(0)	10.926091	3	0	0	10.926091	3	5.857842	0	0	0	0	FALSE	FALSE	TRUE	sp|P02787|TRFE_HUMAN	P02787	TRFE_HUMAN	TF	Serotransferrin			40629	3656.4192	40417	3641.194	3681.9722	27.443	15
240419_ES_R00006_MG_c00001_SA_NPB_3_i2.40671.40671.3	D:\SHARE\Tim\25-12-03_GD_Dataset\GD_dataset\NPB_3_i2\interact.pep.xml	NNATVHEQVGGPSLTSDLQAQSK	NN[2319]ATVHEQVGGPSLTSDLQAQSK	VYDDGEEK.NNATVHEQVGGPSLTSDLQAQSK.GNPEQTPV	K	G	23	3	3675.8718	4586.96	4586.9443	1529.9939	1529.9887	4584.9346	1529.3188	2.01	0.07188863	12.679	7.732	0.8542	0.000230947	2	0	85	107	9282938	2N(2204.7725)	NA	HexNAc(4)Hex(5)NeuAc(2) % 2204.7724	1.49	0	NnATVHEQVGGPSLTSDLQAQSK	N(0.00)N(12.68)A(0.00)T(0.00)V(0.00)H(0.00)E(0.00)Q(0.00)V(0.00)G(0.00)G(0.00)P(0.00)S(0.00)L(0.00)T(0.00)S(0.00)D(0.00)L(0.00)Q(0.00)A(0.00)Q(0.00)S(0.00)K(0.00)	N2	1	N(0.00)N(4.15)A(0.00)T(0.00)V(0.00)H(0.00)E(0.00)Q(0.00)V(0.00)G(0.00)G(0.00)P(0.00)S(0.00)L(0.00)T(0.00)S(0.00)D(0.00)L(0.00)Q(0.00)A(0.00)Q(0.00)S(0.00)K(0.00)	N(0)N(0)A(0)T(0)V(0)H(0)E(0)Q(0)V(0)G(0)G(0)P(0)S(0)L(0)T(0)S(0)D(0)L(0)Q(0)A(0)Q(0)S(0)K(0)	12.679613	5	0	0	12.679613	5	4.1492114	0	0	0	0	FALSE	FALSE	FALSE	sp|P04004|VTNC_HUMAN	P04004	VTNC_HUMAN	VTN	Vitronectin		tr|F5GX75|F5GX75_HUMAN	40629	3694.1592	40918	3607.0623	3761.1543	41.996002	56
240419_ES_R00006_MG_c00001_SA_NPB_3_i2.40680.40680.4	D:\SHARE\Tim\25-12-03_GD_Dataset\GD_dataset\NPB_3_i2\interact.pep.xml	NNATVHEQVGGPSLTSDLQAQSK	NN[2465]ATVHEQVGGPSLTSDLQAQSK	VYDDGEEK.NNATVHEQVGGPSLTSDLQAQSK.GNPEQTPV	K	G	23	4	3676.5051	4731.0093	4731.0146	1183.7596	1183.7609	4730.9922	1183.7554	0.0225	8.90E-07	14.824	13.93	1	0	2	0	85	107	5617172	2N(2350.8303)	NA	HexNAc(4)Hex(5)Fuc(1)NeuAc(2) % 2350.8303	2.69	0	NnATVHEQVGGPSLTSDLQAQSK	N(0.00)N(14.82)A(0.00)T(0.00)V(0.00)H(0.00)E(0.00)Q(0.00)V(0.00)G(0.00)G(0.00)P(0.00)S(0.00)L(0.00)T(0.00)S(0.00)D(0.00)L(0.00)Q(0.00)A(0.00)Q(0.00)S(0.00)K(0.00)	N2	1	N(0.00)N(8.82)A(0.00)T(0.00)V(0.00)H(0.00)E(0.00)Q(0.00)V(0.00)G(0.00)G(0.00)P(0.00)S(0.00)L(0.00)T(0.00)S(0.00)D(0.00)L(0.00)Q(0.00)A(0.00)Q(0.00)S(0.00)K(0.00)	N(0)N(0)A(0)T(0)V(0)H(0)E(0)Q(0)V(0)G(0)G(0)P(0)S(0)L(0)T(0)S(0)D(0)L(0)Q(0)A(0)Q(0)S(0)K(0)	14.824287	3	0	0	14.824287	3	8.819429	0	0	0	0	FALSE	FALSE	FALSE	sp|P04004|VTNC_HUMAN	P04004	VTNC_HUMAN	VTN	Vitronectin		tr|F5GX75|F5GX75_HUMAN	40629	3694.1592	40918	3643.5022	3718.0962	11.755	23
240419_ES_R00006_MG_c00001_SA_NPB_3_i2.40889.40889.3	D:\SHARE\Tim\25-12-03_GD_Dataset\GD_dataset\NPB_3_i2\interact.pep.xml	NNATVHEQVGGPSLTSDLQAQSK	NN[2028]ATVHEQVGGPSLTSDLQAQSK	VYDDGEEK.NNATVHEQVGGPSLTSDLQAQSK.GNPEQTPV	K	G	23	3	3692.0474	4293.8457	4293.853	1432.2892	1432.2916	4293.8389	1432.287	0.014	0.000275646	16.734	0	1	0	2	0	85	107	0	2N(1913.6770)	NA	HexNAc(4)Hex(5)NeuAc(1) % 1913.6770	2.56	0	NnATVHEQVGGPSLTSDLQAQSK	N(0.00)N(16.73)A(0.00)T(0.00)V(0.00)H(0.00)E(0.00)Q(0.00)V(0.00)G(0.00)G(0.00)P(0.00)S(0.00)L(0.00)T(0.00)S(0.00)D(0.00)L(0.00)Q(0.00)A(0.00)Q(0.00)S(0.00)K(0.00)	N2	1	N(0.00)N(9.09)A(0.00)T(0.00)V(0.00)H(0.00)E(0.00)Q(0.00)V(0.00)G(0.00)G(0.00)P(0.00)S(0.00)L(0.00)T(0.00)S(0.00)D(0.00)L(0.00)Q(0.00)A(0.00)Q(0.00)S(0.00)K(0.00)	N(0)N(1)A(0)T(0)V(0)H(0)E(0)Q(0)V(0)G(0)G(0)P(0)S(0)L(0)T(0)S(0)D(0)L(0)Q(0)A(0)Q(0)S(0)K(0)	16.734528	5	0	0	15.199167	4	9.085138	1	0	0	0	FALSE	FALSE	FALSE	sp|P04004|VTNC_HUMAN	P04004	VTNC_HUMAN	VTN	Vitronectin		tr|F5GX75|F5GX75_HUMAN	40853	0	0	0	0	0	0
240419_ES_R00006_MG_c00001_SA_NPB_3_i2.41016.41016.3	D:\SHARE\Tim\25-12-03_GD_Dataset\GD_dataset\NPB_3_i2\interact.pep.xml	NGSLFAFR	N[2319]GSLFAFR	FDAFTDLK.NGSLFAFR.GQYCYELD	K	G	8	3	3701.293	3115.243	3115.2383	1039.4216	1039.42	3115.2385	1039.42	-2.00E-04	0.000110599	23.325	5.683	1	0	2	0	169	176	17526914	1N(2204.7725)	NA	HexNAc(4)Hex(5)NeuAc(2) % 2204.7724	9.1	0	nGSLFAFR	N(23.33)G(0.00)S(0.00)L(0.00)F(0.00)A(0.00)F(0.00)R(0.00)	N1	1	N(12.34)G(0.00)S(0.00)L(0.00)F(0.00)A(0.00)F(0.00)R(0.00)	N(0)G(0)S(0)L(0)F(0)A(0)F(0)R(0)	23.325815	5	0	0	23.325815	5	12.340834	0	0	0	0	FALSE	FALSE	TRUE	sp|P04004|VTNC_HUMAN	P04004	VTNC_HUMAN	VTN	Vitronectin			40989	3696.371	40948	3424.0151	4059.0833	28.201002	290
240419_ES_R00006_MG_c00001_SA_NPB_3_i2.41159.41159.3	D:\SHARE\Tim\25-12-03_GD_Dataset\GD_dataset\NPB_3_i2\interact.pep.xml	NNATVHEQVGGPSLTSDLQAQSK	NN[2319]ATVHEQVGGPSLTSDLQAQSK	VYDDGEEK.NNATVHEQVGGPSLTSDLQAQSK.GNPEQTPV	K	G	23	3	3712.0037	4584.947	4584.9497	1529.3229	1529.3238	4584.9346	1529.3188	0.0154	0.05504908	12.537	0	0.9743	0.000230947	2	0	85	107	9282938	2N(2204.7725)	NA	HexNAc(4)Hex(5)NeuAc(2) % 2204.7724	2.63	0	NnATVHEQVGGPSLTSDLQAQSK	N(0.00)N(11.09)A(0.00)T(0.00)V(0.00)H(0.00)E(0.00)Q(0.00)V(0.00)G(0.00)G(0.00)P(0.00)S(0.00)L(0.00)T(0.00)S(0.00)D(0.00)L(0.00)Q(0.00)A(0.00)Q(0.00)S(0.00)K(0.00)	N2	1	N(0.00)N(5.95)A(0.00)T(0.00)V(0.00)H(0.00)E(0.00)Q(0.00)V(0.00)G(0.00)G(0.00)P(0.00)S(0.00)L(0.00)T(0.00)S(0.00)D(0.00)L(0.00)Q(0.00)A(0.00)Q(0.00)S(0.00)K(0.00)	N(0)N(0)A(0)T(0)V(0)H(0)E(0)Q(0)V(0)G(0)G(0)P(0)S(0)L(0)T(0)S(0)D(0)L(0)Q(0)A(0)Q(0)S(0)K(0)	11.09054	3	0	0	12.537223	4	5.9531393	0	0	0	0	FALSE	FALSE	FALSE	sp|P04004|VTNC_HUMAN	P04004	VTNC_HUMAN	VTN	Vitronectin		tr|F5GX75|F5GX75_HUMAN	41120	3694.1592	40918	3661.6162	3761.1543	38.135002	37
240419_ES_R00006_MG_c00001_SA_NPB_3_i2.41174.41174.4	D:\SHARE\Tim\25-12-03_GD_Dataset\GD_dataset\NPB_3_i2\interact.pep.xml	NNATVHEQVGGPSLTSDLQAQSK	NN[2319]ATVHEQVGGPSLTSDLQAQSK	VYDDGEEK.NNATVHEQVGGPSLTSDLQAQSK.GNPEQTPV	K	G	23	4	3713.0486	4584.941	4584.935	1147.2425	1147.241	4584.9346	1147.241	7.00E-04	1.54E-10	40.347	15.905	1	0	2	0	85	107	43539436	2N(2204.7725)	NA	HexNAc(4)Hex(5)NeuAc(2) % 2204.7724	7.53	0	NnATVHEQVGGPSLTSDLQAQSK	N(0.00)N(39.32)A(0.00)T(0.00)V(0.00)H(0.00)E(0.00)Q(0.00)V(0.00)G(0.00)G(0.00)P(0.00)S(0.00)L(0.00)T(0.00)S(0.00)D(0.00)L(0.00)Q(0.00)A(0.00)Q(0.00)S(0.00)K(0.00)	N2	1	N(0.00)N(12.20)A(0.00)T(0.00)V(0.00)H(0.00)E(0.00)Q(0.00)V(0.00)G(0.00)G(0.00)P(0.00)S(0.00)L(0.00)T(0.00)S(0.00)D(0.00)L(0.00)Q(0.00)A(0.00)Q(0.00)S(0.00)K(0.00)	N(0)N(0)A(0)T(0)V(0)H(0)E(0)Q(0)V(0)G(0)G(0)P(0)S(0)L(0)T(0)S(0)D(0)L(0)Q(0)A(0)Q(0)S(0)K(0)	39.315357	11	0	0	40.347473	12	12.20242	0	0	0	0	FALSE	FALSE	FALSE	sp|P04004|VTNC_HUMAN	P04004	VTNC_HUMAN	VTN	Vitronectin		tr|F5GX75|F5GX75_HUMAN	41154	3696.371	40948	3472.037	4197.68	3.232	323
240419_ES_R00006_MG_c00001_SA_NPB_3_i2.41206.41206.4	D:\SHARE\Tim\25-12-03_GD_Dataset\GD_dataset\NPB_3_i2\interact.pep.xml	NNATVHEQVGGPSLTSDLQAQSK	NN[2975]ATVHEQVGGPSLTSDLQAQSK	VYDDGEEK.NNATVHEQVGGPSLTSDLQAQSK.GNPEQTPV	K	G	23	4	3715.628	5241.1646	5241.171	1311.2984	1311.3	5241.1621	1311.2979	0.009	0.03605786	15.272	0	0.9904	0	2	0	85	107	14179312	2N(2861.0000)	NA	HexNAc(5)Hex(6)NeuAc(3) % 2861.0000	4.25	0	NnATVHEQVGGPSLTSDLQAQSK	N(0.00)N(15.27)A(0.00)T(0.00)V(0.00)H(0.00)E(0.00)Q(0.00)V(0.00)G(0.00)G(0.00)P(0.00)S(0.00)L(0.00)T(0.00)S(0.00)D(0.00)L(0.00)Q(0.00)A(0.00)Q(0.00)S(0.00)K(0.00)	N2	1	N(0.00)N(7.59)A(0.00)T(0.00)V(0.00)H(0.00)E(0.00)Q(0.00)V(0.00)G(0.00)G(0.00)P(0.00)S(0.00)L(0.00)T(0.00)S(0.00)D(0.00)L(0.00)Q(0.00)A(0.00)Q(0.00)S(0.00)K(0.00)	N(0)N(0)A(0)T(0)V(0)H(0)E(0)Q(0)V(0)G(0)G(0)P(0)S(0)L(0)T(0)S(0)D(0)L(0)Q(0)A(0)Q(0)S(0)K(0)	15.272917	4	0	0	15.272917	4	7.586564	0	0	0	0	FALSE	FALSE	FALSE	sp|P04004|VTNC_HUMAN	P04004	VTNC_HUMAN	VTN	Vitronectin		tr|F5GX75|F5GX75_HUMAN	41173	3706.33	41083	3501.2092	3761.1543	11.09	109
240419_ES_R00006_MG_c00001_SA_NPB_3_i2.41271.41271.4	D:\SHARE\Tim\25-12-03_GD_Dataset\GD_dataset\NPB_3_i2\interact.pep.xml	NNATVHEQVGGPSLTSDLQAQSK	NN[2975]ATVHEQVGGPSLTSDLQAQSK	VYDDGEEK.NNATVHEQVGGPSLTSDLQAQSK.GNPEQTPV	K	G	23	4	3720.46	5242.1777	5242.206	1311.5517	1311.5588	5241.1621	1311.2979	1.0442	7.05E-05	19.78	10.269	1	0	2	0	85	107	14179312	2N(2861.0000)	NA	HexNAc(5)Hex(6)NeuAc(3) % 2861.0000	3.39	0	NnATVHEQVGGPSLTSDLQAQSK	N(0.00)N(19.78)A(0.00)T(0.00)V(0.00)H(0.00)E(0.00)Q(0.00)V(0.00)G(0.00)G(0.00)P(0.00)S(0.00)L(0.00)T(0.00)S(0.00)D(0.00)L(0.00)Q(0.00)A(0.00)Q(0.00)S(0.00)K(0.00)	N2	1	N(0.00)N(6.06)A(0.00)T(0.00)V(0.00)H(0.00)E(0.00)Q(0.00)V(0.00)G(0.00)G(0.00)P(0.00)S(0.00)L(0.00)T(0.00)S(0.00)D(0.00)L(0.00)Q(0.00)A(0.00)Q(0.00)S(0.00)K(0.00)	N(0)N(0)A(0)T(0)V(0)H(0)E(0)Q(0)V(0)G(0)G(0)P(0)S(0)L(0)T(0)S(0)D(0)L(0)Q(0)A(0)Q(0)S(0)K(0)	19.780537	7	0	0	19.780537	7	6.064752	0	0	0	0	FALSE	FALSE	FALSE	sp|P04004|VTNC_HUMAN	P04004	VTNC_HUMAN	VTN	Vitronectin		tr|F5GX75|F5GX75_HUMAN	41240	3706.33	41083	3681.9722	3761.1543	14.253	29
240419_ES_R00006_MG_c00001_SA_NPB_3_i2.41282.41282.3	D:\SHARE\Tim\25-12-03_GD_Dataset\GD_dataset\NPB_3_i2\interact.pep.xml	NNATVHEQVGGPSLTSDLQAQSK	NN[2028]ATVHEQVGGPSLTSDLQAQSK	VYDDGEEK.NNATVHEQVGGPSLTSDLQAQSK.GNPEQTPV	K	G	23	3	3721.2104	4294.8125	4294.8057	1432.6114	1432.6092	4293.8389	1432.287	0.9668	0.2106201	11.206	0	0.5177	0.000230947	2	0	85	107	0	2N(1913.6770)	NA	HexNAc(4)Hex(5)NeuAc(1) % 1913.6770	2.35	0	NnATVHEQVGGPSLTSDLQAQSK	N(0.00)N(11.21)A(0.00)T(0.00)V(0.00)H(0.00)E(0.00)Q(0.00)V(0.00)G(0.00)G(0.00)P(0.00)S(0.00)L(0.00)T(0.00)S(0.00)D(0.00)L(0.00)Q(0.00)A(0.00)Q(0.00)S(0.00)K(0.00)	N2	1	N(0.00)N(7.68)A(0.00)T(0.00)V(0.00)H(0.00)E(0.00)Q(0.00)V(0.00)G(0.00)G(0.00)P(0.00)S(0.00)L(0.00)T(0.00)S(0.00)D(0.00)L(0.00)Q(0.00)A(0.00)Q(0.00)S(0.00)K(0.00)	N(0)N(0)A(0)T(0)V(0)H(0)E(0)Q(0)V(0)G(0)G(0)P(0)S(0)L(0)T(0)S(0)D(0)L(0)Q(0)A(0)Q(0)S(0)K(0)	11.20672	2	0	0	11.20672	2	7.681911	0	0	0	0	FALSE	FALSE	FALSE	sp|P04004|VTNC_HUMAN	P04004	VTNC_HUMAN	VTN	Vitronectin		tr|F5GX75|F5GX75_HUMAN	41240	0	0	0	0	0	0
240419_ES_R00006_MG_c00001_SA_NPB_3_i2.41382.41382.4	D:\SHARE\Tim\25-12-03_GD_Dataset\GD_dataset\NPB_3_i2\interact.pep.xml	NNATVHEQVGGPSLTSDLQAQSK	NN[2028]ATVHEQVGGPSLTSDLQAQSK	VYDDGEEK.NNATVHEQVGGPSLTSDLQAQSK.GNPEQTPV	K	G	23	4	3728.7734	4293.84	4293.8403	1074.4673	1074.4674	4293.8389	1074.467	0.0013	7.47E-05	25.507	14.451	1	0	2	0	85	107	8814257	2N(1913.6770)	NA	HexNAc(4)Hex(5)NeuAc(1) % 1913.6770	4.46	0	NnATVHEQVGGPSLTSDLQAQSK	N(0.00)N(25.51)A(0.00)T(0.00)V(0.00)H(0.00)E(0.00)Q(0.00)V(0.00)G(0.00)G(0.00)P(0.00)S(0.00)L(0.00)T(0.00)S(0.00)D(0.00)L(0.00)Q(0.00)A(0.00)Q(0.00)S(0.00)K(0.00)	N2	1	N(0.00)N(10.14)A(0.00)T(0.00)V(0.00)H(0.00)E(0.00)Q(0.00)V(0.00)G(0.00)G(0.00)P(0.00)S(0.00)L(0.00)T(0.00)S(0.00)D(0.00)L(0.00)Q(0.00)A(0.00)Q(0.00)S(0.00)K(0.00)	N(0)N(0)A(0)T(0)V(0)H(0)E(0)Q(0)V(0)G(0)G(0)P(0)S(0)L(0)T(0)S(0)D(0)L(0)Q(0)A(0)Q(0)S(0)K(0)	25.507988	7	0	0	25.507988	7	10.144069	0	0	0	0	FALSE	FALSE	FALSE	sp|P04004|VTNC_HUMAN	P04004	VTNC_HUMAN	VTN	Vitronectin		tr|F5GX75|F5GX75_HUMAN	41355	3755.8281	41701	3513.4192	3834.5452	8.923	132
240419_ES_R00006_MG_c00001_SA_NPB_3_i2.41478.41478.3	D:\SHARE\Tim\25-12-03_GD_Dataset\GD_dataset\NPB_3_i2\interact.pep.xml	NNATVHEQVGGPSLTSDLQAQSK	NN[2319]ATVHEQVGGPSLTSDLQAQSK	VYDDGEEK.NNATVHEQVGGPSLTSDLQAQSK.GNPEQTPV	K	G	23	3	3738.8545	4585.956	4585.944	1529.6593	1529.6553	4584.9346	1529.3188	1.0095	0.02006427	17.361	10.089	0.9556	0.000230947	2	0	85	107	8146555.5	2N(2204.7725)	NA	HexNAc(4)Hex(5)NeuAc(2) % 2204.7724	3.69	0	NnATVHEQVGGPSLTSDLQAQSK	N(0.00)N(17.36)A(0.00)T(0.00)V(0.00)H(0.00)E(0.00)Q(0.00)V(0.00)G(0.00)G(0.00)P(0.00)S(0.00)L(0.00)T(0.00)S(0.00)D(0.00)L(0.00)Q(0.00)A(0.00)Q(0.00)S(0.00)K(0.00)	N2	1	N(0.00)N(11.38)A(0.00)T(0.00)V(0.00)H(0.00)E(0.00)Q(0.00)V(0.00)G(0.00)G(0.00)P(0.00)S(0.00)L(0.00)T(0.00)S(0.00)D(0.00)L(0.00)Q(0.00)A(0.00)Q(0.00)S(0.00)K(0.00)	N(0)N(1)A(0)T(0)V(0)H(0)E(0)Q(0)V(0)G(0)G(0)P(0)S(0)L(0)T(0)S(0)D(0)L(0)Q(0)A(0)Q(0)S(0)K(0)	17.361954	4	0	0	15.675184	3	11.38245	1	0	0	0	FALSE	FALSE	FALSE	sp|P04004|VTNC_HUMAN	P04004	VTNC_HUMAN	VTN	Vitronectin		tr|F5GX75|F5GX75_HUMAN	41435	3738.5762	41475	3617.289	3761.1543	41.996002	55
240419_ES_R00006_MG_c00001_SA_NPB_3_i2.41609.41609.3	D:\SHARE\Tim\25-12-03_GD_Dataset\GD_dataset\NPB_3_i2\interact.pep.xml	NNATVHEQVGGPSLTSDLQAQSK	NN[2319]ATVHEQVGGPSLTSDLQAQSK	VYDDGEEK.NNATVHEQVGGPSLTSDLQAQSK.GNPEQTPV	K	G	23	3	3748.5312	4585.9375	4585.943	1529.6531	1529.6549	4584.9346	1529.3188	1.0085	0.007616406	19.973	0	0.9871	0.000230947	2	0	85	107	8146555.5	2N(2204.7725)	NA	HexNAc(4)Hex(5)NeuAc(2) % 2204.7724	3.36	0	NnATVHEQVGGPSLTSDLQAQSK	N(0.00)N(19.97)A(0.00)T(0.00)V(0.00)H(0.00)E(0.00)Q(0.00)V(0.00)G(0.00)G(0.00)P(0.00)S(0.00)L(0.00)T(0.00)S(0.00)D(0.00)L(0.00)Q(0.00)A(0.00)Q(0.00)S(0.00)K(0.00)	N2	1	N(0.00)N(11.17)A(0.00)T(0.00)V(0.00)H(0.00)E(0.00)Q(0.00)V(0.00)G(0.00)G(0.00)P(0.00)S(0.00)L(0.00)T(0.00)S(0.00)D(0.00)L(0.00)Q(0.00)A(0.00)Q(0.00)S(0.00)K(0.00)	N(0)N(0)A(0)T(0)V(0)H(0)E(0)Q(0)V(0)G(0)G(0)P(0)S(0)L(0)T(0)S(0)D(0)L(0)Q(0)A(0)Q(0)S(0)K(0)	19.973454	4	0	0	19.973454	4	11.167753	0	0	0	0	FALSE	FALSE	FALSE	sp|P04004|VTNC_HUMAN	P04004	VTNC_HUMAN	VTN	Vitronectin		tr|F5GX75|F5GX75_HUMAN	41577	3738.5762	41475	3617.289	3761.1543	11.974001	53
240419_ES_R00006_MG_c00001_SA_NPB_3_i2.41636.41636.4	D:\SHARE\Tim\25-12-03_GD_Dataset\GD_dataset\NPB_3_i2\interact.pep.xml	MVSHHNLTTGATLINEQWLLTTAK	M[147]VSHHN[2319]LTTGATLINEQWLLTTAK	GSFPWQAK.MVSHHNLTTGATLINEQWLLTTAK.NLFLNHSE	K	N	24	4	3750.5486	4899.1694	4899.158	1225.7996	1225.7968	4899.1523	1225.7954	0.0059	3.55E-08	27.83	11.174	1	0	2	0	179	202	15174807	"1M(15.9949),6N(2204.7725)"	NA	HexNAc(4)Hex(5)NeuAc(2) % 2204.7724	4.8	0	MVSHHnLTTGATLINEQWLLTTAK	M(0.00)V(0.00)S(0.00)H(0.00)H(0.00)N(27.83)L(0.00)T(0.00)T(0.00)G(0.00)A(0.00)T(0.00)L(0.00)I(0.00)N(0.00)E(0.00)Q(0.00)W(0.00)L(0.00)L(0.00)T(0.00)T(0.00)A(0.00)K(0.00)	N6	1	M(0.00)V(0.00)S(0.00)H(0.00)H(0.00)N(9.70)L(0.00)T(0.00)T(0.00)G(0.00)A(0.00)T(0.00)L(0.00)I(0.00)N(0.00)E(0.00)Q(0.00)W(0.00)L(0.00)L(0.00)T(0.00)T(0.00)A(0.00)K(0.00)	M(0)V(0)S(0)H(0)H(0)N(0)L(0)T(0)T(0)G(0)A(0)T(0)L(0)I(0)N(0)E(0)Q(0)W(0)L(0)L(0)T(0)T(0)A(0)K(0)	27.830233	8	0	0	27.830233	8	9.700874	0	0	0	0	FALSE	FALSE	FALSE	sp|P00738|HPT_HUMAN	P00738	HPT_HUMAN	HP	Haptoglobin	HPR	"sp|P00739|HPTR_HUMAN, tr|A0A0C4DGL8|A0A0C4DGL8_HUMAN, tr|H0Y300|H0Y300_HUMAN, tr|J3QR68|J3QR68_HUMAN"	41603	3755.8281	41701	3738.5762	3780.9192	24.203001	12
240419_ES_R00006_MG_c00001_SA_NPB_3_i2.41702.41702.4	D:\SHARE\Tim\25-12-03_GD_Dataset\GD_dataset\NPB_3_i2\interact.pep.xml	TNINSSRDPDNIAAWYLR	TNIN[2319]SSRDPDNIAAWYLR	DPYKTDVR.TNINSSRDPDNIAAWYLR.SNNGNRRN	R	S	18	4	3755.8435	4309.809	4309.807	1078.4595	1078.459	4309.8013	1078.4576	0.0059	0.004654536	21.465	9.955	0.9942	0	2	1	1556	1573	33481376	4N(2204.7725)	NA	HexNAc(4)Hex(5)NeuAc(2) % 2204.7724	6.24	0	TNInSSRDPDNIAAWYLR	T(0.00)N(0.00)I(0.00)N(21.47)S(0.00)S(0.00)R(0.00)D(0.00)P(0.00)D(0.00)N(0.00)I(0.00)A(0.00)A(0.00)W(0.00)Y(0.00)L(0.00)R(0.00)	N4	1	T(0.00)N(0.00)I(0.00)N(11.60)S(0.00)S(0.00)R(0.00)D(0.00)P(0.00)D(0.00)N(0.00)I(0.00)A(0.00)A(0.00)W(0.00)Y(0.00)L(0.00)R(0.00)	T(0)N(0)I(0)N(1)S(0)S(0)R(0)D(0)P(0)D(0)N(0)I(0)A(0)A(0)W(0)Y(0)L(0)R(0)	21.465378	6	0	0	20.264765	5	11.599751	1	0	0	0	FALSE	FALSE	FALSE	sp|P12259|FA5_HUMAN	P12259	FA5_HUMAN	F5	Coagulation factor V		tr|A0A0A0MRJ7|A0A0A0MRJ7_HUMAN	41663	3767.3362	41840	3743.767	3809.9573	31.512001	19
240419_ES_R00006_MG_c00001_SA_NPB_3_i2.41704.41704.4	D:\SHARE\Tim\25-12-03_GD_Dataset\GD_dataset\NPB_3_i2\interact.pep.xml	MVSHHNLTTGATLINEQWLLTTAK	M[147]VSHHN[2319]LTTGATLINEQWLLTTAK	GSFPWQAK.MVSHHNLTTGATLINEQWLLTTAK.NLFLNHSE	K	N	24	4	3756.1064	4899.169	4899.158	1225.7995	1225.7968	4899.1523	1225.7954	0.0059	1.61E-06	27.85	10.942	1	0	2	0	179	202	12508651	"1M(15.9949),6N(2204.7725)"	NA	HexNAc(4)Hex(5)NeuAc(2) % 2204.7724	5.47	0	MVSHHnLTTGATLINEQWLLTTAK	M(0.00)V(0.00)S(0.00)H(0.00)H(0.00)N(27.85)L(0.00)T(0.00)T(0.00)G(0.00)A(0.00)T(0.00)L(0.00)I(0.00)N(0.00)E(0.00)Q(0.00)W(0.00)L(0.00)L(0.00)T(0.00)T(0.00)A(0.00)K(0.00)	N6	1	M(0.00)V(0.00)S(0.00)H(0.00)H(0.00)N(8.01)L(0.00)T(0.00)T(0.00)G(0.00)A(0.00)T(0.00)L(0.00)I(0.00)N(0.00)E(0.00)Q(0.00)W(0.00)L(0.00)L(0.00)T(0.00)T(0.00)A(0.00)K(0.00)	M(0)V(0)S(0)H(0)H(0)N(0)L(0)T(0)T(0)G(0)A(0)T(0)L(0)I(0)N(0)E(0)Q(0)W(0)L(0)L(0)T(0)T(0)A(0)K(0)	27.850021	9	0	0	27.850021	9	8.005207	0	0	0	0	FALSE	FALSE	FALSE	sp|P00738|HPT_HUMAN	P00738	HPT_HUMAN	HP	Haptoglobin	HPR	"sp|P00739|HPTR_HUMAN, tr|A0A0C4DGL8|A0A0C4DGL8_HUMAN, tr|H0Y300|H0Y300_HUMAN, tr|J3QR68|J3QR68_HUMAN"	41663	3761.1543	41769	3738.5762	3780.9192	24.203001	12
240419_ES_R00006_MG_c00001_SA_NPB_3_i2.41731.41731.4	D:\SHARE\Tim\25-12-03_GD_Dataset\GD_dataset\NPB_3_i2\interact.pep.xml	TNINSSRDPDNIAAWYLR	TNIN[2319]SSRDPDNIAAWYLR	DPYKTDVR.TNINSSRDPDNIAAWYLR.SNNGNRRN	R	S	18	4	3758.0352	4309.8105	4309.807	1078.4599	1078.459	4309.8013	1078.4576	0.0059	0.006212547	25.318	9.766	0.9903	0.000139101	2	1	1556	1573	33481376	4N(2204.7725)	NA	HexNAc(4)Hex(5)NeuAc(2) % 2204.7724	5.76	0	TNInSSRDPDNIAAWYLR	T(0.00)N(0.00)I(0.00)N(25.32)S(0.00)S(0.00)R(0.00)D(0.00)P(0.00)D(0.00)N(0.00)I(0.00)A(0.00)A(0.00)W(0.00)Y(0.00)L(0.00)R(0.00)	N4	1	T(0.00)N(0.00)I(0.00)N(13.13)S(0.00)S(0.00)R(0.00)D(0.00)P(0.00)D(0.00)N(0.00)I(0.00)A(0.00)A(0.00)W(0.00)Y(0.00)L(0.00)R(0.00)	T(0)N(0)I(0)N(2)S(0)S(0)R(0)D(0)P(0)D(0)N(0)I(0)A(0)A(0)W(0)Y(0)L(0)R(0)	25.318096	8	0	0	22.669888	6	13.133279	2	0	0	0	FALSE	FALSE	FALSE	sp|P12259|FA5_HUMAN	P12259	FA5_HUMAN	F5	Coagulation factor V		tr|A0A0A0MRJ7|A0A0A0MRJ7_HUMAN	41701	3767.3362	41840	3743.767	3809.9573	31.512001	19
240419_ES_R00006_MG_c00001_SA_NPB_3_i2.41740.41740.4	D:\SHARE\Tim\25-12-03_GD_Dataset\GD_dataset\NPB_3_i2\interact.pep.xml	NNATVHEQVGGPSLTSDLQAQSK	NN[2028]ATVHEQVGGPSLTSDLQAQSK	VYDDGEEK.NNATVHEQVGGPSLTSDLQAQSK.GNPEQTPV	K	G	23	4	3758.7754	4294.851	4294.844	1074.72	1074.7183	4293.8389	1074.467	1.0052	5.13E-07	26.603	0	1	0	2	0	85	107	0	2N(1913.6770)	NA	HexNAc(4)Hex(5)NeuAc(1) % 1913.6770	3.69	0	NnATVHEQVGGPSLTSDLQAQSK	N(0.00)N(25.43)A(0.00)T(0.00)V(0.00)H(0.00)E(0.00)Q(0.00)V(0.00)G(0.00)G(0.00)P(0.00)S(0.00)L(0.00)T(0.00)S(0.00)D(0.00)L(0.00)Q(0.00)A(0.00)Q(0.00)S(0.00)K(0.00)	N2	1	N(0.00)N(8.43)A(0.00)T(0.00)V(0.00)H(0.00)E(0.00)Q(0.00)V(0.00)G(0.00)G(0.00)P(0.00)S(0.00)L(0.00)T(0.00)S(0.00)D(0.00)L(0.00)Q(0.00)A(0.00)Q(0.00)S(0.00)K(0.00)	N(0)N(0)A(0)T(0)V(0)H(0)E(0)Q(0)V(0)G(0)G(0)P(0)S(0)L(0)T(0)S(0)D(0)L(0)Q(0)A(0)Q(0)S(0)K(0)	25.432262	8	0	0	26.603813	9	8.427595	0	0	0	0	FALSE	FALSE	FALSE	sp|P04004|VTNC_HUMAN	P04004	VTNC_HUMAN	VTN	Vitronectin		tr|F5GX75|F5GX75_HUMAN	41701	0	0	0	0	0	0
240419_ES_R00006_MG_c00001_SA_NPB_3_i2.41741.41741.3	D:\SHARE\Tim\25-12-03_GD_Dataset\GD_dataset\NPB_3_i2\interact.pep.xml	TNINSSRDPDNIAAWYLR	TNIN[2319]SSRDPDNIAAWYLR	DPYKTDVR.TNINSSRDPDNIAAWYLR.SNNGNRRN	R	S	18	3	3758.8435	4309.8105	4309.8125	1437.6108	1437.6114	4309.8013	1437.6078	0.0112	0.10858	10.357	4.825	0.6639	0.000230947	2	1	1556	1573	17745810	4N(2204.7725)	NA	HexNAc(4)Hex(5)NeuAc(2) % 2204.7724	2.77	0	TNInSSRDPDNIAAWYLR	T(0.00)N(0.00)I(0.00)N(10.36)S(0.00)S(0.00)R(0.00)D(0.00)P(0.00)D(0.00)N(0.00)I(0.00)A(0.00)A(0.00)W(0.00)Y(0.00)L(0.00)R(0.00)	N4	1	T(0.00)N(0.00)I(0.00)N(3.54)S(0.00)S(0.00)R(0.00)D(0.00)P(0.00)D(0.00)N(0.00)I(0.00)A(0.00)A(0.00)W(0.00)Y(0.00)L(0.00)R(0.00)	T(0)N(0)I(0)N(1)S(0)S(0)R(0)D(0)P(0)D(0)N(0)I(0)A(0)A(0)W(0)Y(0)L(0)R(0)	10.357635	5	0	0	9.141895	4	3.5400372	1	0	0	0	FALSE	FALSE	FALSE	sp|P12259|FA5_HUMAN	P12259	FA5_HUMAN	F5	Coagulation factor V		tr|A0A0A0MRJ7|A0A0A0MRJ7_HUMAN	41701	3764.2603	41808	3750.0642	3784.287	25.091002	9
240419_ES_R00006_MG_c00001_SA_NPB_3_i2.41822.41822.4	D:\SHARE\Tim\25-12-03_GD_Dataset\GD_dataset\NPB_3_i2\interact.pep.xml	NISDGFDGIPDNVDAALALPAHSYSGR	N[2028]ISDGFDGIPDNVDAALALPAHSYSGR	VLDPDYPR.NISDGFDGIPDNVDAALALPAHSYSGR.ERVYFFKG	R	E	27	4	3765.5903	4685.0093	4685.0034	1172.2596	1172.2581	4684.9922	1172.2554	0.0114	0.00257066	14.273	7.859	0.9998	0	2	0	242	268	8566381	1N(1913.6770)	NA	HexNAc(4)Hex(5)NeuAc(1) % 1913.6770	1.93	0	nISDGFDGIPDNVDAALALPAHSYSGR	N(12.89)I(0.00)S(0.00)D(0.00)G(0.00)F(0.00)D(0.00)G(0.00)I(0.00)P(0.00)D(0.00)N(0.00)V(0.00)D(0.00)A(0.00)A(0.00)L(0.00)A(0.00)L(0.00)P(0.00)A(0.00)H(0.00)S(0.00)Y(0.00)S(0.00)G(0.00)R(0.00)	N1	1	N(3.37)I(0.00)S(0.00)D(0.00)G(0.00)F(0.00)D(0.00)G(0.00)I(0.00)P(0.00)D(0.00)N(0.00)V(0.00)D(0.00)A(0.00)A(0.00)L(0.00)A(0.00)L(0.00)P(0.00)A(0.00)H(0.00)S(0.00)Y(0.00)S(0.00)G(0.00)R(0.00)	N(0)I(0)S(0)D(0)G(0)F(0)D(0)G(0)I(0)P(0)D(0)N(0)V(0)D(0)A(0)A(0)L(0)A(0)L(0)P(0)A(0)H(0)S(0)Y(0)S(0)G(0)R(0)	12.888846	6	0	0	14.273139	7	3.3748193	0	0	0	0	FALSE	FALSE	TRUE	sp|P04004|VTNC_HUMAN	P04004	VTNC_HUMAN	VTN	Vitronectin			41769	3761.1543	41769	3746.1052	3769.7102	11.508	4
240419_ES_R00006_MG_c00001_SA_NPB_3_i2.41824.41824.3	D:\SHARE\Tim\25-12-03_GD_Dataset\GD_dataset\NPB_3_i2\interact.pep.xml	NGSLFAFR	N[2319]GSLFAFR	FDAFTDLK.NGSLFAFR.GQYCYELD	K	G	8	3	3765.7273	3115.2388	3115.234	1039.4202	1039.4186	3115.2385	1039.42	-0.0046	0.002175204	17.15	0	0.9999	0	2	0	169	176	13024947	1N(2204.7725)	NA	HexNAc(4)Hex(5)NeuAc(2) % 2204.7724	5.3	0	nGSLFAFR	N(16.36)G(0.00)S(0.00)L(0.00)F(0.00)A(0.00)F(0.00)R(0.00)	N1	1	N(12.30)G(0.00)S(0.00)L(0.00)F(0.00)A(0.00)F(0.00)R(0.00)	N(0)G(0)S(0)L(0)F(0)A(0)F(0)R(0)	16.355198	2	0	0	17.15	3	12.295716	0	0	0	0	FALSE	FALSE	TRUE	sp|P04004|VTNC_HUMAN	P04004	VTNC_HUMAN	VTN	Vitronectin			41769	3784.287	42023	3424.0151	4059.0833	28.201002	290
240419_ES_R00006_MG_c00001_SA_NPB_3_i2.41940.41940.3	D:\SHARE\Tim\25-12-03_GD_Dataset\GD_dataset\NPB_3_i2\interact.pep.xml	NNATVHEQVGGPSLTSDLQAQSK	NN[2319]ATVHEQVGGPSLTSDLQAQSK	VYDDGEEK.NNATVHEQVGGPSLTSDLQAQSK.GNPEQTPV	K	G	23	3	3775.9941	4584.939	4584.941	1529.3203	1529.3209	4584.9346	1529.3188	0.0066	0.01352073	17.976	6.907	0.9921	0	2	0	85	107	0	2N(2204.7725)	NA	HexNAc(4)Hex(5)NeuAc(2) % 2204.7724	3.64	0	NnATVHEQVGGPSLTSDLQAQSK	N(0.00)N(17.98)A(0.00)T(0.00)V(0.00)H(0.00)E(0.00)Q(0.00)V(0.00)G(0.00)G(0.00)P(0.00)S(0.00)L(0.00)T(0.00)S(0.00)D(0.00)L(0.00)Q(0.00)A(0.00)Q(0.00)S(0.00)K(0.00)	N2	1	N(0.00)N(9.82)A(0.00)T(0.00)V(0.00)H(0.00)E(0.00)Q(0.00)V(0.00)G(0.00)G(0.00)P(0.00)S(0.00)L(0.00)T(0.00)S(0.00)D(0.00)L(0.00)Q(0.00)A(0.00)Q(0.00)S(0.00)K(0.00)	N(0)N(0)A(0)T(0)V(0)H(0)E(0)Q(0)V(0)G(0)G(0)P(0)S(0)L(0)T(0)S(0)D(0)L(0)Q(0)A(0)Q(0)S(0)K(0)	17.976988	4	0	0	17.976988	4	9.817472	0	0	0	0	FALSE	FALSE	FALSE	sp|P04004|VTNC_HUMAN	P04004	VTNC_HUMAN	VTN	Vitronectin		tr|F5GX75|F5GX75_HUMAN	41897	0	0	0	0	0	0
240419_ES_R00006_MG_c00001_SA_NPB_3_i2.41966.41966.4	D:\SHARE\Tim\25-12-03_GD_Dataset\GD_dataset\NPB_3_i2\interact.pep.xml	NNATVHEQVGGPSLTSDLQAQSK	NN[2319]ATVHEQVGGPSLTSDLQAQSK	VYDDGEEK.NNATVHEQVGGPSLTSDLQAQSK.GNPEQTPV	K	G	23	4	3777.9448	4584.9385	4584.9326	1147.2419	1147.2404	4584.9346	1147.241	-0.0017	0	54.015	16.941	1	0	2	0	85	107	39676648	2N(2204.7725)	NA	HexNAc(4)Hex(5)NeuAc(2) % 2204.7724	6.58	0	NnATVHEQVGGPSLTSDLQAQSK	N(0.00)N(52.35)A(0.00)T(0.00)V(0.00)H(0.00)E(0.00)Q(0.00)V(0.00)G(0.00)G(0.00)P(0.00)S(0.00)L(0.00)T(0.00)S(0.00)D(0.00)L(0.00)Q(0.00)A(0.00)Q(0.00)S(0.00)K(0.00)	N2	1	N(0.00)N(16.35)A(0.00)T(0.00)V(0.00)H(0.00)E(0.00)Q(0.00)V(0.00)G(0.00)G(0.00)P(0.00)S(0.00)L(0.00)T(0.00)S(0.00)D(0.00)L(0.00)Q(0.00)A(0.00)Q(0.00)S(0.00)K(0.00)	N(0)N(3)A(0)T(0)V(0)H(0)E(0)Q(0)V(0)G(0)G(0)P(0)S(0)L(0)T(0)S(0)D(0)L(0)Q(0)A(0)Q(0)S(0)K(0)	52.353302	17	0	0	54.015343	18	16.35115	3	0	0	0	FALSE	FALSE	FALSE	sp|P04004|VTNC_HUMAN	P04004	VTNC_HUMAN	VTN	Vitronectin		tr|F5GX75|F5GX75_HUMAN	41928	3772.2512	41897	3482.0261	4190.8403	3.232	313
240419_ES_R00006_MG_c00001_SA_NPB_3_i2.42010.42010.3	D:\SHARE\Tim\25-12-03_GD_Dataset\GD_dataset\NPB_3_i2\interact.pep.xml	TNINSSRDPDNIAAWYLR	TNIN[2319]SSRDPDNIAAWYLR	DPYKTDVR.TNINSSRDPDNIAAWYLR.SNNGNRRN	R	S	18	3	3782.8274	4310.816	4310.8174	1437.9459	1437.9464	4309.8013	1437.6078	1.0161	0.05810359	10.859	7.247	0.5298	0.000230947	2	1	1556	1573	15169676	4N(2204.7725)	NA	HexNAc(4)Hex(5)NeuAc(2) % 2204.7724	2.87	0	TNInSSRDPDNIAAWYLR	T(0.00)N(0.00)I(0.00)N(10.86)S(0.00)S(0.00)R(0.00)D(0.00)P(0.00)D(0.00)N(0.00)I(0.00)A(0.00)A(0.00)W(0.00)Y(0.00)L(0.00)R(0.00)	N4	1	T(0.00)N(0.00)I(0.00)N(4.22)S(0.00)S(0.00)R(0.00)D(0.00)P(0.00)D(0.00)N(0.00)I(0.00)A(0.00)A(0.00)W(0.00)Y(0.00)L(0.00)R(0.00)	T(0)N(0)I(0)N(0)S(0)S(0)R(0)D(0)P(0)D(0)N(0)I(0)A(0)A(0)W(0)Y(0)L(0)R(0)	10.85951	4	0	0	10.85951	4	4.2168274	0	0	0	0	FALSE	FALSE	FALSE	sp|P12259|FA5_HUMAN	P12259	FA5_HUMAN	F5	Coagulation factor V		tr|A0A0A0MRJ7|A0A0A0MRJ7_HUMAN	41963	3761.1543	41769	3750.0642	3787.4492	25.091002	9
240419_ES_R00006_MG_c00001_SA_NPB_3_i2.42125.42125.4	D:\SHARE\Tim\25-12-03_GD_Dataset\GD_dataset\NPB_3_i2\interact.pep.xml	TNINSSRDPDNIAAWYLR	TNIN[2319]SSRDPDNIAAWYLR	DPYKTDVR.TNINSSRDPDNIAAWYLR.SNNGNRRN	R	S	18	4	3793.6948	4309.809	4309.8066	1078.4595	1078.4589	4309.8013	1078.4576	0.0054	1.84E-05	16.114	11.118	0.9964	0	2	1	1556	1573	8475985	4N(2204.7725)	NA	HexNAc(4)Hex(5)NeuAc(2) % 2204.7724	4.98	0	TNInSSRDPDNIAAWYLR	T(0.00)N(0.00)I(0.00)N(16.11)S(0.00)S(0.00)R(0.00)D(0.00)P(0.00)D(0.00)N(0.00)I(0.00)A(0.00)A(0.00)W(0.00)Y(0.00)L(0.00)R(0.00)	N4	1	T(0.00)N(0.00)I(0.00)N(8.75)S(0.00)S(0.00)R(0.00)D(0.00)P(0.00)D(0.00)N(0.00)I(0.00)A(0.00)A(0.00)W(0.00)Y(0.00)L(0.00)R(0.00)	T(0)N(0)I(0)N(1)S(0)S(0)R(0)D(0)P(0)D(0)N(0)I(0)A(0)A(0)W(0)Y(0)L(0)R(0)	16.114616	5	0	0	14.944267	4	8.747889	1	0	0	0	FALSE	FALSE	FALSE	sp|P12259|FA5_HUMAN	P12259	FA5_HUMAN	F5	Coagulation factor V		tr|A0A0A0MRJ7|A0A0A0MRJ7_HUMAN	42087	3793.2122	42119	3743.767	3809.9573	31.512001	19
240419_ES_R00006_MG_c00001_SA_NPB_3_i2.42462.42462.4	D:\SHARE\Tim\25-12-03_GD_Dataset\GD_dataset\NPB_3_i2\interact.pep.xml	MVSHHNLTTGATLINEQWLLTTAK	MVSHHN[2319]LTTGATLINEQWLLTTAK	GSFPWQAK.MVSHHNLTTGATLINEQWLLTTAK.NLFLNHSE	K	N	24	4	3821.4722	4883.18	4883.159	1221.8023	1221.797	4883.1572	1221.7966	0.0017	2.00E-14	40.671	21.87	1	0	2	0	179	202	26528842	6N(2204.7725)	NA	HexNAc(4)Hex(5)NeuAc(2) % 2204.7724	5.68	0	MVSHHnLTTGATLINEQWLLTTAK	M(0.00)V(0.00)S(0.00)H(0.00)H(0.00)N(40.67)L(0.00)T(0.00)T(0.00)G(0.00)A(0.00)T(0.00)L(0.00)I(0.00)N(0.00)E(0.00)Q(0.00)W(0.00)L(0.00)L(0.00)T(0.00)T(0.00)A(0.00)K(0.00)	N6	1	M(0.00)V(0.00)S(0.00)H(0.00)H(0.00)N(11.15)L(0.00)T(0.00)T(0.00)G(0.00)A(0.00)T(0.00)L(0.00)I(0.00)N(0.00)E(0.00)Q(0.00)W(0.00)L(0.00)L(0.00)T(0.00)T(0.00)A(0.00)K(0.00)	M(0)V(0)S(0)H(0)H(0)N(1)L(0)T(0)T(0)G(0)A(0)T(0)L(0)I(0)N(0)E(0)Q(0)W(0)L(0)L(0)T(0)T(0)A(0)K(0)	40.671486	14	0	0	40.63713	14	11.14583	1	0	0	0	FALSE	FALSE	FALSE	sp|P00738|HPT_HUMAN	P00738	HPT_HUMAN	HP	Haptoglobin	HPR	"sp|P00739|HPTR_HUMAN, tr|A0A0C4DGL8|A0A0C4DGL8_HUMAN, tr|H0Y300|H0Y300_HUMAN, tr|J3QR68|J3QR68_HUMAN"	42423	3829.1882	42557	3807.539	3854.5083	25.191002	14
240419_ES_R00006_MG_c00001_SA_NPB_3_i2.42565.42565.3	D:\SHARE\Tim\25-12-03_GD_Dataset\GD_dataset\NPB_3_i2\interact.pep.xml	NGSLFAFR	N[2319]GSLFAFR	FDAFTDLK.NGSLFAFR.GQYCYELD	K	G	8	3	3829.813	3115.2402	3115.2344	1039.4207	1039.4187	3115.2385	1039.42	-0.0042	0.001643426	18.637	0	1	0	2	0	169	176	8933366	1N(2204.7725)	NA	HexNAc(4)Hex(5)NeuAc(2) % 2204.7724	5.05	0	nGSLFAFR	N(18.64)G(0.00)S(0.00)L(0.00)F(0.00)A(0.00)F(0.00)R(0.00)	N1	1	N(12.35)G(0.00)S(0.00)L(0.00)F(0.00)A(0.00)F(0.00)R(0.00)	N(0)G(0)S(0)L(0)F(0)A(0)F(0)R(0)	18.637877	3	0	0	18.637877	3	12.345981	0	0	0	0	FALSE	FALSE	TRUE	sp|P04004|VTNC_HUMAN	P04004	VTNC_HUMAN	VTN	Vitronectin			42522	3807.539	42288	3424.0151	4059.0833	28.201002	290
240419_ES_R00006_MG_c00001_SA_NPB_3_i2.42573.42573.3	D:\SHARE\Tim\25-12-03_GD_Dataset\GD_dataset\NPB_3_i2\interact.pep.xml	NNATVHEQVGGPSLTSDLQAQSK	NN[2028]ATVHEQVGGPSLTSDLQAQSK	VYDDGEEK.NNATVHEQVGGPSLTSDLQAQSK.GNPEQTPV	K	G	23	3	3830.5952	4294.7305	4294.757	1432.5841	1432.5929	4293.8389	1432.287	0.9178	0.1673016	10.606	0	0.624	0.000230947	2	0	85	107	0	2N(1913.6770)	NA	HexNAc(4)Hex(5)NeuAc(1) % 1913.6770	0.8	0	NnATVHEQVGGPSLTSDLQAQSK	N(0.00)N(10.61)A(0.00)T(0.00)V(0.00)H(0.00)E(0.00)Q(0.00)V(0.00)G(0.00)G(0.00)P(0.00)S(0.00)L(0.00)T(0.00)S(0.00)D(0.00)L(0.00)Q(0.00)A(0.00)Q(0.00)S(0.00)K(0.00)	N2	1	N(0.00)N(5.55)A(0.00)T(0.00)V(0.00)H(0.00)E(0.00)Q(0.00)V(0.00)G(0.00)G(0.00)P(0.00)S(0.00)L(0.00)T(0.00)S(0.00)D(0.00)L(0.00)Q(0.00)A(0.00)Q(0.00)S(0.00)K(0.00)	N(0)N(0)A(0)T(0)V(0)H(0)E(0)Q(0)V(0)G(0)G(0)P(0)S(0)L(0)T(0)S(0)D(0)L(0)Q(0)A(0)Q(0)S(0)K(0)	10.606743	3	0	0	10.606743	3	5.547222	0	0	0	0	FALSE	FALSE	FALSE	sp|P04004|VTNC_HUMAN	P04004	VTNC_HUMAN	VTN	Vitronectin		tr|F5GX75|F5GX75_HUMAN	42522	0	0	0	0	0	0
240419_ES_R00006_MG_c00001_SA_NPB_3_i2.42606.42606.3	D:\SHARE\Tim\25-12-03_GD_Dataset\GD_dataset\NPB_3_i2\interact.pep.xml	NGSLFAFR	N[2319]GSLFAFR	FDAFTDLK.NGSLFAFR.GQYCYELD	K	G	8	3	3833.085	3116.2437	3116.2378	1039.7552	1039.7532	3115.2385	1039.42	0.9993	0.003443501	16.352	0	0.998	0	2	0	169	176	9121753	1N(2204.7725)	NA	HexNAc(4)Hex(5)NeuAc(2) % 2204.7724	5.95	0	nGSLFAFR	N(16.35)G(0.00)S(0.00)L(0.00)F(0.00)A(0.00)F(0.00)R(0.00)	N1	1	N(12.27)G(0.00)S(0.00)L(0.00)F(0.00)A(0.00)F(0.00)R(0.00)	N(0)G(0)S(0)L(0)F(0)A(0)F(0)R(0)	16.352604	2	0	0	16.352604	2	12.270026	0	0	0	0	FALSE	FALSE	TRUE	sp|P04004|VTNC_HUMAN	P04004	VTNC_HUMAN	VTN	Vitronectin			42557	3826.288	42522	3424.0151	4056.7163	28.201002	289
240419_ES_R00006_MG_c00001_SA_NPB_3_i2.42608.42608.3	D:\SHARE\Tim\25-12-03_GD_Dataset\GD_dataset\NPB_3_i2\interact.pep.xml	NNATVHEQVGGPSLTSDLQAQSK	NN[2028]ATVHEQVGGPSLTSDLQAQSK	VYDDGEEK.NNATVHEQVGGPSLTSDLQAQSK.GNPEQTPV	K	G	23	3	3833.2249	4294.782	4294.773	1432.6013	1432.5983	4293.8389	1432.287	0.934	0.1029922	14.159	11.83	0.791	0.000230947	2	0	85	107	0	2N(1913.6770)	NA	HexNAc(4)Hex(5)NeuAc(1) % 1913.6770	1.13	0	NnATVHEQVGGPSLTSDLQAQSK	N(0.00)N(12.88)A(0.00)T(0.00)V(0.00)H(0.00)E(0.00)Q(0.00)V(0.00)G(0.00)G(0.00)P(0.00)S(0.00)L(0.00)T(0.00)S(0.00)D(0.00)L(0.00)Q(0.00)A(0.00)Q(0.00)S(0.00)K(0.00)	N2	1	N(0.00)N(7.32)A(0.00)T(0.00)V(0.00)H(0.00)E(0.00)Q(0.00)V(0.00)G(0.00)G(0.00)P(0.00)S(0.00)L(0.00)T(0.00)S(0.00)D(0.00)L(0.00)Q(0.00)A(0.00)Q(0.00)S(0.00)K(0.00)	N(0)N(0)A(0)T(0)V(0)H(0)E(0)Q(0)V(0)G(0)G(0)P(0)S(0)L(0)T(0)S(0)D(0)L(0)Q(0)A(0)Q(0)S(0)K(0)	12.882883	3	0	0	14.159083	4	7.318073	0	0	0	0	FALSE	FALSE	FALSE	sp|P04004|VTNC_HUMAN	P04004	VTNC_HUMAN	VTN	Vitronectin		tr|F5GX75|F5GX75_HUMAN	42557	0	0	0	0	0	0
240419_ES_R00006_MG_c00001_SA_NPB_3_i2.42666.42666.3	D:\SHARE\Tim\25-12-03_GD_Dataset\GD_dataset\NPB_3_i2\interact.pep.xml	NNATVHEQVGGPSLTSDLQAQSK	NN[2319]ATVHEQVGGPSLTSDLQAQSK	VYDDGEEK.NNATVHEQVGGPSLTSDLQAQSK.GNPEQTPV	K	G	23	3	3837.537	4585.924	4585.9326	1529.6486	1529.6515	4584.9346	1529.3188	0.9983	0.000284119	21.686	0	1	0	2	0	85	107	0	2N(2204.7725)	NA	HexNAc(4)Hex(5)NeuAc(2) % 2204.7724	3.94	0	NnATVHEQVGGPSLTSDLQAQSK	N(0.00)N(20.28)A(0.00)T(0.00)V(0.00)H(0.00)E(0.00)Q(0.00)V(0.00)G(0.00)G(0.00)P(0.00)S(0.00)L(0.00)T(0.00)S(0.00)D(0.00)L(0.00)Q(0.00)A(0.00)Q(0.00)S(0.00)K(0.00)	N2	1	N(0.00)N(9.74)A(0.00)T(0.00)V(0.00)H(0.00)E(0.00)Q(0.00)V(0.00)G(0.00)G(0.00)P(0.00)S(0.00)L(0.00)T(0.00)S(0.00)D(0.00)L(0.00)Q(0.00)A(0.00)Q(0.00)S(0.00)K(0.00)	N(0)N(0)A(0)T(0)V(0)H(0)E(0)Q(0)V(0)G(0)G(0)P(0)S(0)L(0)T(0)S(0)D(0)L(0)Q(0)A(0)Q(0)S(0)K(0)	20.284065	5	0	0	21.686234	6	9.735798	0	0	0	0	FALSE	FALSE	FALSE	sp|P04004|VTNC_HUMAN	P04004	VTNC_HUMAN	VTN	Vitronectin		tr|F5GX75|F5GX75_HUMAN	42626	0	0	0	0	0	0
240419_ES_R00006_MG_c00001_SA_NPB_3_i2.42740.42740.4	D:\SHARE\Tim\25-12-03_GD_Dataset\GD_dataset\NPB_3_i2\interact.pep.xml	NNATVHEQVGGPSLTSDLQAQSK	NN[2319]ATVHEQVGGPSLTSDLQAQSK	VYDDGEEK.NNATVHEQVGGPSLTSDLQAQSK.GNPEQTPV	K	G	23	4	3843.6333	4584.953	4584.941	1147.2455	1147.2425	4584.9346	1147.241	0.0066	2.58E-08	38.856	0	1	0	2	0	85	107	40821092	2N(2204.7725)	NA	HexNAc(4)Hex(5)NeuAc(2) % 2204.7724	5.42	0	NnATVHEQVGGPSLTSDLQAQSK	N(0.00)N(36.49)A(0.00)T(0.00)V(0.00)H(0.00)E(0.00)Q(0.00)V(0.00)G(0.00)G(0.00)P(0.00)S(0.00)L(0.00)T(0.00)S(0.00)D(0.00)L(0.00)Q(0.00)A(0.00)Q(0.00)S(0.00)K(0.00)	N2	1	N(0.00)N(12.20)A(0.00)T(0.00)V(0.00)H(0.00)E(0.00)Q(0.00)V(0.00)G(0.00)G(0.00)P(0.00)S(0.00)L(0.00)T(0.00)S(0.00)D(0.00)L(0.00)Q(0.00)A(0.00)Q(0.00)S(0.00)K(0.00)	N(0)N(0)A(0)T(0)V(0)H(0)E(0)Q(0)V(0)G(0)G(0)P(0)S(0)L(0)T(0)S(0)D(0)L(0)Q(0)A(0)Q(0)S(0)K(0)	36.4946	10	0	0	38.856018	12	12.204268	0	0	0	0	FALSE	FALSE	FALSE	sp|P04004|VTNC_HUMAN	P04004	VTNC_HUMAN	VTN	Vitronectin		tr|F5GX75|F5GX75_HUMAN	42696	3856.8481	42911	3479.2703	4187.062	3.232	313
240419_ES_R00006_MG_c00001_SA_NPB_3_i2.42766.42766.4	D:\SHARE\Tim\25-12-03_GD_Dataset\GD_dataset\NPB_3_i2\interact.pep.xml	NNATVHEQVGGPSLTSDLQAQSK	NN[2028]ATVHEQVGGPSLTSDLQAQSK	VYDDGEEK.NNATVHEQVGGPSLTSDLQAQSK.GNPEQTPV	K	G	23	4	3846.0017	4294.848	4294.84	1074.7193	1074.7173	4293.8389	1074.467	1.0009	0.008368701	18.084	12.594	0.9924	0	2	0	85	107	6911860	2N(1913.6770)	NA	HexNAc(4)Hex(5)NeuAc(1) % 1913.6770	4.89	0	NnATVHEQVGGPSLTSDLQAQSK	N(0.00)N(18.08)A(0.00)T(0.00)V(0.00)H(0.00)E(0.00)Q(0.00)V(0.00)G(0.00)G(0.00)P(0.00)S(0.00)L(0.00)T(0.00)S(0.00)D(0.00)L(0.00)Q(0.00)A(0.00)Q(0.00)S(0.00)K(0.00)	N2	1	N(0.00)N(8.30)A(0.00)T(0.00)V(0.00)H(0.00)E(0.00)Q(0.00)V(0.00)G(0.00)G(0.00)P(0.00)S(0.00)L(0.00)T(0.00)S(0.00)D(0.00)L(0.00)Q(0.00)A(0.00)Q(0.00)S(0.00)K(0.00)	N(0)N(0)A(0)T(0)V(0)H(0)E(0)Q(0)V(0)G(0)G(0)P(0)S(0)L(0)T(0)S(0)D(0)L(0)Q(0)A(0)Q(0)S(0)K(0)	18.084833	5	0	0	18.084833	5	8.297275	0	0	0	0	FALSE	FALSE	FALSE	sp|P04004|VTNC_HUMAN	P04004	VTNC_HUMAN	VTN	Vitronectin		tr|F5GX75|F5GX75_HUMAN	42696	3840.0513	42696	3832.277	3962.1182	24.571001	53
240419_ES_R00006_MG_c00001_SA_NPB_3_i2.42831.42831.3	D:\SHARE\Tim\25-12-03_GD_Dataset\GD_dataset\NPB_3_i2\interact.pep.xml	NNATVHEQVGGPSLTSDLQAQSK	NN[2319]ATVHEQVGGPSLTSDLQAQSK	VYDDGEEK.NNATVHEQVGGPSLTSDLQAQSK.GNPEQTPV	K	G	23	3	3850.9763	4584.941	4584.9414	1529.3209	1529.3211	4584.9346	1529.3188	0.0071	0.002560058	17.867	0	0.9998	0	2	0	85	107	0	2N(2204.7725)	NA	HexNAc(4)Hex(5)NeuAc(2) % 2204.7724	3.15	0	NnATVHEQVGGPSLTSDLQAQSK	N(0.00)N(17.87)A(0.00)T(0.00)V(0.00)H(0.00)E(0.00)Q(0.00)V(0.00)G(0.00)G(0.00)P(0.00)S(0.00)L(0.00)T(0.00)S(0.00)D(0.00)L(0.00)Q(0.00)A(0.00)Q(0.00)S(0.00)K(0.00)	N2	1	N(0.00)N(11.48)A(0.00)T(0.00)V(0.00)H(0.00)E(0.00)Q(0.00)V(0.00)G(0.00)G(0.00)P(0.00)S(0.00)L(0.00)T(0.00)S(0.00)D(0.00)L(0.00)Q(0.00)A(0.00)Q(0.00)S(0.00)K(0.00)	N(0)N(0)A(0)T(0)V(0)H(0)E(0)Q(0)V(0)G(0)G(0)P(0)S(0)L(0)T(0)S(0)D(0)L(0)Q(0)A(0)Q(0)S(0)K(0)	17.86709	3	0	0	17.86709	3	11.479513	0	0	0	0	FALSE	FALSE	FALSE	sp|P04004|VTNC_HUMAN	P04004	VTNC_HUMAN	VTN	Vitronectin		tr|F5GX75|F5GX75_HUMAN	42793	0	0	0	0	0	0
240419_ES_R00006_MG_c00001_SA_NPB_3_i2.42886.42886.3	D:\SHARE\Tim\25-12-03_GD_Dataset\GD_dataset\NPB_3_i2\interact.pep.xml	NNATVHEQVGGPSLTSDLQAQSK	NN[2319]ATVHEQVGGPSLTSDLQAQSK	VYDDGEEK.NNATVHEQVGGPSLTSDLQAQSK.GNPEQTPV	K	G	23	3	3855.0586	4586.9316	4586.942	1529.9845	1529.9879	4584.9346	1529.3188	2.0076	0.004275421	17.879	0	0.9954	0	2	0	85	107	0	2N(2204.7725)	NA	HexNAc(4)Hex(5)NeuAc(2) % 2204.7724	4.29	0	NnATVHEQVGGPSLTSDLQAQSK	N(0.00)N(17.88)A(0.00)T(0.00)V(0.00)H(0.00)E(0.00)Q(0.00)V(0.00)G(0.00)G(0.00)P(0.00)S(0.00)L(0.00)T(0.00)S(0.00)D(0.00)L(0.00)Q(0.00)A(0.00)Q(0.00)S(0.00)K(0.00)	N2	1	N(0.00)N(9.70)A(0.00)T(0.00)V(0.00)H(0.00)E(0.00)Q(0.00)V(0.00)G(0.00)G(0.00)P(0.00)S(0.00)L(0.00)T(0.00)S(0.00)D(0.00)L(0.00)Q(0.00)A(0.00)Q(0.00)S(0.00)K(0.00)	N(0)N(0)A(0)T(0)V(0)H(0)E(0)Q(0)V(0)G(0)G(0)P(0)S(0)L(0)T(0)S(0)D(0)L(0)Q(0)A(0)Q(0)S(0)K(0)	17.879011	4	0	0	17.879011	4	9.704864	0	0	0	0	FALSE	FALSE	FALSE	sp|P04004|VTNC_HUMAN	P04004	VTNC_HUMAN	VTN	Vitronectin		tr|F5GX75|F5GX75_HUMAN	42842	0	0	0	0	0	0
240419_ES_R00006_MG_c00001_SA_NPB_3_i2.42981.42981.4	D:\SHARE\Tim\25-12-03_GD_Dataset\GD_dataset\NPB_3_i2\interact.pep.xml	NNATVHEQVGGPSLTSDLQAQSK	NN[2028]ATVHEQVGGPSLTSDLQAQSK	VYDDGEEK.NNATVHEQVGGPSLTSDLQAQSK.GNPEQTPV	K	G	23	4	3862.0574	4293.874	4293.839	1074.4758	1074.467	4293.8389	1074.467	0	4.87E-06	17.131	6.91	0.9997	0	2	0	85	107	9806966	2N(1913.6770)	NA	HexNAc(4)Hex(5)NeuAc(1) % 1913.6770	9.28	0	NnATVHEQVGGPSLTSDLQAQSK	N(0.00)N(17.13)A(0.00)T(0.00)V(0.00)H(0.00)E(0.00)Q(0.00)V(0.00)G(0.00)G(0.00)P(0.00)S(0.00)L(0.00)T(0.00)S(0.00)D(0.00)L(0.00)Q(0.00)A(0.00)Q(0.00)S(0.00)K(0.00)	N2	1	N(0.00)N(10.81)A(0.00)T(0.00)V(0.00)H(0.00)E(0.00)Q(0.00)V(0.00)G(0.00)G(0.00)P(0.00)S(0.00)L(0.00)T(0.00)S(0.00)D(0.00)L(0.00)Q(0.00)A(0.00)Q(0.00)S(0.00)K(0.00)	N(0)N(0)A(0)T(0)V(0)H(0)E(0)Q(0)V(0)G(0)G(0)P(0)S(0)L(0)T(0)S(0)D(0)L(0)Q(0)A(0)Q(0)S(0)K(0)	17.131481	3	0	0	17.131481	3	10.813749	0	0	0	0	FALSE	FALSE	FALSE	sp|P04004|VTNC_HUMAN	P04004	VTNC_HUMAN	VTN	Vitronectin		tr|F5GX75|F5GX75_HUMAN	42938	3836.985	42659	3832.277	3871.039	24.571001	16
240419_ES_R00006_MG_c00001_SA_NPB_3_i2.42991.42991.3	D:\SHARE\Tim\25-12-03_GD_Dataset\GD_dataset\NPB_3_i2\interact.pep.xml	NISDGFDGIPDNVDAALALPAHSYSGR	N[1737]ISDGFDGIPDNVDAALALPAHSYSGR	VLDPDYPR.NISDGFDGIPDNVDAALALPAHSYSGR.ERVYFFKG	R	E	27	3	3862.7395	4394.908	4394.9097	1465.9766	1465.9772	4393.8965	1465.6395	1.0132	0	37.799	7.054	1	0	2	0	242	268	0	1N(1622.5815)	NA	HexNAc(4)Hex(5) % 1622.5816	1.68	0	nISDGFDGIPDNVDAALALPAHSYSGR	N(33.31)I(0.00)S(0.00)D(0.00)G(0.00)F(0.00)D(0.00)G(0.00)I(0.00)P(0.00)D(0.00)N(0.00)V(0.00)D(0.00)A(0.00)A(0.00)L(0.00)A(0.00)L(0.00)P(0.00)A(0.00)H(0.00)S(0.00)Y(0.00)S(0.00)G(0.00)R(0.00)	N1	1	N(7.55)I(0.00)S(0.00)D(0.00)G(0.00)F(0.00)D(0.00)G(0.00)I(0.00)P(0.00)D(0.00)N(0.00)V(0.00)D(0.00)A(0.00)A(0.00)L(0.00)A(0.00)L(0.00)P(0.00)A(0.00)H(0.00)S(0.00)Y(0.00)S(0.00)G(0.00)R(0.00)	N(0)I(0)S(0)D(0)G(0)F(0)D(0)G(0)I(0)P(0)D(0)N(0)V(0)D(0)A(0)A(0)L(0)A(0)L(0)P(0)A(0)H(0)S(0)Y(0)S(0)G(0)R(0)	33.311886	11	0	0	37.79908	14	7.553446	0	0	0	0	FALSE	FALSE	TRUE	sp|P04004|VTNC_HUMAN	P04004	VTNC_HUMAN	VTN	Vitronectin			42938	0	0	0	0	0	0
240419_ES_R00006_MG_c00001_SA_NPB_3_i2.43017.43017.4	D:\SHARE\Tim\25-12-03_GD_Dataset\GD_dataset\NPB_3_i2\interact.pep.xml	NISDGFDGIPDNVDAALALPAHSYSGR	N[1737]ISDGFDGIPDNVDAALALPAHSYSGR	VLDPDYPR.NISDGFDGIPDNVDAALALPAHSYSGR.ERVYFFKG	R	E	27	4	3864.688	4393.9004	4393.903	1099.4824	1099.483	4393.8965	1099.4814	0.0062	5.70E-13	44.672	9.211	1	0	2	0	242	268	12224996	1N(1622.5815)	NA	HexNAc(4)Hex(5) % 1622.5816	1.89	0	nISDGFDGIPDNVDAALALPAHSYSGR	N(41.94)I(0.00)S(0.00)D(0.00)G(0.00)F(0.00)D(0.00)G(0.00)I(0.00)P(0.00)D(0.00)N(0.00)V(0.00)D(0.00)A(0.00)A(0.00)L(0.00)A(0.00)L(0.00)P(0.00)A(0.00)H(0.00)S(0.00)Y(0.00)S(0.00)G(0.00)R(0.00)	N1	1	N(9.58)I(0.00)S(0.00)D(0.00)G(0.00)F(0.00)D(0.00)G(0.00)I(0.00)P(0.00)D(0.00)N(0.00)V(0.00)D(0.00)A(0.00)A(0.00)L(0.00)A(0.00)L(0.00)P(0.00)A(0.00)H(0.00)S(0.00)Y(0.00)S(0.00)G(0.00)R(0.00)	N(0)I(0)S(0)D(0)G(0)F(0)D(0)G(0)I(0)P(0)D(0)N(0)V(0)D(0)A(0)A(0)L(0)A(0)L(0)P(0)A(0)H(0)S(0)Y(0)S(0)G(0)R(0)	41.93522	13	0	0	44.67231	15	9.582381	0	0	0	0	FALSE	FALSE	TRUE	sp|P04004|VTNC_HUMAN	P04004	VTNC_HUMAN	VTN	Vitronectin			42972	3856.8481	42911	3843.2183	3981.9663	23.873001	57
240419_ES_R00006_MG_c00001_SA_NPB_3_i2.43086.43086.4	D:\SHARE\Tim\25-12-03_GD_Dataset\GD_dataset\NPB_3_i2\interact.pep.xml	NISDGFDGIPDNVDAALALPAHSYSGR	N[1737]ISDGFDGIPDNVDAALALPAHSYSGR	VLDPDYPR.NISDGFDGIPDNVDAALALPAHSYSGR.ERVYFFKG	R	E	27	4	3869.7349	4393.907	4393.9023	1099.484	1099.4829	4393.8965	1099.4814	0.0059	1.88E-12	39.268	9.63	1	0	2	0	242	268	0	1N(1622.5815)	NA	HexNAc(4)Hex(5) % 1622.5816	2.35	0	nISDGFDGIPDNVDAALALPAHSYSGR	N(36.46)I(0.00)S(0.00)D(0.00)G(0.00)F(0.00)D(0.00)G(0.00)I(0.00)P(0.00)D(0.00)N(0.00)V(0.00)D(0.00)A(0.00)A(0.00)L(0.00)A(0.00)L(0.00)P(0.00)A(0.00)H(0.00)S(0.00)Y(0.00)S(0.00)G(0.00)R(0.00)	N1	1	N(6.92)I(0.00)S(0.00)D(0.00)G(0.00)F(0.00)D(0.00)G(0.00)I(0.00)P(0.00)D(0.00)N(0.00)V(0.00)D(0.00)A(0.00)A(0.00)L(0.00)A(0.00)L(0.00)P(0.00)A(0.00)H(0.00)S(0.00)Y(0.00)S(0.00)G(0.00)R(0.00)	N(0)I(0)S(0)D(0)G(0)F(0)D(0)G(0)I(0)P(0)D(0)N(0)V(0)D(0)A(0)A(0)L(0)A(0)L(0)P(0)A(0)H(0)S(0)Y(0)S(0)G(0)R(0)	36.457146	13	0	0	39.268715	15	6.919828	0	0	0	0	FALSE	FALSE	TRUE	sp|P04004|VTNC_HUMAN	P04004	VTNC_HUMAN	VTN	Vitronectin			43039	0	0	0	0	0	0
240419_ES_R00006_MG_c00001_SA_NPB_3_i2.43171.43171.4	D:\SHARE\Tim\25-12-03_GD_Dataset\GD_dataset\NPB_3_i2\interact.pep.xml	NISDGFDGIPDNVDAALALPAHSYSGR	N[2028]ISDGFDGIPDNVDAALALPAHSYSGR	VLDPDYPR.NISDGFDGIPDNVDAALALPAHSYSGR.ERVYFFKG	R	E	27	4	3876.0173	4684.997	4684.991	1172.2565	1172.255	4684.9922	1172.2554	-9.00E-04	1.20E-10	25.408	9.326	1	0	2	0	242	268	16674906	1N(1913.6770)	NA	HexNAc(4)Hex(5)NeuAc(1) % 1913.6770	5.25	0	nISDGFDGIPDNVDAALALPAHSYSGR	N(25.41)I(0.00)S(0.00)D(0.00)G(0.00)F(0.00)D(0.00)G(0.00)I(0.00)P(0.00)D(0.00)N(0.00)V(0.00)D(0.00)A(0.00)A(0.00)L(0.00)A(0.00)L(0.00)P(0.00)A(0.00)H(0.00)S(0.00)Y(0.00)S(0.00)G(0.00)R(0.00)	N1	1	N(8.01)I(0.00)S(0.00)D(0.00)G(0.00)F(0.00)D(0.00)G(0.00)I(0.00)P(0.00)D(0.00)N(0.00)V(0.00)D(0.00)A(0.00)A(0.00)L(0.00)A(0.00)L(0.00)P(0.00)A(0.00)H(0.00)S(0.00)Y(0.00)S(0.00)G(0.00)R(0.00)	N(0)I(0)S(0)D(0)G(0)F(0)D(0)G(0)I(0)P(0)D(0)N(0)V(0)D(0)A(0)A(0)L(0)A(0)L(0)P(0)A(0)H(0)S(0)Y(0)S(0)G(0)R(0)	25.408161	8	0	0	25.408161	8	8.008446	0	0	0	0	FALSE	FALSE	TRUE	sp|P04004|VTNC_HUMAN	P04004	VTNC_HUMAN	VTN	Vitronectin			43143	3878.09	43200	3861.3643	3902.5522	19.575	14
240419_ES_R00006_MG_c00001_SA_NPB_3_i2.43182.43182.3	D:\SHARE\Tim\25-12-03_GD_Dataset\GD_dataset\NPB_3_i2\interact.pep.xml	NISDGFDGIPDNVDAALALPAHSYSGR	N[1737]ISDGFDGIPDNVDAALALPAHSYSGR	VLDPDYPR.NISDGFDGIPDNVDAALALPAHSYSGR.ERVYFFKG	R	E	27	3	3876.7686	4393.8916	4393.9067	1465.6378	1465.6428	4393.8965	1465.6395	0.0103	0	50.755	13.226	1	0	2	0	242	268	572951620	1N(1622.5815)	NA	HexNAc(4)Hex(5) % 1622.5816	1.79	0	nISDGFDGIPDNVDAALALPAHSYSGR	N(48.96)I(0.00)S(0.00)D(0.00)G(0.00)F(0.00)D(0.00)G(0.00)I(0.00)P(0.00)D(0.00)N(0.00)V(0.00)D(0.00)A(0.00)A(0.00)L(0.00)A(0.00)L(0.00)P(0.00)A(0.00)H(0.00)S(0.00)Y(0.00)S(0.00)G(0.00)R(0.00)	N1	1	N(10.45)I(0.00)S(0.00)D(0.00)G(0.00)F(0.00)D(0.00)G(0.00)I(0.00)P(0.00)D(0.00)N(0.00)V(0.00)D(0.00)A(0.00)A(0.00)L(0.00)A(0.00)L(0.00)P(0.00)A(0.00)H(0.00)S(0.00)Y(0.00)S(0.00)G(0.00)R(0.00)	N(1)I(0)S(0)D(0)G(0)F(0)D(0)G(0)I(0)P(0)D(0)N(0)V(0)D(0)A(0)A(0)L(0)A(0)L(0)P(0)A(0)H(0)S(0)Y(0)S(0)G(0)R(0)	48.96163	16	0	0	50.755497	17	10.448051	1	0	0	0	FALSE	FALSE	TRUE	sp|P04004|VTNC_HUMAN	P04004	VTNC_HUMAN	VTN	Vitronectin			43143	3899.756	43486	3854.5083	3952.9011	21.146002	34
240419_ES_R00006_MG_c00001_SA_NPB_3_i2.43208.43208.3	D:\SHARE\Tim\25-12-03_GD_Dataset\GD_dataset\NPB_3_i2\interact.pep.xml	NISDGFDGIPDNVDAALALPAHSYSGR	N[1737]ISDGFDGIPDNVDAALALPAHSYSGR	VLDPDYPR.NISDGFDGIPDNVDAALALPAHSYSGR.ERVYFFKG	R	E	27	3	3878.7095	4393.908	4393.9067	1465.6433	1465.6428	4393.8965	1465.6395	0.0103	0	55.673	8.257	1	0	2	0	242	268	629868220	1N(1622.5815)	NA	HexNAc(4)Hex(5) % 1622.5816	0.98	0	nISDGFDGIPDNVDAALALPAHSYSGR	N(48.81)I(0.00)S(0.00)D(0.00)G(0.00)F(0.00)D(0.00)G(0.00)I(0.00)P(0.00)D(0.00)N(0.00)V(0.00)D(0.00)A(0.00)A(0.00)L(0.00)A(0.00)L(0.00)P(0.00)A(0.00)H(0.00)S(0.00)Y(0.00)S(0.00)G(0.00)R(0.00)	N1	1	N(9.83)I(0.00)S(0.00)D(0.00)G(0.00)F(0.00)D(0.00)G(0.00)I(0.00)P(0.00)D(0.00)N(0.00)V(0.00)D(0.00)A(0.00)A(0.00)L(0.00)A(0.00)L(0.00)P(0.00)A(0.00)H(0.00)S(0.00)Y(0.00)S(0.00)G(0.00)R(0.00)	N(1)I(0)S(0)D(0)G(0)F(0)D(0)G(0)I(0)P(0)D(0)N(0)V(0)D(0)A(0)A(0)L(0)A(0)L(0)P(0)A(0)H(0)S(0)Y(0)S(0)G(0)R(0)	48.80974	16	0	0	55.673794	20	9.832258	1	0	0	0	FALSE	FALSE	TRUE	sp|P04004|VTNC_HUMAN	P04004	VTNC_HUMAN	VTN	Vitronectin			43168	3897.7192	43459	3854.5083	3951.3892	21.146002	35
240419_ES_R00006_MG_c00001_SA_NPB_3_i2.43212.43212.4	D:\SHARE\Tim\25-12-03_GD_Dataset\GD_dataset\NPB_3_i2\interact.pep.xml	NNATVHEQVGGPSLTSDLQAQSK	NN[2028]ATVHEQVGGPSLTSDLQAQSK	VYDDGEEK.NNATVHEQVGGPSLTSDLQAQSK.GNPEQTPV	K	G	23	4	3878.9858	4293.8076	4293.8345	1074.4592	1074.4659	4293.8389	1074.467	-0.0044	0.02479857	15.375	13.271	0.9968	0	2	0	85	107	9430433	2N(1913.6770)	NA	HexNAc(4)Hex(5)NeuAc(1) % 1913.6770	3.45	0	NnATVHEQVGGPSLTSDLQAQSK	N(0.00)N(15.38)A(0.00)T(0.00)V(0.00)H(0.00)E(0.00)Q(0.00)V(0.00)G(0.00)G(0.00)P(0.00)S(0.00)L(0.00)T(0.00)S(0.00)D(0.00)L(0.00)Q(0.00)A(0.00)Q(0.00)S(0.00)K(0.00)	N2	1	N(0.00)N(7.78)A(0.00)T(0.00)V(0.00)H(0.00)E(0.00)Q(0.00)V(0.00)G(0.00)G(0.00)P(0.00)S(0.00)L(0.00)T(0.00)S(0.00)D(0.00)L(0.00)Q(0.00)A(0.00)Q(0.00)S(0.00)K(0.00)	N(0)N(0)A(0)T(0)V(0)H(0)E(0)Q(0)V(0)G(0)G(0)P(0)S(0)L(0)T(0)S(0)D(0)L(0)Q(0)A(0)Q(0)S(0)K(0)	15.375101	4	0	0	15.375101	4	7.7801595	0	0	0	0	FALSE	FALSE	FALSE	sp|P04004|VTNC_HUMAN	P04004	VTNC_HUMAN	VTN	Vitronectin		tr|F5GX75|F5GX75_HUMAN	43168	3888.5503	43337	3873.8843	3912.3962	35.611	15
240419_ES_R00006_MG_c00001_SA_NPB_3_i2.43242.43242.4	D:\SHARE\Tim\25-12-03_GD_Dataset\GD_dataset\NPB_3_i2\interact.pep.xml	NISDGFDGIPDNVDAALALPAHSYSGR	N[2028]ISDGFDGIPDNVDAALALPAHSYSGR	VLDPDYPR.NISDGFDGIPDNVDAALALPAHSYSGR.ERVYFFKG	R	E	27	4	3881.2446	4685.0093	4684.993	1172.2596	1172.2555	4684.9922	1172.2554	0.0012	1.27E-05	17.459	9.601	0.9994	0	2	0	242	268	16336544	1N(1913.6770)	NA	HexNAc(4)Hex(5)NeuAc(1) % 1913.6770	5.44	0	nISDGFDGIPDNVDAALALPAHSYSGR	N(17.46)I(0.00)S(0.00)D(0.00)G(0.00)F(0.00)D(0.00)G(0.00)I(0.00)P(0.00)D(0.00)N(0.00)V(0.00)D(0.00)A(0.00)A(0.00)L(0.00)A(0.00)L(0.00)P(0.00)A(0.00)H(0.00)S(0.00)Y(0.00)S(0.00)G(0.00)R(0.00)	N1	1	N(3.98)I(0.00)S(0.00)D(0.00)G(0.00)F(0.00)D(0.00)G(0.00)I(0.00)P(0.00)D(0.00)N(0.00)V(0.00)D(0.00)A(0.00)A(0.00)L(0.00)A(0.00)L(0.00)P(0.00)A(0.00)H(0.00)S(0.00)Y(0.00)S(0.00)G(0.00)R(0.00)	N(0)I(0)S(0)D(0)G(0)F(0)D(0)G(0)I(0)P(0)D(0)N(0)V(0)D(0)A(0)A(0)L(0)A(0)L(0)P(0)A(0)H(0)S(0)Y(0)S(0)G(0)R(0)	17.459894	7	0	0	17.459894	7	3.982817	0	0	0	0	FALSE	FALSE	TRUE	sp|P04004|VTNC_HUMAN	P04004	VTNC_HUMAN	VTN	Vitronectin			43200	3875.7393	43168	3858.8442	3902.5522	19.575	14
240419_ES_R00006_MG_c00001_SA_NPB_3_i2.43308.43308.5	D:\SHARE\Tim\25-12-03_GD_Dataset\GD_dataset\NPB_3_i2\interact.pep.xml	NISDGFDGIPDNVDAALALPAHSYSGR	N[1737]ISDGFDGIPDNVDAALALPAHSYSGR	VLDPDYPR.NISDGFDGIPDNVDAALALPAHSYSGR.ERVYFFKG	R	E	27	5	3886.4187	4393.9053	4393.8955	879.7883	879.7864	4393.8965	879.7866	-0.0011	0	71.664	9.21	1	0	2	0	242	268	53024888	1N(1622.5815)	NA	HexNAc(4)Hex(5) % 1622.5816	2.72	0	nISDGFDGIPDNVDAALALPAHSYSGR	N(65.71)I(0.00)S(0.00)D(0.00)G(0.00)F(0.00)D(0.00)G(0.00)I(0.00)P(0.00)D(0.00)N(0.00)V(0.00)D(0.00)A(0.00)A(0.00)L(0.00)A(0.00)L(0.00)P(0.00)A(0.00)H(0.00)S(0.00)Y(0.00)S(0.00)G(0.00)R(0.00)	N1	1	N(13.28)I(0.00)S(0.00)D(0.00)G(0.00)F(0.00)D(0.00)G(0.00)I(0.00)P(0.00)D(0.00)N(0.00)V(0.00)D(0.00)A(0.00)A(0.00)L(0.00)A(0.00)L(0.00)P(0.00)A(0.00)H(0.00)S(0.00)Y(0.00)S(0.00)G(0.00)R(0.00)	N(1)I(0)S(0)D(0)G(0)F(0)D(0)G(0)I(0)P(0)D(0)N(0)V(0)D(0)A(0)A(0)L(0)A(0)L(0)P(0)A(0)H(0)S(0)Y(0)S(0)G(0)R(0)	65.71189	20	0	0	71.664444	24	13.279442	1	0	0	0	FALSE	FALSE	TRUE	sp|P04004|VTNC_HUMAN	P04004	VTNC_HUMAN	VTN	Vitronectin			43273	3897.7192	43459	3873.8843	3927.3213	18.218	18
240419_ES_R00006_MG_c00001_SA_NPB_3_i2.43366.43366.5	D:\SHARE\Tim\25-12-03_GD_Dataset\GD_dataset\NPB_3_i2\interact.pep.xml	NISDGFDGIPDNVDAALALPAHSYSGR	N[2028]ISDGFDGIPDNVDAALALPAHSYSGR	VLDPDYPR.NISDGFDGIPDNVDAALALPAHSYSGR.ERVYFFKG	R	E	27	5	3890.6296	4687.0005	4686.9883	938.4074	938.4049	4684.9922	938.0057	1.9963	0.0592584	13.409	0	0.9934	0	2	0	242	268	0	1N(1913.6770)	NA	HexNAc(4)Hex(5)NeuAc(1) % 1913.6770	-0.64	0	nISDGFDGIPDNVDAALALPAHSYSGR	N(13.41)I(0.00)S(0.00)D(0.00)G(0.00)F(0.00)D(0.00)G(0.00)I(0.00)P(0.00)D(0.00)N(0.00)V(0.00)D(0.00)A(0.00)A(0.00)L(0.00)A(0.00)L(0.00)P(0.00)A(0.00)H(0.00)S(0.00)Y(0.00)S(0.00)G(0.00)R(0.00)	N1	1	N(4.29)I(0.00)S(0.00)D(0.00)G(0.00)F(0.00)D(0.00)G(0.00)I(0.00)P(0.00)D(0.00)N(0.00)V(0.00)D(0.00)A(0.00)A(0.00)L(0.00)A(0.00)L(0.00)P(0.00)A(0.00)H(0.00)S(0.00)Y(0.00)S(0.00)G(0.00)R(0.00)	N(0)I(0)S(0)D(0)G(0)F(0)D(0)G(0)I(0)P(0)D(0)N(0)V(0)D(0)A(0)A(0)L(0)A(0)L(0)P(0)A(0)H(0)S(0)Y(0)S(0)G(0)R(0)	13.409819	5	0	0	13.409819	5	4.2902403	0	0	0	0	FALSE	FALSE	TRUE	sp|P04004|VTNC_HUMAN	P04004	VTNC_HUMAN	VTN	Vitronectin			43301	0	0	0	0	0	0
240419_ES_R00006_MG_c00001_SA_NPB_3_i2.43413.43413.3	D:\SHARE\Tim\25-12-03_GD_Dataset\GD_dataset\NPB_3_i2\interact.pep.xml	NGSLFAFR	N[2319]GSLFAFR	FDAFTDLK.NGSLFAFR.GQYCYELD	K	G	8	3	3894.2166	3115.2388	3115.2327	1039.4202	1039.4182	3115.2385	1039.42	-0.0059	0.01116863	15.308	0	0.9938	0	2	0	169	176	5270690	1N(2204.7725)	NA	HexNAc(4)Hex(5)NeuAc(2) % 2204.7724	4.93	0	nGSLFAFR	N(14.26)G(0.00)S(0.00)L(0.00)F(0.00)A(0.00)F(0.00)R(0.00)	N1	1	N(12.25)G(0.00)S(0.00)L(0.00)F(0.00)A(0.00)F(0.00)R(0.00)	N(0)G(0)S(0)L(0)F(0)A(0)F(0)R(0)	14.26074	1	0	0	15.308059	2	12.246052	0	0	0	0	FALSE	FALSE	TRUE	sp|P04004|VTNC_HUMAN	P04004	VTNC_HUMAN	VTN	Vitronectin			43368	3894.8262	43420	3421.6292	4059.0833	28.201002	291
240419_ES_R00006_MG_c00001_SA_NPB_3_i2.43436.43436.3	D:\SHARE\Tim\25-12-03_GD_Dataset\GD_dataset\NPB_3_i2\interact.pep.xml	NGSLFAFR	N[2319]GSLFAFR	FDAFTDLK.NGSLFAFR.GQYCYELD	K	G	8	3	3896.0464	3116.254	3116.2478	1039.7586	1039.7565	3115.2385	1039.42	1.0093	0.003359308	16.395	0	0.9981	0	2	0	169	176	4710357	1N(2204.7725)	NA	HexNAc(4)Hex(5)NeuAc(2) % 2204.7724	4.57	0	nGSLFAFR	N(16.40)G(0.00)S(0.00)L(0.00)F(0.00)A(0.00)F(0.00)R(0.00)	N1	1	N(12.30)G(0.00)S(0.00)L(0.00)F(0.00)A(0.00)F(0.00)R(0.00)	N(0)G(0)S(0)L(0)F(0)A(0)F(0)R(0)	16.395523	2	0	0	16.395523	2	12.304358	0	0	0	0	FALSE	FALSE	TRUE	sp|P04004|VTNC_HUMAN	P04004	VTNC_HUMAN	VTN	Vitronectin			43394	3897.7192	43459	3421.6292	4059.0833	28.201002	291
240419_ES_R00006_MG_c00001_SA_NPB_3_i2.43474.43474.3	D:\SHARE\Tim\25-12-03_GD_Dataset\GD_dataset\NPB_3_i2\interact.pep.xml	NNATVHEQVGGPSLTSDLQAQSK	NN[2319]ATVHEQVGGPSLTSDLQAQSK	VYDDGEEK.NNATVHEQVGGPSLTSDLQAQSK.GNPEQTPV	K	G	23	3	3898.8157	4586.9805	4586.952	1530.0008	1529.9913	4584.9346	1529.3188	2.0178	4.78E-07	21.911	13.313	1	0	2	0	85	107	0	2N(2204.7725)	NA	HexNAc(4)Hex(5)NeuAc(2) % 2204.7724	2.76	0	NnATVHEQVGGPSLTSDLQAQSK	N(0.00)N(21.91)A(0.00)T(0.00)V(0.00)H(0.00)E(0.00)Q(0.00)V(0.00)G(0.00)G(0.00)P(0.00)S(0.00)L(0.00)T(0.00)S(0.00)D(0.00)L(0.00)Q(0.00)A(0.00)Q(0.00)S(0.00)K(0.00)	N2	1	N(0.00)N(9.73)A(0.00)T(0.00)V(0.00)H(0.00)E(0.00)Q(0.00)V(0.00)G(0.00)G(0.00)P(0.00)S(0.00)L(0.00)T(0.00)S(0.00)D(0.00)L(0.00)Q(0.00)A(0.00)Q(0.00)S(0.00)K(0.00)	N(0)N(1)A(0)T(0)V(0)H(0)E(0)Q(0)V(0)G(0)G(0)P(0)S(0)L(0)T(0)S(0)D(0)L(0)Q(0)A(0)Q(0)S(0)K(0)	21.911587	7	0	0	20.24804	6	9.72939	1	0	0	0	FALSE	FALSE	FALSE	sp|P04004|VTNC_HUMAN	P04004	VTNC_HUMAN	VTN	Vitronectin		tr|F5GX75|F5GX75_HUMAN	43420	0	0	0	0	0	0
240419_ES_R00006_MG_c00001_SA_NPB_3_i2.43487.43487.4	D:\SHARE\Tim\25-12-03_GD_Dataset\GD_dataset\NPB_3_i2\interact.pep.xml	NNATVHEQVGGPSLTSDLQAQSK	NN[2319]ATVHEQVGGPSLTSDLQAQSK	VYDDGEEK.NNATVHEQVGGPSLTSDLQAQSK.GNPEQTPV	K	G	23	4	3899.771	4585.9517	4585.9385	1147.4952	1147.4919	4584.9346	1147.241	1.0042	3.09E-09	43.541	0	1	0	2	0	85	107	33627556	2N(2204.7725)	NA	HexNAc(4)Hex(5)NeuAc(2) % 2204.7724	6.81	0	NnATVHEQVGGPSLTSDLQAQSK	N(0.00)N(43.54)A(0.00)T(0.00)V(0.00)H(0.00)E(0.00)Q(0.00)V(0.00)G(0.00)G(0.00)P(0.00)S(0.00)L(0.00)T(0.00)S(0.00)D(0.00)L(0.00)Q(0.00)A(0.00)Q(0.00)S(0.00)K(0.00)	N2	1	N(0.00)N(16.41)A(0.00)T(0.00)V(0.00)H(0.00)E(0.00)Q(0.00)V(0.00)G(0.00)G(0.00)P(0.00)S(0.00)L(0.00)T(0.00)S(0.00)D(0.00)L(0.00)Q(0.00)A(0.00)Q(0.00)S(0.00)K(0.00)	N(0)N(3)A(0)T(0)V(0)H(0)E(0)Q(0)V(0)G(0)G(0)P(0)S(0)L(0)T(0)S(0)D(0)L(0)Q(0)A(0)Q(0)S(0)K(0)	43.54108	14	0	0	43.47146	14	16.410973	3	0	0	0	FALSE	FALSE	FALSE	sp|P04004|VTNC_HUMAN	P04004	VTNC_HUMAN	VTN	Vitronectin		tr|F5GX75|F5GX75_HUMAN	43459	3906.768	43576	3479.7651	4187.8984	3.232	313
240419_ES_R00006_MG_c00001_SA_NPB_3_i2.43503.43503.3	D:\SHARE\Tim\25-12-03_GD_Dataset\GD_dataset\NPB_3_i2\interact.pep.xml	NNATVHEQVGGPSLTSDLQAQSK	NN[2319]ATVHEQVGGPSLTSDLQAQSK	VYDDGEEK.NNATVHEQVGGPSLTSDLQAQSK.GNPEQTPV	K	G	23	3	3901.0117	4585.912	4585.9346	1529.6446	1529.6521	4584.9346	1529.3188	1.0002	1.21E-06	17.75	14.729	1	0	2	0	85	107	0	2N(2204.7725)	NA	HexNAc(4)Hex(5)NeuAc(2) % 2204.7724	5.42	0	NnATVHEQVGGPSLTSDLQAQSK	N(0.00)N(17.75)A(0.00)T(0.00)V(0.00)H(0.00)E(0.00)Q(0.00)V(0.00)G(0.00)G(0.00)P(0.00)S(0.00)L(0.00)T(0.00)S(0.00)D(0.00)L(0.00)Q(0.00)A(0.00)Q(0.00)S(0.00)K(0.00)	N2	1	N(0.00)N(9.55)A(0.00)T(0.00)V(0.00)H(0.00)E(0.00)Q(0.00)V(0.00)G(0.00)G(0.00)P(0.00)S(0.00)L(0.00)T(0.00)S(0.00)D(0.00)L(0.00)Q(0.00)A(0.00)Q(0.00)S(0.00)K(0.00)	N(0)N(0)A(0)T(0)V(0)H(0)E(0)Q(0)V(0)G(0)G(0)P(0)S(0)L(0)T(0)S(0)D(0)L(0)Q(0)A(0)Q(0)S(0)K(0)	17.750076	4	0	0	17.750076	4	9.551988	0	0	0	0	FALSE	FALSE	FALSE	sp|P04004|VTNC_HUMAN	P04004	VTNC_HUMAN	VTN	Vitronectin		tr|F5GX75|F5GX75_HUMAN	43459	0	0	0	0	0	0
240419_ES_R00006_MG_c00001_SA_NPB_3_i2.43577.43577.4	D:\SHARE\Tim\25-12-03_GD_Dataset\GD_dataset\NPB_3_i2\interact.pep.xml	NNATVHEQVGGPSLTSDLQAQSK	NN[2319]ATVHEQVGGPSLTSDLQAQSK	VYDDGEEK.NNATVHEQVGGPSLTSDLQAQSK.GNPEQTPV	K	G	23	4	3906.7832	4584.942	4584.944	1147.2428	1147.2433	4584.9346	1147.241	0.0095	2.41E-06	35.394	0	0.9999	0	2	0	85	107	33627556	2N(2204.7725)	NA	HexNAc(4)Hex(5)NeuAc(2) % 2204.7724	5.19	0	NnATVHEQVGGPSLTSDLQAQSK	N(0.00)N(35.39)A(0.00)T(0.00)V(0.00)H(0.00)E(0.00)Q(0.00)V(0.00)G(0.00)G(0.00)P(0.00)S(0.00)L(0.00)T(0.00)S(0.00)D(0.00)L(0.00)Q(0.00)A(0.00)Q(0.00)S(0.00)K(0.00)	N2	1	N(0.00)N(12.08)A(0.00)T(0.00)V(0.00)H(0.00)E(0.00)Q(0.00)V(0.00)G(0.00)G(0.00)P(0.00)S(0.00)L(0.00)T(0.00)S(0.00)D(0.00)L(0.00)Q(0.00)A(0.00)Q(0.00)S(0.00)K(0.00)	N(0)N(1)A(0)T(0)V(0)H(0)E(0)Q(0)V(0)G(0)G(0)P(0)S(0)L(0)T(0)S(0)D(0)L(0)Q(0)A(0)Q(0)S(0)K(0)	35.394882	11	0	0	34.78671	11	12.078742	1	0	0	0	FALSE	FALSE	FALSE	sp|P04004|VTNC_HUMAN	P04004	VTNC_HUMAN	VTN	Vitronectin		tr|F5GX75|F5GX75_HUMAN	43551	3906.768	43576	3473.643	4197.68	3.232	323
240419_ES_R00006_MG_c00001_SA_NPB_3_i2.43618.43618.4	D:\SHARE\Tim\25-12-03_GD_Dataset\GD_dataset\NPB_3_i2\interact.pep.xml	NNATVHEQVGGPSLTSDLQAQSK	NN[2028]ATVHEQVGGPSLTSDLQAQSK	VYDDGEEK.NNATVHEQVGGPSLTSDLQAQSK.GNPEQTPV	K	G	23	4	3909.9097	4293.824	4293.8335	1074.4633	1074.4657	4293.8389	1074.467	-0.0054	0.000695274	20.236	0	1	0	2	0	85	107	0	2N(1913.6770)	NA	HexNAc(4)Hex(5)NeuAc(1) % 1913.6770	3.03	0	NnATVHEQVGGPSLTSDLQAQSK	N(0.00)N(20.24)A(0.00)T(0.00)V(0.00)H(0.00)E(0.00)Q(0.00)V(0.00)G(0.00)G(0.00)P(0.00)S(0.00)L(0.00)T(0.00)S(0.00)D(0.00)L(0.00)Q(0.00)A(0.00)Q(0.00)S(0.00)K(0.00)	N2	1	N(0.00)N(12.13)A(0.00)T(0.00)V(0.00)H(0.00)E(0.00)Q(0.00)V(0.00)G(0.00)G(0.00)P(0.00)S(0.00)L(0.00)T(0.00)S(0.00)D(0.00)L(0.00)Q(0.00)A(0.00)Q(0.00)S(0.00)K(0.00)	N(0)N(2)A(0)T(0)V(0)H(0)E(0)Q(0)V(0)G(0)G(0)P(0)S(0)L(0)T(0)S(0)D(0)L(0)Q(0)A(0)Q(0)S(0)K(0)	20.236364	6	0	0	18.745258	5	12.129592	2	0	0	0	FALSE	FALSE	FALSE	sp|P04004|VTNC_HUMAN	P04004	VTNC_HUMAN	VTN	Vitronectin		tr|F5GX75|F5GX75_HUMAN	43576	0	0	0	0	0	0
240419_ES_R00006_MG_c00001_SA_NPB_3_i2.43630.43630.3	D:\SHARE\Tim\25-12-03_GD_Dataset\GD_dataset\NPB_3_i2\interact.pep.xml	NNATVHEQVGGPSLTSDLQAQSK	NN[2028]ATVHEQVGGPSLTSDLQAQSK	VYDDGEEK.NNATVHEQVGGPSLTSDLQAQSK.GNPEQTPV	K	G	23	3	3911.0068	4295.851	4295.8564	1432.9576	1432.9594	4293.8389	1432.287	2.0175	0.02338367	12.963	0	0.9551	0.000230947	2	0	85	107	0	2N(1913.6770)	NA	HexNAc(4)Hex(5)NeuAc(1) % 1913.6770	1.26	0	NnATVHEQVGGPSLTSDLQAQSK	N(0.00)N(12.96)A(0.00)T(0.00)V(0.00)H(0.00)E(0.00)Q(0.00)V(0.00)G(0.00)G(0.00)P(0.00)S(0.00)L(0.00)T(0.00)S(0.00)D(0.00)L(0.00)Q(0.00)A(0.00)Q(0.00)S(0.00)K(0.00)	N2	1	N(0.00)N(7.39)A(0.00)T(0.00)V(0.00)H(0.00)E(0.00)Q(0.00)V(0.00)G(0.00)G(0.00)P(0.00)S(0.00)L(0.00)T(0.00)S(0.00)D(0.00)L(0.00)Q(0.00)A(0.00)Q(0.00)S(0.00)K(0.00)	N(0)N(0)A(0)T(0)V(0)H(0)E(0)Q(0)V(0)G(0)G(0)P(0)S(0)L(0)T(0)S(0)D(0)L(0)Q(0)A(0)Q(0)S(0)K(0)	12.963215	3	0	0	12.963215	3	7.3868575	0	0	0	0	FALSE	FALSE	FALSE	sp|P04004|VTNC_HUMAN	P04004	VTNC_HUMAN	VTN	Vitronectin		tr|F5GX75|F5GX75_HUMAN	43576	0	0	0	0	0	0
240419_ES_R00006_MG_c00001_SA_NPB_3_i2.43657.43657.4	D:\SHARE\Tim\25-12-03_GD_Dataset\GD_dataset\NPB_3_i2\interact.pep.xml	NNATVHEQVGGPSLTSDLQAQSK	NN[3121]ATVHEQVGGPSLTSDLQAQSK	VYDDGEEK.NNATVHEQVGGPSLTSDLQAQSK.GNPEQTPV	K	G	23	4	3913.1052	5387.186	5387.184	1347.8038	1347.8033	5387.2197	1347.8123	-0.0356	0.2519126	8.895	0	0.9262	0.000230947	2	0	85	107	0	2N(3007.0579)	NA	HexNAc(5)Hex(6)Fuc(1)NeuAc(3) % 3007.0579	-0.07	0	NnATVHEQVGGPSLTSDLQAQSK	N(0.00)N(8.90)A(0.00)T(0.00)V(0.00)H(0.00)E(0.00)Q(0.00)V(0.00)G(0.00)G(0.00)P(0.00)S(0.00)L(0.00)T(0.00)S(0.00)D(0.00)L(0.00)Q(0.00)A(0.00)Q(0.00)S(0.00)K(0.00)	N2	1	N(0.00)N(5.67)A(0.00)T(0.00)V(0.00)H(0.00)E(0.00)Q(0.00)V(0.00)G(0.00)G(0.00)P(0.00)S(0.00)L(0.00)T(0.00)S(0.00)D(0.00)L(0.00)Q(0.00)A(0.00)Q(0.00)S(0.00)K(0.00)	N(0)N(0)A(0)T(0)V(0)H(0)E(0)Q(0)V(0)G(0)G(0)P(0)S(0)L(0)T(0)S(0)D(0)L(0)Q(0)A(0)Q(0)S(0)K(0)	8.895361	2	0	0	8.895361	2	5.6709495	0	0	0	0	FALSE	FALSE	FALSE	sp|P04004|VTNC_HUMAN	P04004	VTNC_HUMAN	VTN	Vitronectin		tr|F5GX75|F5GX75_HUMAN	43613	0	0	0	0	0	0
240419_ES_R00006_MG_c00001_SA_NPB_3_i2.43691.43691.3	D:\SHARE\Tim\25-12-03_GD_Dataset\GD_dataset\NPB_3_i2\interact.pep.xml	NNATVHEQVGGPSLTSDLQAQSK	NN[2319]ATVHEQVGGPSLTSDLQAQSK	VYDDGEEK.NNATVHEQVGGPSLTSDLQAQSK.GNPEQTPV	K	G	23	3	3915.59	4584.941	4584.9404	1529.3209	1529.3207	4584.9346	1529.3188	0.0061	0.01230269	18.14	0	0.993	0	2	0	85	107	0	2N(2204.7725)	NA	HexNAc(4)Hex(5)NeuAc(2) % 2204.7724	4.16	0	NnATVHEQVGGPSLTSDLQAQSK	N(0.00)N(18.14)A(0.00)T(0.00)V(0.00)H(0.00)E(0.00)Q(0.00)V(0.00)G(0.00)G(0.00)P(0.00)S(0.00)L(0.00)T(0.00)S(0.00)D(0.00)L(0.00)Q(0.00)A(0.00)Q(0.00)S(0.00)K(0.00)	N2	1	N(0.00)N(9.90)A(0.00)T(0.00)V(0.00)H(0.00)E(0.00)Q(0.00)V(0.00)G(0.00)G(0.00)P(0.00)S(0.00)L(0.00)T(0.00)S(0.00)D(0.00)L(0.00)Q(0.00)A(0.00)Q(0.00)S(0.00)K(0.00)	N(0)N(0)A(0)T(0)V(0)H(0)E(0)Q(0)V(0)G(0)G(0)P(0)S(0)L(0)T(0)S(0)D(0)L(0)Q(0)A(0)Q(0)S(0)K(0)	18.140705	4	0	0	18.140705	4	9.898129	0	0	0	0	FALSE	FALSE	FALSE	sp|P04004|VTNC_HUMAN	P04004	VTNC_HUMAN	VTN	Vitronectin		tr|F5GX75|F5GX75_HUMAN	43648	0	0	0	0	0	0
240419_ES_R00006_MG_c00001_SA_NPB_3_i2.43722.43722.4	D:\SHARE\Tim\25-12-03_GD_Dataset\GD_dataset\NPB_3_i2\interact.pep.xml	NNATVHEQVGGPSLTSDLQAQSK	NN[2465]ATVHEQVGGPSLTSDLQAQSK	VYDDGEEK.NNATVHEQVGGPSLTSDLQAQSK.GNPEQTPV	K	G	23	4	3917.9683	4730.9683	4730.971	1183.7494	1183.75	4730.9922	1183.7554	-0.021	0.004456267	15.315	13.942	0.9974	0	2	0	85	107	4597692	2N(2350.8303)	NA	HexNAc(4)Hex(5)Fuc(1)NeuAc(2) % 2350.8303	1.08	0	NnATVHEQVGGPSLTSDLQAQSK	N(0.00)N(15.32)A(0.00)T(0.00)V(0.00)H(0.00)E(0.00)Q(0.00)V(0.00)G(0.00)G(0.00)P(0.00)S(0.00)L(0.00)T(0.00)S(0.00)D(0.00)L(0.00)Q(0.00)A(0.00)Q(0.00)S(0.00)K(0.00)	N2	1	N(0.00)N(9.25)A(0.00)T(0.00)V(0.00)H(0.00)E(0.00)Q(0.00)V(0.00)G(0.00)G(0.00)P(0.00)S(0.00)L(0.00)T(0.00)S(0.00)D(0.00)L(0.00)Q(0.00)A(0.00)Q(0.00)S(0.00)K(0.00)	N(0)N(0)A(0)T(0)V(0)H(0)E(0)Q(0)V(0)G(0)G(0)P(0)S(0)L(0)T(0)S(0)D(0)L(0)Q(0)A(0)Q(0)S(0)K(0)	15.315556	3	0	0	15.315556	3	9.248907	0	0	0	0	FALSE	FALSE	FALSE	sp|P04004|VTNC_HUMAN	P04004	VTNC_HUMAN	VTN	Vitronectin		tr|F5GX75|F5GX75_HUMAN	43682	3912.3962	43648	3897.7192	3997.172	11.410001	34
240419_ES_R00006_MG_c00001_SA_NPB_3_i2.43841.43841.4	D:\SHARE\Tim\25-12-03_GD_Dataset\GD_dataset\NPB_3_i2\interact.pep.xml	NISDGFDGIPDNVDAALALPAHSYSGR	N[1737]ISDGFDGIPDNVDAALALPAHSYSGR	VLDPDYPR.NISDGFDGIPDNVDAALALPAHSYSGR.ERVYFFKG	R	E	27	4	3927.3362	4393.909	4393.9023	1099.4845	1099.4829	4393.8965	1099.4814	0.0059	0	57.006	8.647	1	0	2	0	242	268	19540798	1N(1622.5815)	NA	HexNAc(4)Hex(5) % 1622.5816	1.95	0	nISDGFDGIPDNVDAALALPAHSYSGR	N(52.43)I(0.00)S(0.00)D(0.00)G(0.00)F(0.00)D(0.00)G(0.00)I(0.00)P(0.00)D(0.00)N(0.00)V(0.00)D(0.00)A(0.00)A(0.00)L(0.00)A(0.00)L(0.00)P(0.00)A(0.00)H(0.00)S(0.00)Y(0.00)S(0.00)G(0.00)R(0.00)	N1	1	N(11.16)I(0.00)S(0.00)D(0.00)G(0.00)F(0.00)D(0.00)G(0.00)I(0.00)P(0.00)D(0.00)N(0.00)V(0.00)D(0.00)A(0.00)A(0.00)L(0.00)A(0.00)L(0.00)P(0.00)A(0.00)H(0.00)S(0.00)Y(0.00)S(0.00)G(0.00)R(0.00)	N(1)I(0)S(0)D(0)G(0)F(0)D(0)G(0)I(0)P(0)D(0)N(0)V(0)D(0)A(0)A(0)L(0)A(0)L(0)P(0)A(0)H(0)S(0)Y(0)S(0)G(0)R(0)	52.428524	17	0	0	57.00631	20	11.162752	1	0	0	0	FALSE	FALSE	TRUE	sp|P04004|VTNC_HUMAN	P04004	VTNC_HUMAN	VTN	Vitronectin			43808	3931.7092	43899	3868.975	3981.9663	23.873001	49
240419_ES_R00006_MG_c00001_SA_NPB_3_i2.43842.43842.4	D:\SHARE\Tim\25-12-03_GD_Dataset\GD_dataset\NPB_3_i2\interact.pep.xml	NSVLNSSTAEHSSPYSEDPIEDPLQPDVTGIR	NSVLN[2319]SSTAEHSSPYSEDPIEDPLQPDVTGIR	PLRHLIGK.NSVLNSSTAEHSSPYSEDPIEDPLQPDVTGIR.LLSLGAGE	K	L	32	4	3927.5308	5658.427	5658.399	1415.614	1415.607	5658.3896	1415.6047	0.0095	0	32.062	8.111	1	0	2	0	817	848	48823204	5N(2204.7725)	NA	HexNAc(4)Hex(5)NeuAc(2) % 2204.7724	4.12	0	NSVLnSSTAEHSSPYSEDPIEDPLQPDVTGIR	N(0.00)S(0.00)V(0.00)L(0.00)N(30.25)S(0.00)S(0.00)T(0.00)A(0.00)E(0.00)H(0.00)S(0.00)S(0.00)P(0.00)Y(0.00)S(0.00)E(0.00)D(0.00)P(0.00)I(0.00)E(0.00)D(0.00)P(0.00)L(0.00)Q(0.00)P(0.00)D(0.00)V(0.00)T(0.00)G(0.00)I(0.00)R(0.00)	N5	1	N(0.00)S(0.00)V(0.00)L(0.00)N(4.68)S(0.00)S(0.00)T(0.00)A(0.00)E(0.00)H(0.00)S(0.00)S(0.00)P(0.00)Y(0.00)S(0.00)E(0.00)D(0.00)P(0.00)I(0.00)E(0.00)D(0.00)P(0.00)L(0.00)Q(0.00)P(0.00)D(0.00)V(0.00)T(0.00)G(0.00)I(0.00)R(0.00)	N(0)S(0)V(0)L(0)N(0)S(0)S(0)T(0)A(0)E(0)H(0)S(0)S(0)P(0)Y(0)S(0)E(0)D(0)P(0)I(0)E(0)D(0)P(0)L(0)Q(0)P(0)D(0)V(0)T(0)G(0)I(0)R(0)	30.246902	13	0	0	32.062473	14	4.682187	0	0	0	0	FALSE	FALSE	FALSE	sp|P12259|FA5_HUMAN	P12259	FA5_HUMAN	F5	Coagulation factor V		tr|A0A0A0MRJ7|A0A0A0MRJ7_HUMAN	43808	3938.3752	43988	3917.143	3968.8523	22.531	21
240419_ES_R00006_MG_c00001_SA_NPB_3_i2.43847.43847.4	D:\SHARE\Tim\25-12-03_GD_Dataset\GD_dataset\NPB_3_i2\interact.pep.xml	NNATVHEQVGGPSLTSDLQAQSK	NN[2028]ATVHEQVGGPSLTSDLQAQSK	VYDDGEEK.NNATVHEQVGGPSLTSDLQAQSK.GNPEQTPV	K	G	23	4	3927.877	4293.865	4293.8374	1074.4735	1074.4666	4293.8389	1074.467	-0.0015	2.54E-05	24.582	16.296	0.9997	0	2	0	85	107	0	2N(1913.6770)	NA	HexNAc(4)Hex(5)NeuAc(1) % 1913.6770	4.68	0	NnATVHEQVGGPSLTSDLQAQSK	N(0.00)N(24.58)A(0.00)T(0.00)V(0.00)H(0.00)E(0.00)Q(0.00)V(0.00)G(0.00)G(0.00)P(0.00)S(0.00)L(0.00)T(0.00)S(0.00)D(0.00)L(0.00)Q(0.00)A(0.00)Q(0.00)S(0.00)K(0.00)	N2	1	N(0.00)N(13.55)A(0.00)T(0.00)V(0.00)H(0.00)E(0.00)Q(0.00)V(0.00)G(0.00)G(0.00)P(0.00)S(0.00)L(0.00)T(0.00)S(0.00)D(0.00)L(0.00)Q(0.00)A(0.00)Q(0.00)S(0.00)K(0.00)	N(0)N(1)A(0)T(0)V(0)H(0)E(0)Q(0)V(0)G(0)G(0)P(0)S(0)L(0)T(0)S(0)D(0)L(0)Q(0)A(0)Q(0)S(0)K(0)	24.582155	6	0	0	24.361217	6	13.549772	1	0	0	0	FALSE	FALSE	FALSE	sp|P04004|VTNC_HUMAN	P04004	VTNC_HUMAN	VTN	Vitronectin		tr|F5GX75|F5GX75_HUMAN	43808	0	0	0	0	0	0
240419_ES_R00006_MG_c00001_SA_NPB_3_i2.44014.44014.3	D:\SHARE\Tim\25-12-03_GD_Dataset\GD_dataset\NPB_3_i2\interact.pep.xml	NISDGFDGIPDNVDAALALPAHSYSGR	N[1737]ISDGFDGIPDNVDAALALPAHSYSGR	VLDPDYPR.NISDGFDGIPDNVDAALALPAHSYSGR.ERVYFFKG	R	E	27	3	3940.4155	4393.9043	4393.903	1465.642	1465.6416	4393.8965	1465.6395	0.0062	0.001287508	20.061	7.272	1	0	2	0	242	268	1650218.2	1N(1622.5815)	NA	HexNAc(4)Hex(5) % 1622.5816	1.89	0	nISDGFDGIPDNVDAALALPAHSYSGR	N(20.06)I(0.00)S(0.00)D(0.00)G(0.00)F(0.00)D(0.00)G(0.00)I(0.00)P(0.00)D(0.00)N(0.00)V(0.00)D(0.00)A(0.00)A(0.00)L(0.00)A(0.00)L(0.00)P(0.00)A(0.00)H(0.00)S(0.00)Y(0.00)S(0.00)G(0.00)R(0.00)	N1	1	N(5.98)I(0.00)S(0.00)D(0.00)G(0.00)F(0.00)D(0.00)G(0.00)I(0.00)P(0.00)D(0.00)N(0.00)V(0.00)D(0.00)A(0.00)A(0.00)L(0.00)A(0.00)L(0.00)P(0.00)A(0.00)H(0.00)S(0.00)Y(0.00)S(0.00)G(0.00)R(0.00)	N(0)I(0)S(0)D(0)G(0)F(0)D(0)G(0)I(0)P(0)D(0)N(0)V(0)D(0)A(0)A(0)L(0)A(0)L(0)P(0)A(0)H(0)S(0)Y(0)S(0)G(0)R(0)	20.061605	7	0	0	20.061605	7	5.9819593	0	0	0	0	FALSE	FALSE	TRUE	sp|P04004|VTNC_HUMAN	P04004	VTNC_HUMAN	VTN	Vitronectin			43988	3945.8972	44087	3854.5083	3951.3892	21.146002	35
240419_ES_R00006_MG_c00001_SA_NPB_3_i2.44105.44105.4	D:\SHARE\Tim\25-12-03_GD_Dataset\GD_dataset\NPB_3_i2\interact.pep.xml	NISDGFDGIPDNVDAALALPAHSYSGR	N[2028]ISDGFDGIPDNVDAALALPAHSYSGR	VLDPDYPR.NISDGFDGIPDNVDAALALPAHSYSGR.ERVYFFKG	R	E	27	4	3947.217	4684.9907	4684.995	1172.255	1172.256	4684.9922	1172.2554	0.0031	0.000445656	22.904	0	1	0	2	0	242	268	12132652	1N(1913.6770)	NA	HexNAc(4)Hex(5)NeuAc(1) % 1913.6770	4.02	0	nISDGFDGIPDNVDAALALPAHSYSGR	N(22.90)I(0.00)S(0.00)D(0.00)G(0.00)F(0.00)D(0.00)G(0.00)I(0.00)P(0.00)D(0.00)N(0.00)V(0.00)D(0.00)A(0.00)A(0.00)L(0.00)A(0.00)L(0.00)P(0.00)A(0.00)H(0.00)S(0.00)Y(0.00)S(0.00)G(0.00)R(0.00)	N1	1	N(9.77)I(0.00)S(0.00)D(0.00)G(0.00)F(0.00)D(0.00)G(0.00)I(0.00)P(0.00)D(0.00)N(0.00)V(0.00)D(0.00)A(0.00)A(0.00)L(0.00)A(0.00)L(0.00)P(0.00)A(0.00)H(0.00)S(0.00)Y(0.00)S(0.00)G(0.00)R(0.00)	N(0)I(0)S(0)D(0)G(0)F(0)D(0)G(0)I(0)P(0)D(0)N(0)V(0)D(0)A(0)A(0)L(0)A(0)L(0)P(0)A(0)H(0)S(0)Y(0)S(0)G(0)R(0)	22.904602	6	0	0	22.904602	6	9.766334	0	0	0	0	FALSE	FALSE	TRUE	sp|P04004|VTNC_HUMAN	P04004	VTNC_HUMAN	VTN	Vitronectin			44063	3962.1182	44303	3936.1672	4005.6162	45.816	28
240419_ES_R00006_MG_c00001_SA_NPB_3_i2.44125.44125.3	D:\SHARE\Tim\25-12-03_GD_Dataset\GD_dataset\NPB_3_i2\interact.pep.xml	NISDGFDGIPDNVDAALALPAHSYSGR	N[1737]ISDGFDGIPDNVDAALALPAHSYSGR	VLDPDYPR.NISDGFDGIPDNVDAALALPAHSYSGR.ERVYFFKG	R	E	27	3	3948.7363	4395.919	4395.907	1466.3136	1466.3096	4393.8965	1465.6395	2.0106	0.007273608	15.053	0	0.9794	0.000230947	2	0	242	268	1650218.2	1N(1622.5815)	NA	HexNAc(4)Hex(5) % 1622.5816	0.4	0	nISDGFDGIPDNVDAALALPAHSYSGR	N(13.24)I(0.00)S(0.00)D(0.00)G(0.00)F(0.00)D(0.00)G(0.00)I(0.00)P(0.00)D(0.00)N(0.00)V(0.00)D(0.00)A(0.00)A(0.00)L(0.00)A(0.00)L(0.00)P(0.00)A(0.00)H(0.00)S(0.00)Y(0.00)S(0.00)G(0.00)R(0.00)	N1	1	N(4.38)I(0.00)S(0.00)D(0.00)G(0.00)F(0.00)D(0.00)G(0.00)I(0.00)P(0.00)D(0.00)N(0.00)V(0.00)D(0.00)A(0.00)A(0.00)L(0.00)A(0.00)L(0.00)P(0.00)A(0.00)H(0.00)S(0.00)Y(0.00)S(0.00)G(0.00)R(0.00)	N(0)I(0)S(0)D(0)G(0)F(0)D(0)G(0)I(0)P(0)D(0)N(0)V(0)D(0)A(0)A(0)L(0)A(0)L(0)P(0)A(0)H(0)S(0)Y(0)S(0)G(0)R(0)	13.238342	5	0	0	15.053167	6	4.3839498	0	0	0	0	FALSE	FALSE	TRUE	sp|P04004|VTNC_HUMAN	P04004	VTNC_HUMAN	VTN	Vitronectin			44087	3947.6333	44110	3856.8481	3952.9011	21.146002	35
240419_ES_R00006_MG_c00001_SA_NPB_3_i2.44164.44164.4	D:\SHARE\Tim\25-12-03_GD_Dataset\GD_dataset\NPB_3_i2\interact.pep.xml	NISDGFDGIPDNVDAALALPAHSYSGR	N[2028]ISDGFDGIPDNVDAALALPAHSYSGR	VLDPDYPR.NISDGFDGIPDNVDAALALPAHSYSGR.ERVYFFKG	R	E	27	4	3951.7363	4685.001	4684.995	1172.2575	1172.256	4684.9922	1172.2554	0.0031	0	44.977	8.838	1	0	2	0	242	268	12981300	1N(1913.6770)	NA	HexNAc(4)Hex(5)NeuAc(1) % 1913.6770	3.26	0	nISDGFDGIPDNVDAALALPAHSYSGR	N(41.99)I(0.00)S(0.00)D(0.00)G(0.00)F(0.00)D(0.00)G(0.00)I(0.00)P(0.00)D(0.00)N(0.00)V(0.00)D(0.00)A(0.00)A(0.00)L(0.00)A(0.00)L(0.00)P(0.00)A(0.00)H(0.00)S(0.00)Y(0.00)S(0.00)G(0.00)R(0.00)	N1	1	N(9.72)I(0.00)S(0.00)D(0.00)G(0.00)F(0.00)D(0.00)G(0.00)I(0.00)P(0.00)D(0.00)N(0.00)V(0.00)D(0.00)A(0.00)A(0.00)L(0.00)A(0.00)L(0.00)P(0.00)A(0.00)H(0.00)S(0.00)Y(0.00)S(0.00)G(0.00)R(0.00)	N(0)I(0)S(0)D(0)G(0)F(0)D(0)G(0)I(0)P(0)D(0)N(0)V(0)D(0)A(0)A(0)L(0)A(0)L(0)P(0)A(0)H(0)S(0)Y(0)S(0)G(0)R(0)	41.988087	13	0	0	44.977898	15	9.721304	0	0	0	0	FALSE	FALSE	TRUE	sp|P04004|VTNC_HUMAN	P04004	VTNC_HUMAN	VTN	Vitronectin			44140	3964.5303	44336	3936.1672	4003.2961	45.816	28
240419_ES_R00006_MG_c00001_SA_NPB_3_i2.44169.44169.3	D:\SHARE\Tim\25-12-03_GD_Dataset\GD_dataset\NPB_3_i2\interact.pep.xml	NISDGFDGIPDNVDAALALPAHSYSGR	N[1737]ISDGFDGIPDNVDAALALPAHSYSGR	VLDPDYPR.NISDGFDGIPDNVDAALALPAHSYSGR.ERVYFFKG	R	E	27	3	3952.084	4393.821	4393.819	1465.6143	1465.6136	4393.8965	1465.6395	-0.0776	1.68E-07	14.986	7.311	1	0	2	0	242	268	0	1N(1622.5815)	NA	HexNAc(4)Hex(5) % 1622.5816	-1.49	0.001120448	nISDGFDGIPDNVDAALALPAHSYSGR	N(13.08)I(0.00)S(0.00)D(0.00)G(0.00)F(0.00)D(0.00)G(0.00)I(0.00)P(0.00)D(0.00)N(0.00)V(0.00)D(0.00)A(0.00)A(0.00)L(0.00)A(0.00)L(0.00)P(0.00)A(0.00)H(0.00)S(0.00)Y(0.00)S(0.00)G(0.00)R(0.00)	N1	1	N(4.28)I(0.00)S(0.00)D(0.00)G(0.00)F(0.00)D(0.00)G(0.00)I(0.00)P(0.00)D(0.00)N(0.00)V(0.00)D(0.00)A(0.00)A(0.00)L(0.00)A(0.00)L(0.00)P(0.00)A(0.00)H(0.00)S(0.00)Y(0.00)S(0.00)G(0.00)R(0.00)	N(0)I(0)S(0)D(0)G(0)F(0)D(0)G(0)I(0)P(0)D(0)N(0)V(0)D(0)A(0)A(0)L(0)A(0)L(0)P(0)A(0)H(0)S(0)Y(0)S(0)G(0)R(0)	13.084058	5	0	0	14.986464	6	4.2761106	0	0	0	0	FALSE	FALSE	TRUE	sp|P04004|VTNC_HUMAN	P04004	VTNC_HUMAN	VTN	Vitronectin			44140	0	0	0	0	0	0
240419_ES_R00006_MG_c00001_SA_NPB_3_i2.44218.44218.3	D:\SHARE\Tim\25-12-03_GD_Dataset\GD_dataset\NPB_3_i2\interact.pep.xml	NNATVHEQVGGPSLTSDLQAQSK	NN[2319]ATVHEQVGGPSLTSDLQAQSK	VYDDGEEK.NNATVHEQVGGPSLTSDLQAQSK.GNPEQTPV	K	G	23	3	3955.7896	4586.948	4586.945	1529.9899	1529.9889	4584.9346	1529.3188	2.0105	0.1720878	10.557	0	0.6005	0.000230947	2	0	85	107	0	2N(2204.7725)	NA	HexNAc(4)Hex(5)NeuAc(2) % 2204.7724	0.87	0	NnATVHEQVGGPSLTSDLQAQSK	N(0.00)N(10.56)A(0.00)T(0.00)V(0.00)H(0.00)E(0.00)Q(0.00)V(0.00)G(0.00)G(0.00)P(0.00)S(0.00)L(0.00)T(0.00)S(0.00)D(0.00)L(0.00)Q(0.00)A(0.00)Q(0.00)S(0.00)K(0.00)	N2	1	N(0.00)N(3.20)A(0.00)T(0.00)V(0.00)H(0.00)E(0.00)Q(0.00)V(0.00)G(0.00)G(0.00)P(0.00)S(0.00)L(0.00)T(0.00)S(0.00)D(0.00)L(0.00)Q(0.00)A(0.00)Q(0.00)S(0.00)K(0.00)	N(0)N(0)A(0)T(0)V(0)H(0)E(0)Q(0)V(0)G(0)G(0)P(0)S(0)L(0)T(0)S(0)D(0)L(0)Q(0)A(0)Q(0)S(0)K(0)	10.557848	5	0	0	10.557848	5	3.2007933	0	0	0	0	FALSE	FALSE	FALSE	sp|P04004|VTNC_HUMAN	P04004	VTNC_HUMAN	VTN	Vitronectin		tr|F5GX75|F5GX75_HUMAN	44179	0	0	0	0	0	0
240419_ES_R00006_MG_c00001_SA_NPB_3_i2.44261.44261.5	D:\SHARE\Tim\25-12-03_GD_Dataset\GD_dataset\NPB_3_i2\interact.pep.xml	NSVLNSSTAEHSSPYSEDPIEDPLQPDVTGIR	NSVLN[2319]SSTAEHSSPYSEDPIEDPLQPDVTGIR	PLRHLIGK.NSVLNSSTAEHSSPYSEDPIEDPLQPDVTGIR.LLSLGAGE	K	L	32	5	3958.9727	5661.401	5661.4043	1133.2875	1133.2881	5658.3896	1132.6853	3.0149	0.1238084	11.129	0	0.9839	0.000230947	2	0	817	848	11662410	5N(2204.7725)	NA	HexNAc(4)Hex(5)NeuAc(2) % 2204.7724	-0.57	0	NSVLnSSTAEHSSPYSEDPIEDPLQPDVTGIR	N(0.00)S(0.00)V(0.00)L(0.00)N(11.13)S(0.00)S(0.00)T(0.00)A(0.00)E(0.00)H(0.00)S(0.00)S(0.00)P(0.00)Y(0.00)S(0.00)E(0.00)D(0.00)P(0.00)I(0.00)E(0.00)D(0.00)P(0.00)L(0.00)Q(0.00)P(0.00)D(0.00)V(0.00)T(0.00)G(0.00)I(0.00)R(0.00)	N5	1	N(0.00)S(0.00)V(0.00)L(0.00)N(4.90)S(0.00)S(0.00)T(0.00)A(0.00)E(0.00)H(0.00)S(0.00)S(0.00)P(0.00)Y(0.00)S(0.00)E(0.00)D(0.00)P(0.00)I(0.00)E(0.00)D(0.00)P(0.00)L(0.00)Q(0.00)P(0.00)D(0.00)V(0.00)T(0.00)G(0.00)I(0.00)R(0.00)	N(0)S(0)V(0)L(0)N(1)S(0)S(0)T(0)A(0)E(0)H(0)S(0)S(0)P(0)Y(0)S(0)E(0)D(0)P(0)I(0)E(0)D(0)P(0)L(0)Q(0)P(0)D(0)V(0)T(0)G(0)I(0)R(0)	11.129622	5	0	0	9.298823	4	4.902567	1	0	0	0	FALSE	FALSE	FALSE	sp|P12259|FA5_HUMAN	P12259	FA5_HUMAN	F5	Coagulation factor V		tr|A0A0A0MRJ7|A0A0A0MRJ7_HUMAN	44206	3938.3752	43988	3919.8782	3962.1182	22.727001	17
240419_ES_R00006_MG_c00001_SA_NPB_3_i2.44343.44343.4	D:\SHARE\Tim\25-12-03_GD_Dataset\GD_dataset\NPB_3_i2\interact.pep.xml	NISDGFDGIPDNVDAALALPAHSYSGR	N[1737]ISDGFDGIPDNVDAALALPAHSYSGR	VLDPDYPR.NISDGFDGIPDNVDAALALPAHSYSGR.ERVYFFKG	R	E	27	4	3965.1028	4393.9097	4393.9023	1099.4847	1099.4829	4393.8965	1099.4814	0.0059	5.34E-05	24.589	13.537	0.9999	0	2	0	242	268	12420945	1N(1622.5815)	NA	HexNAc(4)Hex(5) % 1622.5816	1.1	0	nISDGFDGIPDNVDAALALPAHSYSGR	N(22.87)I(0.00)S(0.00)D(0.00)G(0.00)F(0.00)D(0.00)G(0.00)I(0.00)P(0.00)D(0.00)N(0.00)V(0.00)D(0.00)A(0.00)A(0.00)L(0.00)A(0.00)L(0.00)P(0.00)A(0.00)H(0.00)S(0.00)Y(0.00)S(0.00)G(0.00)R(0.00)	N1	1	N(8.03)I(0.00)S(0.00)D(0.00)G(0.00)F(0.00)D(0.00)G(0.00)I(0.00)P(0.00)D(0.00)N(0.00)V(0.00)D(0.00)A(0.00)A(0.00)L(0.00)A(0.00)L(0.00)P(0.00)A(0.00)H(0.00)S(0.00)Y(0.00)S(0.00)G(0.00)R(0.00)	N(0)I(0)S(0)D(0)G(0)F(0)D(0)G(0)I(0)P(0)D(0)N(0)V(0)D(0)A(0)A(0)L(0)A(0)L(0)P(0)A(0)H(0)S(0)Y(0)S(0)G(0)R(0)	22.871666	7	0	0	24.589779	8	8.032566	0	0	0	0	FALSE	FALSE	TRUE	sp|P04004|VTNC_HUMAN	P04004	VTNC_HUMAN	VTN	Vitronectin			44303	3941.5051	44028	3868.975	3981.9663	23.873001	49
240419_ES_R00006_MG_c00001_SA_NPB_3_i2.44416.44416.3	D:\SHARE\Tim\25-12-03_GD_Dataset\GD_dataset\NPB_3_i2\interact.pep.xml	NGSLFAFR	N[2319]GSLFAFR	FDAFTDLK.NGSLFAFR.GQYCYELD	K	G	8	3	3970.4333	3116.2466	3116.2405	1039.7561	1039.7541	3115.2385	1039.42	1.002	0.003489393	16.329	0	0.9979	0	2	0	169	176	3786293.2	1N(2204.7725)	NA	HexNAc(4)Hex(5)NeuAc(2) % 2204.7724	8.02	0	nGSLFAFR	N(16.33)G(0.00)S(0.00)L(0.00)F(0.00)A(0.00)F(0.00)R(0.00)	N1	1	N(12.25)G(0.00)S(0.00)L(0.00)F(0.00)A(0.00)F(0.00)R(0.00)	N(0)G(0)S(0)L(0)F(0)A(0)F(0)R(0)	16.329031	2	0	0	16.329031	2	12.253756	0	0	0	0	FALSE	FALSE	TRUE	sp|P04004|VTNC_HUMAN	P04004	VTNC_HUMAN	VTN	Vitronectin			44369	3981.9663	44571	3409.6501	4059.0833	28.201002	295
240419_ES_R00006_MG_c00001_SA_NPB_3_i2.44428.44428.4	D:\SHARE\Tim\25-12-03_GD_Dataset\GD_dataset\NPB_3_i2\interact.pep.xml	NNATVHEQVGGPSLTSDLQAQSK	NN[2319]ATVHEQVGGPSLTSDLQAQSK	VYDDGEEK.NNATVHEQVGGPSLTSDLQAQSK.GNPEQTPV	K	G	23	4	3971.2944	4584.9414	4584.943	1147.2426	1147.243	4584.9346	1147.241	0.0085	4.60E-07	28.235	6.514	1	0	2	0	85	107	25197092	2N(2204.7725)	NA	HexNAc(4)Hex(5)NeuAc(2) % 2204.7724	5.21	0	NnATVHEQVGGPSLTSDLQAQSK	N(0.00)N(28.24)A(0.00)T(0.00)V(0.00)H(0.00)E(0.00)Q(0.00)V(0.00)G(0.00)G(0.00)P(0.00)S(0.00)L(0.00)T(0.00)S(0.00)D(0.00)L(0.00)Q(0.00)A(0.00)Q(0.00)S(0.00)K(0.00)	N2	1	N(0.00)N(12.87)A(0.00)T(0.00)V(0.00)H(0.00)E(0.00)Q(0.00)V(0.00)G(0.00)G(0.00)P(0.00)S(0.00)L(0.00)T(0.00)S(0.00)D(0.00)L(0.00)Q(0.00)A(0.00)Q(0.00)S(0.00)K(0.00)	N(0)N(2)A(0)T(0)V(0)H(0)E(0)Q(0)V(0)G(0)G(0)P(0)S(0)L(0)T(0)S(0)D(0)L(0)Q(0)A(0)Q(0)S(0)K(0)	28.235489	9	0	0	25.681213	7	12.86819	2	0	0	0	FALSE	FALSE	FALSE	sp|P04004|VTNC_HUMAN	P04004	VTNC_HUMAN	VTN	Vitronectin		tr|F5GX75|F5GX75_HUMAN	44394	3971.278	44427	3482.9321	4192.5303	2.3260002	314
240419_ES_R00006_MG_c00001_SA_NPB_3_i2.44429.44429.4	D:\SHARE\Tim\25-12-03_GD_Dataset\GD_dataset\NPB_3_i2\interact.pep.xml	NNATVHEQVGGPSLTSDLQAQSK	NN[2975]ATVHEQVGGPSLTSDLQAQSK	VYDDGEEK.NNATVHEQVGGPSLTSDLQAQSK.GNPEQTPV	K	G	23	4	3971.489	5241.2017	5241.1943	1311.3077	1311.3059	5241.1621	1311.2979	0.0325	0.3431627	9.358	0	0.8274	0.000230947	2	0	85	107	10604890	2N(2861.0000)	NA	HexNAc(5)Hex(6)NeuAc(3) % 2861.0000	2.59	0	NnATVHEQVGGPSLTSDLQAQSK	N(0.00)N(9.36)A(0.00)T(0.00)V(0.00)H(0.00)E(0.00)Q(0.00)V(0.00)G(0.00)G(0.00)P(0.00)S(0.00)L(0.00)T(0.00)S(0.00)D(0.00)L(0.00)Q(0.00)A(0.00)Q(0.00)S(0.00)K(0.00)	N2	1	N(0.00)N(6.26)A(0.00)T(0.00)V(0.00)H(0.00)E(0.00)Q(0.00)V(0.00)G(0.00)G(0.00)P(0.00)S(0.00)L(0.00)T(0.00)S(0.00)D(0.00)L(0.00)Q(0.00)A(0.00)Q(0.00)S(0.00)K(0.00)	N(0)N(0)A(0)T(0)V(0)H(0)E(0)Q(0)V(0)G(0)G(0)P(0)S(0)L(0)T(0)S(0)D(0)L(0)Q(0)A(0)Q(0)S(0)K(0)	9.358785	2	0	0	9.358785	2	6.258265	0	0	0	0	FALSE	FALSE	FALSE	sp|P04004|VTNC_HUMAN	P04004	VTNC_HUMAN	VTN	Vitronectin		tr|F5GX75|F5GX75_HUMAN	44394	3981.9663	44571	3499.5623	4005.6162	26.295002	210
240419_ES_R00006_MG_c00001_SA_NPB_3_i2.44459.44459.3	D:\SHARE\Tim\25-12-03_GD_Dataset\GD_dataset\NPB_3_i2\interact.pep.xml	NNATVHEQVGGPSLTSDLQAQSK	NN[2319]ATVHEQVGGPSLTSDLQAQSK	VYDDGEEK.NNATVHEQVGGPSLTSDLQAQSK.GNPEQTPV	K	G	23	3	3973.701	4586.9834	4586.9604	1530.0017	1529.9941	4584.9346	1529.3188	2.0261	0.02887352	17.658	0	0.9275	0.000230947	2	0	85	107	0	2N(2204.7725)	NA	HexNAc(4)Hex(5)NeuAc(2) % 2204.7724	2.73	0	NnATVHEQVGGPSLTSDLQAQSK	N(0.00)N(17.66)A(0.00)T(0.00)V(0.00)H(0.00)E(0.00)Q(0.00)V(0.00)G(0.00)G(0.00)P(0.00)S(0.00)L(0.00)T(0.00)S(0.00)D(0.00)L(0.00)Q(0.00)A(0.00)Q(0.00)S(0.00)K(0.00)	N2	1	N(0.00)N(9.45)A(0.00)T(0.00)V(0.00)H(0.00)E(0.00)Q(0.00)V(0.00)G(0.00)G(0.00)P(0.00)S(0.00)L(0.00)T(0.00)S(0.00)D(0.00)L(0.00)Q(0.00)A(0.00)Q(0.00)S(0.00)K(0.00)	N(0)N(0)A(0)T(0)V(0)H(0)E(0)Q(0)V(0)G(0)G(0)P(0)S(0)L(0)T(0)S(0)D(0)L(0)Q(0)A(0)Q(0)S(0)K(0)	17.658829	4	0	0	17.658829	4	9.45372	0	0	0	0	FALSE	FALSE	FALSE	sp|P04004|VTNC_HUMAN	P04004	VTNC_HUMAN	VTN	Vitronectin		tr|F5GX75|F5GX75_HUMAN	44427	0	0	0	0	0	0
240419_ES_R00006_MG_c00001_SA_NPB_3_i2.44460.44460.4	D:\SHARE\Tim\25-12-03_GD_Dataset\GD_dataset\NPB_3_i2\interact.pep.xml	NNATVHEQVGGPSLTSDLQAQSK	NN[2028]ATVHEQVGGPSLTSDLQAQSK	VYDDGEEK.NNATVHEQVGGPSLTSDLQAQSK.GNPEQTPV	K	G	23	4	3973.7695	4293.8354	4293.8345	1074.4661	1074.4659	4293.8389	1074.467	-0.0044	0	28.181	10.749	1	0	2	0	85	107	3093660	2N(1913.6770)	NA	HexNAc(4)Hex(5)NeuAc(1) % 1913.6770	3.58	0	NnATVHEQVGGPSLTSDLQAQSK	N(0.00)N(28.18)A(0.00)T(0.00)V(0.00)H(0.00)E(0.00)Q(0.00)V(0.00)G(0.00)G(0.00)P(0.00)S(0.00)L(0.00)T(0.00)S(0.00)D(0.00)L(0.00)Q(0.00)A(0.00)Q(0.00)S(0.00)K(0.00)	N2	1	N(0.00)N(12.05)A(0.00)T(0.00)V(0.00)H(0.00)E(0.00)Q(0.00)V(0.00)G(0.00)G(0.00)P(0.00)S(0.00)L(0.00)T(0.00)S(0.00)D(0.00)L(0.00)Q(0.00)A(0.00)Q(0.00)S(0.00)K(0.00)	N(0)N(0)A(0)T(0)V(0)H(0)E(0)Q(0)V(0)G(0)G(0)P(0)S(0)L(0)T(0)S(0)D(0)L(0)Q(0)A(0)Q(0)S(0)K(0)	28.18155	7	0	0	28.18155	7	12.048041	0	0	0	0	FALSE	FALSE	FALSE	sp|P04004|VTNC_HUMAN	P04004	VTNC_HUMAN	VTN	Vitronectin		tr|F5GX75|F5GX75_HUMAN	44427	3966.9932	44369	3962.1182	4001.172	9.160001	18
240419_ES_R00006_MG_c00001_SA_NPB_3_i2.44490.44490.4	D:\SHARE\Tim\25-12-03_GD_Dataset\GD_dataset\NPB_3_i2\interact.pep.xml	NNATVHEQVGGPSLTSDLQAQSK	NN[2028]ATVHEQVGGPSLTSDLQAQSK	VYDDGEEK.NNATVHEQVGGPSLTSDLQAQSK.GNPEQTPV	K	G	23	4	3975.985	4293.8394	4293.8345	1074.4671	1074.4659	4293.8389	1074.467	-0.0044	1.14E-05	24.644	7.815	0.9994	0	2	0	85	107	3663653.5	2N(1913.6770)	NA	HexNAc(4)Hex(5)NeuAc(1) % 1913.6770	3.28	0	NnATVHEQVGGPSLTSDLQAQSK	N(0.00)N(24.64)A(0.00)T(0.00)V(0.00)H(0.00)E(0.00)Q(0.00)V(0.00)G(0.00)G(0.00)P(0.00)S(0.00)L(0.00)T(0.00)S(0.00)D(0.00)L(0.00)Q(0.00)A(0.00)Q(0.00)S(0.00)K(0.00)	N2	1	N(0.00)N(13.60)A(0.00)T(0.00)V(0.00)H(0.00)E(0.00)Q(0.00)V(0.00)G(0.00)G(0.00)P(0.00)S(0.00)L(0.00)T(0.00)S(0.00)D(0.00)L(0.00)Q(0.00)A(0.00)Q(0.00)S(0.00)K(0.00)	N(0)N(1)A(0)T(0)V(0)H(0)E(0)Q(0)V(0)G(0)G(0)P(0)S(0)L(0)T(0)S(0)D(0)L(0)Q(0)A(0)Q(0)S(0)K(0)	24.644238	6	0	0	23.116444	5	13.604287	1	0	0	0	FALSE	FALSE	FALSE	sp|P04004|VTNC_HUMAN	P04004	VTNC_HUMAN	VTN	Vitronectin		tr|F5GX75|F5GX75_HUMAN	44453	3964.5303	44336	3962.1182	4001.172	9.160001	18
240419_ES_R00006_MG_c00001_SA_NPB_3_i2.44653.44653.3	D:\SHARE\Tim\25-12-03_GD_Dataset\GD_dataset\NPB_3_i2\interact.pep.xml	NNATVHEQVGGPSLTSDLQAQSK	NN[2319]ATVHEQVGGPSLTSDLQAQSK	VYDDGEEK.NNATVHEQVGGPSLTSDLQAQSK.GNPEQTPV	K	G	23	3	3988.1016	4584.964	4584.9624	1529.3286	1529.3281	4584.9346	1529.3188	0.0281	0.1311444	11.029	0	0.9227	0.000230947	2	0	85	107	0	2N(2204.7725)	NA	HexNAc(4)Hex(5)NeuAc(2) % 2204.7724	2.4	0	NnATVHEQVGGPSLTSDLQAQSK	N(0.00)N(11.03)A(0.00)T(0.00)V(0.00)H(0.00)E(0.00)Q(0.00)V(0.00)G(0.00)G(0.00)P(0.00)S(0.00)L(0.00)T(0.00)S(0.00)D(0.00)L(0.00)Q(0.00)A(0.00)Q(0.00)S(0.00)K(0.00)	N2	1	N(0.00)N(7.41)A(0.00)T(0.00)V(0.00)H(0.00)E(0.00)Q(0.00)V(0.00)G(0.00)G(0.00)P(0.00)S(0.00)L(0.00)T(0.00)S(0.00)D(0.00)L(0.00)Q(0.00)A(0.00)Q(0.00)S(0.00)K(0.00)	N(0)N(0)A(0)T(0)V(0)H(0)E(0)Q(0)V(0)G(0)G(0)P(0)S(0)L(0)T(0)S(0)D(0)L(0)Q(0)A(0)Q(0)S(0)K(0)	11.029824	2	0	0	11.029824	2	7.414462	0	0	0	0	FALSE	FALSE	FALSE	sp|P04004|VTNC_HUMAN	P04004	VTNC_HUMAN	VTN	Vitronectin		tr|F5GX75|F5GX75_HUMAN	44609	0	0	0	0	0	0
240419_ES_R00006_MG_c00001_SA_NPB_3_i2.44707.44707.3	D:\SHARE\Tim\25-12-03_GD_Dataset\GD_dataset\NPB_3_i2\interact.pep.xml	NNATVHEQVGGPSLTSDLQAQSK	NN[2319]ATVHEQVGGPSLTSDLQAQSK	VYDDGEEK.NNATVHEQVGGPSLTSDLQAQSK.GNPEQTPV	K	G	23	3	3992.1968	4585.9375	4585.9463	1529.6531	1529.656	4584.9346	1529.3188	1.012	0.005156032	17.722	7.711	0.9942	0	2	0	85	107	0	2N(2204.7725)	NA	HexNAc(4)Hex(5)NeuAc(2) % 2204.7724	4	0	NnATVHEQVGGPSLTSDLQAQSK	N(0.00)N(17.72)A(0.00)T(0.00)V(0.00)H(0.00)E(0.00)Q(0.00)V(0.00)G(0.00)G(0.00)P(0.00)S(0.00)L(0.00)T(0.00)S(0.00)D(0.00)L(0.00)Q(0.00)A(0.00)Q(0.00)S(0.00)K(0.00)	N2	1	N(0.00)N(7.82)A(0.00)T(0.00)V(0.00)H(0.00)E(0.00)Q(0.00)V(0.00)G(0.00)G(0.00)P(0.00)S(0.00)L(0.00)T(0.00)S(0.00)D(0.00)L(0.00)Q(0.00)A(0.00)Q(0.00)S(0.00)K(0.00)	N(0)N(0)A(0)T(0)V(0)H(0)E(0)Q(0)V(0)G(0)G(0)P(0)S(0)L(0)T(0)S(0)D(0)L(0)Q(0)A(0)Q(0)S(0)K(0)	17.722654	5	0	0	17.722654	5	7.8204427	0	0	0	0	FALSE	FALSE	FALSE	sp|P04004|VTNC_HUMAN	P04004	VTNC_HUMAN	VTN	Vitronectin		tr|F5GX75|F5GX75_HUMAN	44674	0	0	0	0	0	0
240419_ES_R00006_MG_c00001_SA_NPB_3_i2.44783.44783.4	D:\SHARE\Tim\25-12-03_GD_Dataset\GD_dataset\NPB_3_i2\interact.pep.xml	NNATVHEQVGGPSLTSDLQAQSK	NN[2028]ATVHEQVGGPSLTSDLQAQSK	VYDDGEEK.NNATVHEQVGGPSLTSDLQAQSK.GNPEQTPV	K	G	23	4	3997.934	4293.8545	4293.8403	1074.4709	1074.4674	4293.8389	1074.467	0.0013	0.003205889	25.695	14.709	0.9997	0	2	0	85	107	0	2N(1913.6770)	NA	HexNAc(4)Hex(5)NeuAc(1) % 1913.6770	4.32	0	NnATVHEQVGGPSLTSDLQAQSK	N(0.00)N(24.86)A(0.00)T(0.00)V(0.00)H(0.00)E(0.00)Q(0.00)V(0.00)G(0.00)G(0.00)P(0.00)S(0.00)L(0.00)T(0.00)S(0.00)D(0.00)L(0.00)Q(0.00)A(0.00)Q(0.00)S(0.00)K(0.00)	N2	1	N(0.00)N(11.99)A(0.00)T(0.00)V(0.00)H(0.00)E(0.00)Q(0.00)V(0.00)G(0.00)G(0.00)P(0.00)S(0.00)L(0.00)T(0.00)S(0.00)D(0.00)L(0.00)Q(0.00)A(0.00)Q(0.00)S(0.00)K(0.00)	N(0)N(1)A(0)T(0)V(0)H(0)E(0)Q(0)V(0)G(0)G(0)P(0)S(0)L(0)T(0)S(0)D(0)L(0)Q(0)A(0)Q(0)S(0)K(0)	24.860283	7	0	0	25.695148	8	11.985365	1	0	0	0	FALSE	FALSE	FALSE	sp|P04004|VTNC_HUMAN	P04004	VTNC_HUMAN	VTN	Vitronectin		tr|F5GX75|F5GX75_HUMAN	44746	0	0	0	0	0	0
240419_ES_R00006_MG_c00001_SA_NPB_3_i2.44895.44895.4	D:\SHARE\Tim\25-12-03_GD_Dataset\GD_dataset\NPB_3_i2\interact.pep.xml	QQQHLFGSNVTDCSGNFCLFR	QQQHLFGSN[2319]VTDCSGNFCLFR	ACVHKILR.QQQHLFGSNVTDCSGNFCLFR.SETKDLLF	R	S	21	4	4006.7134	4718.888	4718.906	1180.7293	1180.7338	4718.8896	1180.7297	0.0164	0.03241831	13.014	12.439	0.9942	0	2	0	622	642	0	"9N(2204.7725),13C(57.0215),18C(57.0215)"	NA	HexNAc(4)Hex(5)NeuAc(2) % 2204.7724	3.85	0	QQQHLFGSnVTDCSGNFCLFR	Q(0.00)Q(0.00)Q(0.00)H(0.00)L(0.00)F(0.00)G(0.00)S(0.00)N(13.01)V(0.00)T(0.00)D(0.00)C(0.00)S(0.00)G(0.00)N(0.00)F(0.00)C(0.00)L(0.00)F(0.00)R(0.00)	N9	1	Q(0.00)Q(0.00)Q(0.00)H(0.00)L(0.00)F(0.00)G(0.00)S(0.00)N(9.02)V(0.00)T(0.00)D(0.00)C(0.00)S(0.00)G(0.00)N(0.00)F(0.00)C(0.00)L(0.00)F(0.00)R(0.00)	Q(0)Q(0)Q(0)H(0)L(0)F(0)G(0)S(0)N(0)V(0)T(0)D(0)C(0)S(0)G(0)N(0)F(0)C(0)L(0)F(0)R(0)	13.014494	2	0	0	13.014494	2	9.018929	0	0	0	0	FALSE	FALSE	TRUE	sp|P02787|TRFE_HUMAN	P02787	TRFE_HUMAN	TF	Serotransferrin			44854	0	0	0	0	0	0
240419_ES_R00006_MG_c00001_SA_NPB_3_i2.44995.44995.4	D:\SHARE\Tim\25-12-03_GD_Dataset\GD_dataset\NPB_3_i2\interact.pep.xml	QQQHLFGSNVTDCSGNFCLFR	QQQHLFGSN[2319]VTDCSGNFCLFR	ACVHKILR.QQQHLFGSNVTDCSGNFCLFR.SETKDLLF	R	S	21	4	4014.2542	4718.902	4718.8984	1180.7328	1180.7319	4718.8896	1180.7297	0.009	0.000212324	20.143	10.459	1	0	2	0	622	642	24720238	"9N(2204.7725),13C(57.0215),18C(57.0215)"	NA	HexNAc(4)Hex(5)NeuAc(2) % 2204.7724	5.43	0	QQQHLFGSnVTDCSGNFCLFR	Q(0.00)Q(0.00)Q(0.00)H(0.00)L(0.00)F(0.00)G(0.00)S(0.00)N(20.14)V(0.00)T(0.00)D(0.00)C(0.00)S(0.00)G(0.00)N(0.00)F(0.00)C(0.00)L(0.00)F(0.00)R(0.00)	N9	1	Q(0.00)Q(0.00)Q(0.00)H(0.00)L(0.00)F(0.00)G(0.00)S(0.00)N(7.73)V(0.00)T(0.00)D(0.00)C(0.00)S(0.00)G(0.00)N(0.00)F(0.00)C(0.00)L(0.00)F(0.00)R(0.00)	Q(0)Q(0)Q(0)H(0)L(0)F(0)G(0)S(0)N(0)V(0)T(0)D(0)C(0)S(0)G(0)N(0)F(0)C(0)L(0)F(0)R(0)	20.143305	6	0	0	20.143305	6	7.7282186	0	0	0	0	FALSE	FALSE	TRUE	sp|P02787|TRFE_HUMAN	P02787	TRFE_HUMAN	TF	Serotransferrin			44968	4016.9822	45027	3999.5361	4043.297	22.004002	15
240419_ES_R00006_MG_c00001_SA_NPB_3_i2.45033.45033.3	D:\SHARE\Tim\25-12-03_GD_Dataset\GD_dataset\NPB_3_i2\interact.pep.xml	QQQHLFGSNVTDCSGNFCLFR	QQQHLFGSN[2319]VTDCSGNFCLFR	ACVHKILR.QQQHLFGSNVTDCSGNFCLFR.SETKDLLF	R	S	21	3	4017.4653	4719.8896	4719.9043	1574.3038	1574.3087	4718.8896	1573.9706	1.0149	0.008216249	11.171	8.94	0.9853	0.000230947	2	0	622	642	0	"9N(2204.7725),13C(57.0215),18C(57.0215)"	NA	HexNAc(4)Hex(5)NeuAc(2) % 2204.7724	1.1	0	QQQHLFGSnVTDCSGNFCLFR	Q(0.00)Q(0.00)Q(0.00)H(0.00)L(0.00)F(0.00)G(0.00)S(0.00)N(11.17)V(0.00)T(0.00)D(0.00)C(0.00)S(0.00)G(0.00)N(0.00)F(0.00)C(0.00)L(0.00)F(0.00)R(0.00)	N9	1	Q(0.00)Q(0.00)Q(0.00)H(0.00)L(0.00)F(0.00)G(0.00)S(0.00)N(4.48)V(0.00)T(0.00)D(0.00)C(0.00)S(0.00)G(0.00)N(0.00)F(0.00)C(0.00)L(0.00)F(0.00)R(0.00)	Q(0)Q(0)Q(0)H(0)L(0)F(0)G(0)S(0)N(0)V(0)T(0)D(0)C(0)S(0)G(0)N(0)F(0)C(0)L(0)F(0)R(0)	11.171001	4	0	0	11.171001	4	4.47997	0	0	0	0	FALSE	FALSE	TRUE	sp|P02787|TRFE_HUMAN	P02787	TRFE_HUMAN	TF	Serotransferrin			44994	0	0	0	0	0	0
240419_ES_R00006_MG_c00001_SA_NPB_3_i2.45255.45255.4	D:\SHARE\Tim\25-12-03_GD_Dataset\GD_dataset\NPB_3_i2\interact.pep.xml	NNATVHEQVGGPSLTSDLQAQSK	NN[2319]ATVHEQVGGPSLTSDLQAQSK	VYDDGEEK.NNATVHEQVGGPSLTSDLQAQSK.GNPEQTPV	K	G	23	4	4034.7336	4584.9375	4584.94	1147.2417	1147.2423	4584.9346	1147.241	0.0056	4.51E-12	40.871	14.014	1	0	2	0	85	107	32894146	2N(2204.7725)	NA	HexNAc(4)Hex(5)NeuAc(2) % 2204.7724	5.91	0	NnATVHEQVGGPSLTSDLQAQSK	N(0.00)N(40.87)A(0.00)T(0.00)V(0.00)H(0.00)E(0.00)Q(0.00)V(0.00)G(0.00)G(0.00)P(0.00)S(0.00)L(0.00)T(0.00)S(0.00)D(0.00)L(0.00)Q(0.00)A(0.00)Q(0.00)S(0.00)K(0.00)	N2	1	N(0.00)N(11.92)A(0.00)T(0.00)V(0.00)H(0.00)E(0.00)Q(0.00)V(0.00)G(0.00)G(0.00)P(0.00)S(0.00)L(0.00)T(0.00)S(0.00)D(0.00)L(0.00)Q(0.00)A(0.00)Q(0.00)S(0.00)K(0.00)	N(0)N(1)A(0)T(0)V(0)H(0)E(0)Q(0)V(0)G(0)G(0)P(0)S(0)L(0)T(0)S(0)D(0)L(0)Q(0)A(0)Q(0)S(0)K(0)	40.87112	13	0	0	40.4993	13	11.9208975	1	0	0	0	FALSE	FALSE	FALSE	sp|P04004|VTNC_HUMAN	P04004	VTNC_HUMAN	VTN	Vitronectin		tr|F5GX75|F5GX75_HUMAN	45227	4036.4092	45278	3472.8071	4192.5303	3.232	319
240419_ES_R00006_MG_c00001_SA_NPB_3_i2.45376.45376.4	D:\SHARE\Tim\25-12-03_GD_Dataset\GD_dataset\NPB_3_i2\interact.pep.xml	NNATVHEQVGGPSLTSDLQAQSK	NN[2028]ATVHEQVGGPSLTSDLQAQSK	VYDDGEEK.NNATVHEQVGGPSLTSDLQAQSK.GNPEQTPV	K	G	23	4	4045.068	4295.855	4295.8467	1074.971	1074.969	4293.8389	1074.467	2.0078	0.08565953	15.754	13.541	0.9017	0.000230947	2	0	85	107	0	2N(1913.6770)	NA	HexNAc(4)Hex(5)NeuAc(1) % 1913.6770	2.76	0	NnATVHEQVGGPSLTSDLQAQSK	N(0.00)N(15.75)A(0.00)T(0.00)V(0.00)H(0.00)E(0.00)Q(0.00)V(0.00)G(0.00)G(0.00)P(0.00)S(0.00)L(0.00)T(0.00)S(0.00)D(0.00)L(0.00)Q(0.00)A(0.00)Q(0.00)S(0.00)K(0.00)	N2	1	N(0.00)N(8.16)A(0.00)T(0.00)V(0.00)H(0.00)E(0.00)Q(0.00)V(0.00)G(0.00)G(0.00)P(0.00)S(0.00)L(0.00)T(0.00)S(0.00)D(0.00)L(0.00)Q(0.00)A(0.00)Q(0.00)S(0.00)K(0.00)	N(0)N(0)A(0)T(0)V(0)H(0)E(0)Q(0)V(0)G(0)G(0)P(0)S(0)L(0)T(0)S(0)D(0)L(0)Q(0)A(0)Q(0)S(0)K(0)	15.754861	4	0	0	15.754861	4	8.157804	0	0	0	0	FALSE	FALSE	FALSE	sp|P04004|VTNC_HUMAN	P04004	VTNC_HUMAN	VTN	Vitronectin		tr|F5GX75|F5GX75_HUMAN	45329	0	0	0	0	0	0
240419_ES_R00006_MG_c00001_SA_NPB_3_i2.45469.45469.3	D:\SHARE\Tim\25-12-03_GD_Dataset\GD_dataset\NPB_3_i2\interact.pep.xml	NNATVHEQVGGPSLTSDLQAQSK	NN[2319]ATVHEQVGGPSLTSDLQAQSK	VYDDGEEK.NNATVHEQVGGPSLTSDLQAQSK.GNPEQTPV	K	G	23	3	4052.7896	4586.957	4586.944	1529.9929	1529.9886	4584.9346	1529.3188	2.0095	0.01921985	14.365	9.141	0.9467	0.000230947	2	0	85	107	0	2N(2204.7725)	NA	HexNAc(4)Hex(5)NeuAc(2) % 2204.7724	2.51	0	NnATVHEQVGGPSLTSDLQAQSK	N(0.00)N(12.80)A(0.00)T(0.00)V(0.00)H(0.00)E(0.00)Q(0.00)V(0.00)G(0.00)G(0.00)P(0.00)S(0.00)L(0.00)T(0.00)S(0.00)D(0.00)L(0.00)Q(0.00)A(0.00)Q(0.00)S(0.00)K(0.00)	N2	1	N(0.00)N(5.66)A(0.00)T(0.00)V(0.00)H(0.00)E(0.00)Q(0.00)V(0.00)G(0.00)G(0.00)P(0.00)S(0.00)L(0.00)T(0.00)S(0.00)D(0.00)L(0.00)Q(0.00)A(0.00)Q(0.00)S(0.00)K(0.00)	N(0)N(0)A(0)T(0)V(0)H(0)E(0)Q(0)V(0)G(0)G(0)P(0)S(0)L(0)T(0)S(0)D(0)L(0)Q(0)A(0)Q(0)S(0)K(0)	12.802744	4	0	0	14.365299	5	5.655096	0	0	0	0	FALSE	FALSE	FALSE	sp|P04004|VTNC_HUMAN	P04004	VTNC_HUMAN	VTN	Vitronectin		tr|F5GX75|F5GX75_HUMAN	45419	0	0	0	0	0	0
240419_ES_R00006_MG_c00001_SA_NPB_3_i2.45470.45470.4	D:\SHARE\Tim\25-12-03_GD_Dataset\GD_dataset\NPB_3_i2\interact.pep.xml	NNATVHEQVGGPSLTSDLQAQSK	NN[2028]ATVHEQVGGPSLTSDLQAQSK	VYDDGEEK.NNATVHEQVGGPSLTSDLQAQSK.GNPEQTPV	K	G	23	4	4052.8584	4294.8345	4294.833	1074.7159	1074.7155	4293.8389	1074.467	0.9941	0.02545365	15.877	7.151	0.987	0.000230947	2	0	85	107	0	2N(1913.6770)	NA	HexNAc(4)Hex(5)NeuAc(1) % 1913.6770	2.68	0	NnATVHEQVGGPSLTSDLQAQSK	N(0.00)N(15.88)A(0.00)T(0.00)V(0.00)H(0.00)E(0.00)Q(0.00)V(0.00)G(0.00)G(0.00)P(0.00)S(0.00)L(0.00)T(0.00)S(0.00)D(0.00)L(0.00)Q(0.00)A(0.00)Q(0.00)S(0.00)K(0.00)	N2	1	N(0.00)N(8.28)A(0.00)T(0.00)V(0.00)H(0.00)E(0.00)Q(0.00)V(0.00)G(0.00)G(0.00)P(0.00)S(0.00)L(0.00)T(0.00)S(0.00)D(0.00)L(0.00)Q(0.00)A(0.00)Q(0.00)S(0.00)K(0.00)	N(0)N(0)A(0)T(0)V(0)H(0)E(0)Q(0)V(0)G(0)G(0)P(0)S(0)L(0)T(0)S(0)D(0)L(0)Q(0)A(0)Q(0)S(0)K(0)	15.877454	4	0	0	15.877454	4	8.284315	0	0	0	0	FALSE	FALSE	FALSE	sp|P04004|VTNC_HUMAN	P04004	VTNC_HUMAN	VTN	Vitronectin		tr|F5GX75|F5GX75_HUMAN	45419	0	0	0	0	0	0
240419_ES_R00006_MG_c00001_SA_NPB_3_i2.45476.45476.3	D:\SHARE\Tim\25-12-03_GD_Dataset\GD_dataset\NPB_3_i2\interact.pep.xml	NGSLFAFR	N[2319]GSLFAFR	FDAFTDLK.NGSLFAFR.GQYCYELD	K	G	8	3	4053.2922	3116.248	3116.2422	1039.7566	1039.7547	3115.2385	1039.42	1.0037	0.006874644	16.151	0	0.9893	0.000139101	2	0	169	176	0	1N(2204.7725)	NA	HexNAc(4)Hex(5)NeuAc(2) % 2204.7724	5.25	0	nGSLFAFR	N(16.15)G(0.00)S(0.00)L(0.00)F(0.00)A(0.00)F(0.00)R(0.00)	N1	1	N(12.05)G(0.00)S(0.00)L(0.00)F(0.00)A(0.00)F(0.00)R(0.00)	N(0)G(0)S(0)L(0)F(0)A(0)F(0)R(0)	16.151762	2	0	0	16.151762	2	12.046856	0	0	0	0	FALSE	FALSE	TRUE	sp|P04004|VTNC_HUMAN	P04004	VTNC_HUMAN	VTN	Vitronectin			45419	0	0	0	0	0	0
240419_ES_R00006_MG_c00001_SA_NPB_3_i2.45487.45487.3	D:\SHARE\Tim\25-12-03_GD_Dataset\GD_dataset\NPB_3_i2\interact.pep.xml	NNATVHEQVGGPSLTSDLQAQSK	NN[2319]ATVHEQVGGPSLTSDLQAQSK	VYDDGEEK.NNATVHEQVGGPSLTSDLQAQSK.GNPEQTPV	K	G	23	3	4054.1904	4584.9526	4584.9497	1529.3248	1529.3238	4584.9346	1529.3188	0.0154	0.000311257	12.961	0	1	0	2	0	85	107	0	2N(2204.7725)	NA	HexNAc(4)Hex(5)NeuAc(2) % 2204.7724	2.42	0	NnATVHEQVGGPSLTSDLQAQSK	N(0.00)N(12.96)A(0.00)T(0.00)V(0.00)H(0.00)E(0.00)Q(0.00)V(0.00)G(0.00)G(0.00)P(0.00)S(0.00)L(0.00)T(0.00)S(0.00)D(0.00)L(0.00)Q(0.00)A(0.00)Q(0.00)S(0.00)K(0.00)	N2	1	N(0.00)N(5.85)A(0.00)T(0.00)V(0.00)H(0.00)E(0.00)Q(0.00)V(0.00)G(0.00)G(0.00)P(0.00)S(0.00)L(0.00)T(0.00)S(0.00)D(0.00)L(0.00)Q(0.00)A(0.00)Q(0.00)S(0.00)K(0.00)	N(0)N(0)A(0)T(0)V(0)H(0)E(0)Q(0)V(0)G(0)G(0)P(0)S(0)L(0)T(0)S(0)D(0)L(0)Q(0)A(0)Q(0)S(0)K(0)	12.96163	4	0	0	12.96163	4	5.852547	0	0	0	0	FALSE	FALSE	FALSE	sp|P04004|VTNC_HUMAN	P04004	VTNC_HUMAN	VTN	Vitronectin		tr|F5GX75|F5GX75_HUMAN	45459	0	0	0	0	0	0
240419_ES_R00006_MG_c00001_SA_NPB_3_i2.45558.45558.3	D:\SHARE\Tim\25-12-03_GD_Dataset\GD_dataset\NPB_3_i2\interact.pep.xml	NNATVHEQVGGPSLTSDLQAQSK	NN[2319]ATVHEQVGGPSLTSDLQAQSK	VYDDGEEK.NNATVHEQVGGPSLTSDLQAQSK.GNPEQTPV	K	G	23	3	4059.7036	4585.9834	4585.962	1529.6684	1529.6613	4584.9346	1529.3188	1.0276	0.09010524	15.681	0	0.8472	0.000230947	2	0	85	107	0	2N(2204.7725)	NA	HexNAc(4)Hex(5)NeuAc(2) % 2204.7724	2.33	0	NnATVHEQVGGPSLTSDLQAQSK	N(0.00)N(15.68)A(0.00)T(0.00)V(0.00)H(0.00)E(0.00)Q(0.00)V(0.00)G(0.00)G(0.00)P(0.00)S(0.00)L(0.00)T(0.00)S(0.00)D(0.00)L(0.00)Q(0.00)A(0.00)Q(0.00)S(0.00)K(0.00)	N2	1	N(0.00)N(9.71)A(0.00)T(0.00)V(0.00)H(0.00)E(0.00)Q(0.00)V(0.00)G(0.00)G(0.00)P(0.00)S(0.00)L(0.00)T(0.00)S(0.00)D(0.00)L(0.00)Q(0.00)A(0.00)Q(0.00)S(0.00)K(0.00)	N(0)N(0)A(0)T(0)V(0)H(0)E(0)Q(0)V(0)G(0)G(0)P(0)S(0)L(0)T(0)S(0)D(0)L(0)Q(0)A(0)Q(0)S(0)K(0)	15.681532	3	0	0	15.681532	3	9.706896	0	0	0	0	FALSE	FALSE	FALSE	sp|P04004|VTNC_HUMAN	P04004	VTNC_HUMAN	VTN	Vitronectin		tr|F5GX75|F5GX75_HUMAN	45518	0	0	0	0	0	0
240419_ES_R00006_MG_c00001_SA_NPB_3_i2.45657.45657.3	D:\SHARE\Tim\25-12-03_GD_Dataset\GD_dataset\NPB_3_i2\interact.pep.xml	NGSLFAFR	N[2319]GSLFAFR	FDAFTDLK.NGSLFAFR.GQYCYELD	K	G	8	3	4067.2463	3115.254	3115.2385	1039.4253	1039.4201	3115.2385	1039.42	0	0.006291438	16.305	0	0.9977	0	2	0	169	176	3786319.2	1N(2204.7725)	NA	HexNAc(4)Hex(5)NeuAc(2) % 2204.7724	10.48	0	nGSLFAFR	N(16.31)G(0.00)S(0.00)L(0.00)F(0.00)A(0.00)F(0.00)R(0.00)	N1	1	N(12.21)G(0.00)S(0.00)L(0.00)F(0.00)A(0.00)F(0.00)R(0.00)	N(0)G(0)S(0)L(0)F(0)A(0)F(0)R(0)	16.305792	2	0	0	16.305792	2	12.205965	0	0	0	0	FALSE	FALSE	TRUE	sp|P04004|VTNC_HUMAN	P04004	VTNC_HUMAN	VTN	Vitronectin			45604	4086.4773	45904	4059.0833	4135.9473	34.794003	30
240419_ES_R00006_MG_c00001_SA_NPB_3_i2.45685.45685.3	D:\SHARE\Tim\25-12-03_GD_Dataset\GD_dataset\NPB_3_i2\interact.pep.xml	NNATVHEQVGGPSLTSDLQAQSK	NN[2319]ATVHEQVGGPSLTSDLQAQSK	VYDDGEEK.NNATVHEQVGGPSLTSDLQAQSK.GNPEQTPV	K	G	23	3	4069.8752	4585.9478	4585.922	1529.6565	1529.6479	4584.9346	1529.3188	0.9875	0.04300313	16.966	0	0.9233	0.000230947	2	0	85	107	0	2N(2204.7725)	NA	HexNAc(4)Hex(5)NeuAc(2) % 2204.7724	2.63	0	NnATVHEQVGGPSLTSDLQAQSK	N(0.00)N(16.97)A(0.00)T(0.00)V(0.00)H(0.00)E(0.00)Q(0.00)V(0.00)G(0.00)G(0.00)P(0.00)S(0.00)L(0.00)T(0.00)S(0.00)D(0.00)L(0.00)Q(0.00)A(0.00)Q(0.00)S(0.00)K(0.00)	N2	1	N(0.00)N(11.03)A(0.00)T(0.00)V(0.00)H(0.00)E(0.00)Q(0.00)V(0.00)G(0.00)G(0.00)P(0.00)S(0.00)L(0.00)T(0.00)S(0.00)D(0.00)L(0.00)Q(0.00)A(0.00)Q(0.00)S(0.00)K(0.00)	N(0)N(1)A(0)T(0)V(0)H(0)E(0)Q(0)V(0)G(0)G(0)P(0)S(0)L(0)T(0)S(0)D(0)L(0)Q(0)A(0)Q(0)S(0)K(0)	16.966337	4	0	0	15.553157	3	11.033136	1	0	0	0	FALSE	FALSE	FALSE	sp|P04004|VTNC_HUMAN	P04004	VTNC_HUMAN	VTN	Vitronectin		tr|F5GX75|F5GX75_HUMAN	45641	0	0	0	0	0	0
240419_ES_R00006_MG_c00001_SA_NPB_3_i2.45771.45771.4	D:\SHARE\Tim\25-12-03_GD_Dataset\GD_dataset\NPB_3_i2\interact.pep.xml	NISDGFDGIPDNVDAALALPAHSYSGR	N[2319]ISDGFDGIPDNVDAALALPAHSYSGR	VLDPDYPR.NISDGFDGIPDNVDAALALPAHSYSGR.ERVYFFKG	R	E	27	4	4076.2898	4976.1	4976.0874	1245.0323	1245.0291	4976.0874	1245.0292	0	9.20E-13	43.689	9.404	1	0	2	0	242	268	21376904	1N(2204.7725)	NA	HexNAc(4)Hex(5)NeuAc(2) % 2204.7724	9.58	0	nISDGFDGIPDNVDAALALPAHSYSGR	N(42.14)I(0.00)S(0.00)D(0.00)G(0.00)F(0.00)D(0.00)G(0.00)I(0.00)P(0.00)D(0.00)N(0.00)V(0.00)D(0.00)A(0.00)A(0.00)L(0.00)A(0.00)L(0.00)P(0.00)A(0.00)H(0.00)S(0.00)Y(0.00)S(0.00)G(0.00)R(0.00)	N1	1	N(8.07)I(0.00)S(0.00)D(0.00)G(0.00)F(0.00)D(0.00)G(0.00)I(0.00)P(0.00)D(0.00)N(0.00)V(0.00)D(0.00)A(0.00)A(0.00)L(0.00)A(0.00)L(0.00)P(0.00)A(0.00)H(0.00)S(0.00)Y(0.00)S(0.00)G(0.00)R(0.00)	N(0)I(0)S(0)D(0)G(0)F(0)D(0)G(0)I(0)P(0)D(0)N(0)V(0)D(0)A(0)A(0)L(0)A(0)L(0)P(0)A(0)H(0)S(0)Y(0)S(0)G(0)R(0)	42.13577	14	0	0	43.689274	15	8.068403	0	0	0	0	FALSE	FALSE	TRUE	sp|P04004|VTNC_HUMAN	P04004	VTNC_HUMAN	VTN	Vitronectin			45728	4079.2852	45807	4056.7163	4093.8772	25.894001	14
240419_ES_R00006_MG_c00001_SA_NPB_3_i2.45791.45791.3	D:\SHARE\Tim\25-12-03_GD_Dataset\GD_dataset\NPB_3_i2\interact.pep.xml	NNATVHEQVGGPSLTSDLQAQSK	NN[2319]ATVHEQVGGPSLTSDLQAQSK	VYDDGEEK.NNATVHEQVGGPSLTSDLQAQSK.GNPEQTPV	K	G	23	3	4077.67	4585.9326	4585.9443	1529.6515	1529.6554	4584.9346	1529.3188	1.01	0.0784784	15.921	0	0.8695	0.000230947	2	0	85	107	0	2N(2204.7725)	NA	HexNAc(4)Hex(5)NeuAc(2) % 2204.7724	3.21	0	NnATVHEQVGGPSLTSDLQAQSK	N(0.00)N(15.92)A(0.00)T(0.00)V(0.00)H(0.00)E(0.00)Q(0.00)V(0.00)G(0.00)G(0.00)P(0.00)S(0.00)L(0.00)T(0.00)S(0.00)D(0.00)L(0.00)Q(0.00)A(0.00)Q(0.00)S(0.00)K(0.00)	N2	1	N(0.00)N(9.98)A(0.00)T(0.00)V(0.00)H(0.00)E(0.00)Q(0.00)V(0.00)G(0.00)G(0.00)P(0.00)S(0.00)L(0.00)T(0.00)S(0.00)D(0.00)L(0.00)Q(0.00)A(0.00)Q(0.00)S(0.00)K(0.00)	N(0)N(0)A(0)T(0)V(0)H(0)E(0)Q(0)V(0)G(0)G(0)P(0)S(0)L(0)T(0)S(0)D(0)L(0)Q(0)A(0)Q(0)S(0)K(0)	15.921158	3	0	0	15.921158	3	9.977037	0	0	0	0	FALSE	FALSE	FALSE	sp|P04004|VTNC_HUMAN	P04004	VTNC_HUMAN	VTN	Vitronectin		tr|F5GX75|F5GX75_HUMAN	45728	0	0	0	0	0	0
240419_ES_R00006_MG_c00001_SA_NPB_3_i2.46070.46070.4	D:\SHARE\Tim\25-12-03_GD_Dataset\GD_dataset\NPB_3_i2\interact.pep.xml	NNATVHEQVGGPSLTSDLQAQSK	NN[2319]ATVHEQVGGPSLTSDLQAQSK	VYDDGEEK.NNATVHEQVGGPSLTSDLQAQSK.GNPEQTPV	K	G	23	4	4098.7417	4584.9463	4584.9385	1147.2439	1147.2419	4584.9346	1147.241	0.0042	1.00E-13	46.627	9.731	1	0	2	0	85	107	5665214.5	2N(2204.7725)	NA	HexNAc(4)Hex(5)NeuAc(2) % 2204.7724	6.94	0	NnATVHEQVGGPSLTSDLQAQSK	N(0.00)N(46.63)A(0.00)T(0.00)V(0.00)H(0.00)E(0.00)Q(0.00)V(0.00)G(0.00)G(0.00)P(0.00)S(0.00)L(0.00)T(0.00)S(0.00)D(0.00)L(0.00)Q(0.00)A(0.00)Q(0.00)S(0.00)K(0.00)	N2	1	N(0.00)N(19.52)A(0.00)T(0.00)V(0.00)H(0.00)E(0.00)Q(0.00)V(0.00)G(0.00)G(0.00)P(0.00)S(0.00)L(0.00)T(0.00)S(0.00)D(0.00)L(0.00)Q(0.00)A(0.00)Q(0.00)S(0.00)K(0.00)	N(0)N(5)A(0)T(0)V(0)H(0)E(0)Q(0)V(0)G(0)G(0)P(0)S(0)L(0)T(0)S(0)D(0)L(0)Q(0)A(0)Q(0)S(0)K(0)	46.627823	16	0	0	43.255848	14	19.522583	5	0	0	0	FALSE	FALSE	FALSE	sp|P04004|VTNC_HUMAN	P04004	VTNC_HUMAN	VTN	Vitronectin		tr|F5GX75|F5GX75_HUMAN	46040	4121.1284	46369	3473.643	4514.1733	3.232	486
240419_ES_R00006_MG_c00001_SA_NPB_3_i2.46321.46321.4	D:\SHARE\Tim\25-12-03_GD_Dataset\GD_dataset\NPB_3_i2\interact.pep.xml	NISDGFDGIPDNVDAALALPAHSYSGR	N[2539]ISDGFDGIPDNVDAALALPAHSYSGR	VLDPDYPR.NISDGFDGIPDNVDAALALPAHSYSGR.ERVYFFKG	R	E	27	4	4117.5386	5196.2505	5196.1855	1300.0699	1300.0537	5196.1821	1300.0529	0.0034	0.000300954	23.586	0	1	0	2	0	242	268	0	1N(2424.8672)	NA	HexNAc(5)Hex(6)Fuc(1)NeuAc(1) % 2424.8671	1.32	0	nISDGFDGIPDNVDAALALPAHSYSGR	N(22.39)I(0.00)S(0.00)D(0.00)G(0.00)F(0.00)D(0.00)G(0.00)I(0.00)P(0.00)D(0.00)N(0.00)V(0.00)D(0.00)A(0.00)A(0.00)L(0.00)A(0.00)L(0.00)P(0.00)A(0.00)H(0.00)S(0.00)Y(0.00)S(0.00)G(0.00)R(0.00)	N1	1	N(7.22)I(0.00)S(0.00)D(0.00)G(0.00)F(0.00)D(0.00)G(0.00)I(0.00)P(0.00)D(0.00)N(0.00)V(0.00)D(0.00)A(0.00)A(0.00)L(0.00)A(0.00)L(0.00)P(0.00)A(0.00)H(0.00)S(0.00)Y(0.00)S(0.00)G(0.00)R(0.00)	N(0)I(0)S(0)D(0)G(0)F(0)D(0)G(0)I(0)P(0)D(0)N(0)V(0)D(0)A(0)A(0)L(0)A(0)L(0)P(0)A(0)H(0)S(0)Y(0)S(0)G(0)R(0)	22.385723	7	0	0	23.586592	8	7.2194896	0	0	0	0	FALSE	FALSE	TRUE	sp|P04004|VTNC_HUMAN	P04004	VTNC_HUMAN	VTN	Vitronectin			46281	0	0	0	0	0	0
240419_ES_R00006_MG_c00001_SA_NPB_3_i2.46329.46329.3	D:\SHARE\Tim\25-12-03_GD_Dataset\GD_dataset\NPB_3_i2\interact.pep.xml	NNATVHEQVGGPSLTSDLQAQSK	NN[2319]ATVHEQVGGPSLTSDLQAQSK	VYDDGEEK.NNATVHEQVGGPSLTSDLQAQSK.GNPEQTPV	K	G	23	3	4118.085	4584.9395	4584.9355	1529.3204	1529.3191	4584.9346	1529.3188	0.0012	0.02855946	13.677	0	0.9844	0.000230947	2	0	85	107	0	2N(2204.7725)	NA	HexNAc(4)Hex(5)NeuAc(2) % 2204.7724	5.48	0	NnATVHEQVGGPSLTSDLQAQSK	N(0.00)N(11.67)A(0.00)T(0.00)V(0.00)H(0.00)E(0.00)Q(0.00)V(0.00)G(0.00)G(0.00)P(0.00)S(0.00)L(0.00)T(0.00)S(0.00)D(0.00)L(0.00)Q(0.00)A(0.00)Q(0.00)S(0.00)K(0.00)	N2	1	N(0.00)N(9.82)A(0.00)T(0.00)V(0.00)H(0.00)E(0.00)Q(0.00)V(0.00)G(0.00)G(0.00)P(0.00)S(0.00)L(0.00)T(0.00)S(0.00)D(0.00)L(0.00)Q(0.00)A(0.00)Q(0.00)S(0.00)K(0.00)	N(0)N(0)A(0)T(0)V(0)H(0)E(0)Q(0)V(0)G(0)G(0)P(0)S(0)L(0)T(0)S(0)D(0)L(0)Q(0)A(0)Q(0)S(0)K(0)	11.6705265	1	0	0	13.677397	2	9.815718	0	0	0	0	FALSE	FALSE	FALSE	sp|P04004|VTNC_HUMAN	P04004	VTNC_HUMAN	VTN	Vitronectin		tr|F5GX75|F5GX75_HUMAN	46281	0	0	0	0	0	0
240419_ES_R00006_MG_c00001_SA_NPB_3_i2.46363.46363.3	D:\SHARE\Tim\25-12-03_GD_Dataset\GD_dataset\NPB_3_i2\interact.pep.xml	NGSLFAFR	N[2319]GSLFAFR	FDAFTDLK.NGSLFAFR.GQYCYELD	K	G	8	3	4120.59	3115.2446	3115.2383	1039.4221	1039.42	3115.2385	1039.42	-2.00E-04	0.006870683	16.152	0	0.9972	0	2	0	169	176	0	1N(2204.7725)	NA	HexNAc(4)Hex(5)NeuAc(2) % 2204.7724	6.24	0	nGSLFAFR	N(16.15)G(0.00)S(0.00)L(0.00)F(0.00)A(0.00)F(0.00)R(0.00)	N1	1	N(12.06)G(0.00)S(0.00)L(0.00)F(0.00)A(0.00)F(0.00)R(0.00)	N(0)G(0)S(0)L(0)F(0)A(0)F(0)R(0)	16.152378	2	0	0	16.152378	2	12.0571785	0	0	0	0	FALSE	FALSE	TRUE	sp|P04004|VTNC_HUMAN	P04004	VTNC_HUMAN	VTN	Vitronectin			46312	0	0	0	0	0	0
240419_ES_R00006_MG_c00001_SA_NPB_3_i2.46372.46372.4	D:\SHARE\Tim\25-12-03_GD_Dataset\GD_dataset\NPB_3_i2\interact.pep.xml	NISDGFDGIPDNVDAALALPAHSYSGR	N[2393]ISDGFDGIPDNVDAALALPAHSYSGR	VLDPDYPR.NISDGFDGIPDNVDAALALPAHSYSGR.ERVYFFKG	R	E	27	4	4121.407	5050.171	5050.161	1263.55	1263.5475	5050.124	1263.5383	0.0371	1.44E-05	20.366	8.82	0.9986	0	2	0	242	268	15033095	1N(2278.8091)	NA	HexNAc(5)Hex(6)NeuAc(1) % 2278.8092	1.19	0	nISDGFDGIPDNVDAALALPAHSYSGR	N(20.37)I(0.00)S(0.00)D(0.00)G(0.00)F(0.00)D(0.00)G(0.00)I(0.00)P(0.00)D(0.00)N(0.00)V(0.00)D(0.00)A(0.00)A(0.00)L(0.00)A(0.00)L(0.00)P(0.00)A(0.00)H(0.00)S(0.00)Y(0.00)S(0.00)G(0.00)R(0.00)	N1	1	N(7.53)I(0.00)S(0.00)D(0.00)G(0.00)F(0.00)D(0.00)G(0.00)I(0.00)P(0.00)D(0.00)N(0.00)V(0.00)D(0.00)A(0.00)A(0.00)L(0.00)A(0.00)L(0.00)P(0.00)A(0.00)H(0.00)S(0.00)Y(0.00)S(0.00)G(0.00)R(0.00)	N(0)I(0)S(0)D(0)G(0)F(0)D(0)G(0)I(0)P(0)D(0)N(0)V(0)D(0)A(0)A(0)L(0)A(0)L(0)P(0)A(0)H(0)S(0)Y(0)S(0)G(0)R(0)	20.366024	6	0	0	20.366024	6	7.5275316	0	0	0	0	FALSE	FALSE	TRUE	sp|P04004|VTNC_HUMAN	P04004	VTNC_HUMAN	VTN	Vitronectin			46342	4126.3184	46440	4091.5261	4188.7974	25.746	41
240419_ES_R00006_MG_c00001_SA_NPB_3_i2.46443.46443.4	D:\SHARE\Tim\25-12-03_GD_Dataset\GD_dataset\NPB_3_i2\interact.pep.xml	NISDGFDGIPDNVDAALALPAHSYSGR	N[2028]ISDGFDGIPDNVDAALALPAHSYSGR	VLDPDYPR.NISDGFDGIPDNVDAALALPAHSYSGR.ERVYFFKG	R	E	27	4	4126.596	4685.0015	4684.994	1172.2577	1172.2558	4684.9922	1172.2554	0.0022	0	36.55	11.708	1	0	2	0	242	268	45342748	1N(1913.6770)	NA	HexNAc(4)Hex(5)NeuAc(1) % 1913.6770	3.57	0	nISDGFDGIPDNVDAALALPAHSYSGR	N(32.88)I(0.00)S(0.00)D(0.00)G(0.00)F(0.00)D(0.00)G(0.00)I(0.00)P(0.00)D(0.00)N(0.00)V(0.00)D(0.00)A(0.00)A(0.00)L(0.00)A(0.00)L(0.00)P(0.00)A(0.00)H(0.00)S(0.00)Y(0.00)S(0.00)G(0.00)R(0.00)	N1	1	N(7.27)I(0.00)S(0.00)D(0.00)G(0.00)F(0.00)D(0.00)G(0.00)I(0.00)P(0.00)D(0.00)N(0.00)V(0.00)D(0.00)A(0.00)A(0.00)L(0.00)A(0.00)L(0.00)P(0.00)A(0.00)H(0.00)S(0.00)Y(0.00)S(0.00)G(0.00)R(0.00)	N(0)I(0)S(0)D(0)G(0)F(0)D(0)G(0)I(0)P(0)D(0)N(0)V(0)D(0)A(0)A(0)L(0)A(0)L(0)P(0)A(0)H(0)S(0)Y(0)S(0)G(0)R(0)	32.88402	11	0	0	36.55096	14	7.272765	0	0	0	0	FALSE	FALSE	TRUE	sp|P04004|VTNC_HUMAN	P04004	VTNC_HUMAN	VTN	Vitronectin			46400	4132.9834	46530	4110.5522	4484.7583	20.77	203
240419_ES_R00006_MG_c00001_SA_NPB_3_i2.46445.46445.5	D:\SHARE\Tim\25-12-03_GD_Dataset\GD_dataset\NPB_3_i2\interact.pep.xml	NISDGFDGIPDNVDAALALPAHSYSGR	N[2539]ISDGFDGIPDNVDAALALPAHSYSGR	VLDPDYPR.NISDGFDGIPDNVDAALALPAHSYSGR.ERVYFFKG	R	E	27	5	4126.7324	5196.1895	5196.1855	1040.2452	1040.2444	5196.1821	1040.2438	0.0034	0	46.382	12.776	1	0	2	0	242	268	133869424	1N(2424.8672)	NA	HexNAc(5)Hex(6)Fuc(1)NeuAc(1) % 2424.8671	0.43	0	nISDGFDGIPDNVDAALALPAHSYSGR	N(44.61)I(0.00)S(0.00)D(0.00)G(0.00)F(0.00)D(0.00)G(0.00)I(0.00)P(0.00)D(0.00)N(0.00)V(0.00)D(0.00)A(0.00)A(0.00)L(0.00)A(0.00)L(0.00)P(0.00)A(0.00)H(0.00)S(0.00)Y(0.00)S(0.00)G(0.00)R(0.00)	N1	1	N(12.06)I(0.00)S(0.00)D(0.00)G(0.00)F(0.00)D(0.00)G(0.00)I(0.00)P(0.00)D(0.00)N(0.00)V(0.00)D(0.00)A(0.00)A(0.00)L(0.00)A(0.00)L(0.00)P(0.00)A(0.00)H(0.00)S(0.00)Y(0.00)S(0.00)G(0.00)R(0.00)	N(2)I(0)S(0)D(0)G(0)F(0)D(0)G(0)I(0)P(0)D(0)N(0)V(0)D(0)A(0)A(0)L(0)A(0)L(0)P(0)A(0)H(0)S(0)Y(0)S(0)G(0)R(0)	44.605015	15	0	0	46.38217	16	12.063911	2	0	0	0	FALSE	FALSE	TRUE	sp|P04004|VTNC_HUMAN	P04004	VTNC_HUMAN	VTN	Vitronectin			46400	4141.1963	46641	4116.844	4183.0884	27.979002	25
240419_ES_R00006_MG_c00001_SA_NPB_3_i2.46462.46462.4	D:\SHARE\Tim\25-12-03_GD_Dataset\GD_dataset\NPB_3_i2\interact.pep.xml	NISDGFDGIPDNVDAALALPAHSYSGR	N[2539]ISDGFDGIPDNVDAALALPAHSYSGR	VLDPDYPR.NISDGFDGIPDNVDAALALPAHSYSGR.ERVYFFKG	R	E	27	4	4127.929	5196.196	5196.1836	1300.0563	1300.0532	5196.1821	1300.0529	0.0015	2.40E-13	55.206	8.786	1	0	2	0	242	268	598117060	1N(2424.8672)	NA	HexNAc(5)Hex(6)Fuc(1)NeuAc(1) % 2424.8671	1.89	0	nISDGFDGIPDNVDAALALPAHSYSGR	N(51.04)I(0.00)S(0.00)D(0.00)G(0.00)F(0.00)D(0.00)G(0.00)I(0.00)P(0.00)D(0.00)N(0.00)V(0.00)D(0.00)A(0.00)A(0.00)L(0.00)A(0.00)L(0.00)P(0.00)A(0.00)H(0.00)S(0.00)Y(0.00)S(0.00)G(0.00)R(0.00)	N1	1	N(9.51)I(0.00)S(0.00)D(0.00)G(0.00)F(0.00)D(0.00)G(0.00)I(0.00)P(0.00)D(0.00)N(0.00)V(0.00)D(0.00)A(0.00)A(0.00)L(0.00)A(0.00)L(0.00)P(0.00)A(0.00)H(0.00)S(0.00)Y(0.00)S(0.00)G(0.00)R(0.00)	N(0)I(0)S(0)D(0)G(0)F(0)D(0)G(0)I(0)P(0)D(0)N(0)V(0)D(0)A(0)A(0)L(0)A(0)L(0)P(0)A(0)H(0)S(0)Y(0)S(0)G(0)R(0)	51.04314	16	0	0	55.206078	19	9.513454	0	0	0	0	FALSE	FALSE	TRUE	sp|P04004|VTNC_HUMAN	P04004	VTNC_HUMAN	VTN	Vitronectin			46440	4146.6714	46716	4093.8772	4186.3633	32.568	35
240419_ES_R00006_MG_c00001_SA_NPB_3_i2.46465.46465.4	D:\SHARE\Tim\25-12-03_GD_Dataset\GD_dataset\NPB_3_i2\interact.pep.xml	NISDGFDGIPDNVDAALALPAHSYSGR	N[2028]ISDGFDGIPDNVDAALALPAHSYSGR	VLDPDYPR.NISDGFDGIPDNVDAALALPAHSYSGR.ERVYFFKG	R	E	27	4	4128.266	4685.001	4684.994	1172.2575	1172.2558	4684.9922	1172.2554	0.0022	1.44E-11	45.148	9.623	1	0	2	0	242	268	45340840	1N(1913.6770)	NA	HexNAc(4)Hex(5)NeuAc(1) % 1913.6770	3.75	0	nISDGFDGIPDNVDAALALPAHSYSGR	N(44.31)I(0.00)S(0.00)D(0.00)G(0.00)F(0.00)D(0.00)G(0.00)I(0.00)P(0.00)D(0.00)N(0.00)V(0.00)D(0.00)A(0.00)A(0.00)L(0.00)A(0.00)L(0.00)P(0.00)A(0.00)H(0.00)S(0.00)Y(0.00)S(0.00)G(0.00)R(0.00)	N1	1	N(8.89)I(0.00)S(0.00)D(0.00)G(0.00)F(0.00)D(0.00)G(0.00)I(0.00)P(0.00)D(0.00)N(0.00)V(0.00)D(0.00)A(0.00)A(0.00)L(0.00)A(0.00)L(0.00)P(0.00)A(0.00)H(0.00)S(0.00)Y(0.00)S(0.00)G(0.00)R(0.00)	N(0)I(0)S(0)D(0)G(0)F(0)D(0)G(0)I(0)P(0)D(0)N(0)V(0)D(0)A(0)A(0)L(0)A(0)L(0)P(0)A(0)H(0)S(0)Y(0)S(0)G(0)R(0)	44.312176	14	0	0	45.148556	15	8.894292	0	0	0	0	FALSE	FALSE	TRUE	sp|P04004|VTNC_HUMAN	P04004	VTNC_HUMAN	VTN	Vitronectin			46440	4132.9834	46530	4110.5522	4484.7583	20.77	203
240419_ES_R00006_MG_c00001_SA_NPB_3_i2.46467.46467.5	D:\SHARE\Tim\25-12-03_GD_Dataset\GD_dataset\NPB_3_i2\interact.pep.xml	NISDGFDGIPDNVDAALALPAHSYSGR	N[2539]ISDGFDGIPDNVDAALALPAHSYSGR	VLDPDYPR.NISDGFDGIPDNVDAALALPAHSYSGR.ERVYFFKG	R	E	27	5	4128.4023	5196.196	5196.1855	1040.2465	1040.2444	5196.1821	1040.2438	0.0034	0	55.6	8.818	1	0	2	0	242	268	133869424	1N(2424.8672)	NA	HexNAc(5)Hex(6)Fuc(1)NeuAc(1) % 2424.8671	0.53	0	nISDGFDGIPDNVDAALALPAHSYSGR	N(52.60)I(0.00)S(0.00)D(0.00)G(0.00)F(0.00)D(0.00)G(0.00)I(0.00)P(0.00)D(0.00)N(0.00)V(0.00)D(0.00)A(0.00)A(0.00)L(0.00)A(0.00)L(0.00)P(0.00)A(0.00)H(0.00)S(0.00)Y(0.00)S(0.00)G(0.00)R(0.00)	N1	1	N(11.11)I(0.00)S(0.00)D(0.00)G(0.00)F(0.00)D(0.00)G(0.00)I(0.00)P(0.00)D(0.00)N(0.00)V(0.00)D(0.00)A(0.00)A(0.00)L(0.00)A(0.00)L(0.00)P(0.00)A(0.00)H(0.00)S(0.00)Y(0.00)S(0.00)G(0.00)R(0.00)	N(1)I(0)S(0)D(0)G(0)F(0)D(0)G(0)I(0)P(0)D(0)N(0)V(0)D(0)A(0)A(0)L(0)A(0)L(0)P(0)A(0)H(0)S(0)Y(0)S(0)G(0)R(0)	52.59641	17	0	0	55.600136	19	11.114843	1	0	0	0	FALSE	FALSE	TRUE	sp|P04004|VTNC_HUMAN	P04004	VTNC_HUMAN	VTN	Vitronectin			46440	4141.1963	46641	4116.844	4184.265	27.979002	25
240419_ES_R00006_MG_c00001_SA_NPB_3_i2.46476.46476.3	D:\SHARE\Tim\25-12-03_GD_Dataset\GD_dataset\NPB_3_i2\interact.pep.xml	NISDGFDGIPDNVDAALALPAHSYSGR	N[2539]ISDGFDGIPDNVDAALALPAHSYSGR	VLDPDYPR.NISDGFDGIPDNVDAALALPAHSYSGR.ERVYFFKG	R	E	27	3	4129.02	5198.164	5198.1885	1733.7286	1733.7368	5196.1821	1733.068	2.0063	5.76E-09	26.778	7.084	1	0	2	0	242	268	40728776	1N(2424.8672)	NA	HexNAc(5)Hex(6)Fuc(1)NeuAc(1) % 2424.8671	-2.94	0.00213961	nISDGFDGIPDNVDAALALPAHSYSGR	N(25.13)I(0.00)S(0.00)D(0.00)G(0.00)F(0.00)D(0.00)G(0.00)I(0.00)P(0.00)D(0.00)N(0.00)V(0.00)D(0.00)A(0.00)A(0.00)L(0.00)A(0.00)L(0.00)P(0.00)A(0.00)H(0.00)S(0.00)Y(0.00)S(0.00)G(0.00)R(0.00)	N1	1	N(4.01)I(0.00)S(0.00)D(0.00)G(0.00)F(0.00)D(0.00)G(0.00)I(0.00)P(0.00)D(0.00)N(0.00)V(0.00)D(0.00)A(0.00)A(0.00)L(0.00)A(0.00)L(0.00)P(0.00)A(0.00)H(0.00)S(0.00)Y(0.00)S(0.00)G(0.00)R(0.00)	N(0)I(0)S(0)D(0)G(0)F(0)D(0)G(0)I(0)P(0)D(0)N(0)V(0)D(0)A(0)A(0)L(0)A(0)L(0)P(0)A(0)H(0)S(0)Y(0)S(0)G(0)R(0)	25.130112	10	0	0	26.778578	11	4.0075874	0	0	0	0	FALSE	FALSE	TRUE	sp|P04004|VTNC_HUMAN	P04004	VTNC_HUMAN	VTN	Vitronectin			46440	4146.6714	46716	4123.4233	4166.96	30.478	19
240419_ES_R00006_MG_c00001_SA_NPB_3_i2.46485.46485.3	D:\SHARE\Tim\25-12-03_GD_Dataset\GD_dataset\NPB_3_i2\interact.pep.xml	NNATVHEQVGGPSLTSDLQAQSK	NN[2319]ATVHEQVGGPSLTSDLQAQSK	VYDDGEEK.NNATVHEQVGGPSLTSDLQAQSK.GNPEQTPV	K	G	23	3	4129.644	4587.9526	4587.948	1530.3248	1530.3233	4584.9346	1529.3188	3.0139	0.1006352	10.489	0	0.5546	0.000230947	2	0	85	107	0	2N(2204.7725)	NA	HexNAc(4)Hex(5)NeuAc(2) % 2204.7724	-0.56	0	NnATVHEQVGGPSLTSDLQAQSK	N(0.00)N(10.49)A(0.00)T(0.00)V(0.00)H(0.00)E(0.00)Q(0.00)V(0.00)G(0.00)G(0.00)P(0.00)S(0.00)L(0.00)T(0.00)S(0.00)D(0.00)L(0.00)Q(0.00)A(0.00)Q(0.00)S(0.00)K(0.00)	N2	1	N(0.00)N(3.91)A(0.00)T(0.00)V(0.00)H(0.00)E(0.00)Q(0.00)V(0.00)G(0.00)G(0.00)P(0.00)S(0.00)L(0.00)T(0.00)S(0.00)D(0.00)L(0.00)Q(0.00)A(0.00)Q(0.00)S(0.00)K(0.00)	N(0)N(0)A(0)T(0)V(0)H(0)E(0)Q(0)V(0)G(0)G(0)P(0)S(0)L(0)T(0)S(0)D(0)L(0)Q(0)A(0)Q(0)S(0)K(0)	10.489773	4	0	0	10.489773	4	3.9079347	0	0	0	0	FALSE	FALSE	FALSE	sp|P04004|VTNC_HUMAN	P04004	VTNC_HUMAN	VTN	Vitronectin		tr|F5GX75|F5GX75_HUMAN	46440	0	0	0	0	0	0
240419_ES_R00006_MG_c00001_SA_NPB_3_i2.46503.46503.3	D:\SHARE\Tim\25-12-03_GD_Dataset\GD_dataset\NPB_3_i2\interact.pep.xml	NISDGFDGIPDNVDAALALPAHSYSGR	N[2539]ISDGFDGIPDNVDAALALPAHSYSGR	VLDPDYPR.NISDGFDGIPDNVDAALALPAHSYSGR.ERVYFFKG	R	E	27	3	4131.052	5199.2	5199.1934	1734.0739	1734.0717	5196.1821	1733.068	3.0112	2.20E-09	42.134	0	1	0	2	0	242	268	40728776	1N(2424.8672)	NA	HexNAc(5)Hex(6)Fuc(1)NeuAc(1) % 2424.8671	-2.44	0.001632209	nISDGFDGIPDNVDAALALPAHSYSGR	N(40.66)I(0.00)S(0.00)D(0.00)G(0.00)F(0.00)D(0.00)G(0.00)I(0.00)P(0.00)D(0.00)N(0.00)V(0.00)D(0.00)A(0.00)A(0.00)L(0.00)A(0.00)L(0.00)P(0.00)A(0.00)H(0.00)S(0.00)Y(0.00)S(0.00)G(0.00)R(0.00)	N1	1	N(9.06)I(0.00)S(0.00)D(0.00)G(0.00)F(0.00)D(0.00)G(0.00)I(0.00)P(0.00)D(0.00)N(0.00)V(0.00)D(0.00)A(0.00)A(0.00)L(0.00)A(0.00)L(0.00)P(0.00)A(0.00)H(0.00)S(0.00)Y(0.00)S(0.00)G(0.00)R(0.00)	N(1)I(0)S(0)D(0)G(0)F(0)D(0)G(0)I(0)P(0)D(0)N(0)V(0)D(0)A(0)A(0)L(0)A(0)L(0)P(0)A(0)H(0)S(0)Y(0)S(0)G(0)R(0)	40.663773	14	0	0	42.13494	15	9.058365	1	0	0	0	FALSE	FALSE	TRUE	sp|P04004|VTNC_HUMAN	P04004	VTNC_HUMAN	VTN	Vitronectin			46461	4146.6714	46716	4123.4233	4169.5264	30.478	19
240419_ES_R00006_MG_c00001_SA_NPB_3_i2.46538.46538.3	D:\SHARE\Tim\25-12-03_GD_Dataset\GD_dataset\NPB_3_i2\interact.pep.xml	NISDGFDGIPDNVDAALALPAHSYSGR	N[2539]ISDGFDGIPDNVDAALALPAHSYSGR	VLDPDYPR.NISDGFDGIPDNVDAALALPAHSYSGR.ERVYFFKG	R	E	27	3	4133.6025	5196.203	5196.1953	1733.0749	1733.0724	5196.1821	1733.068	0.0132	0	52.302	10.285	1	0	2	0	242	268	40728776	1N(2424.8672)	NA	HexNAc(5)Hex(6)Fuc(1)NeuAc(1) % 2424.8671	-0.93	0.000597015	nISDGFDGIPDNVDAALALPAHSYSGR	N(49.57)I(0.00)S(0.00)D(0.00)G(0.00)F(0.00)D(0.00)G(0.00)I(0.00)P(0.00)D(0.00)N(0.00)V(0.00)D(0.00)A(0.00)A(0.00)L(0.00)A(0.00)L(0.00)P(0.00)A(0.00)H(0.00)S(0.00)Y(0.00)S(0.00)G(0.00)R(0.00)	N1	1	N(10.93)I(0.00)S(0.00)D(0.00)G(0.00)F(0.00)D(0.00)G(0.00)I(0.00)P(0.00)D(0.00)N(0.00)V(0.00)D(0.00)A(0.00)A(0.00)L(0.00)A(0.00)L(0.00)P(0.00)A(0.00)H(0.00)S(0.00)Y(0.00)S(0.00)G(0.00)R(0.00)	N(1)I(0)S(0)D(0)G(0)F(0)D(0)G(0)I(0)P(0)D(0)N(0)V(0)D(0)A(0)A(0)L(0)A(0)L(0)P(0)A(0)H(0)S(0)Y(0)S(0)G(0)R(0)	49.568375	16	0	0	52.30238	18	10.930932	1	0	0	0	FALSE	FALSE	TRUE	sp|P04004|VTNC_HUMAN	P04004	VTNC_HUMAN	VTN	Vitronectin			46496	4146.6714	46716	4123.4233	4171.728	30.478	19
240419_ES_R00006_MG_c00001_SA_NPB_3_i2.46548.46548.5	D:\SHARE\Tim\25-12-03_GD_Dataset\GD_dataset\NPB_3_i2\interact.pep.xml	NISDGFDGIPDNVDAALALPAHSYSGR	N[2393]ISDGFDGIPDNVDAALALPAHSYSGR	VLDPDYPR.NISDGFDGIPDNVDAALALPAHSYSGR.ERVYFFKG	R	E	27	5	4134.294	5050.1416	5050.1216	1011.0356	1011.0316	5050.124	1011.0321	-0.0024	4.56E-10	39.266	10.481	1	0	2	0	242	268	183585120	1N(2278.8091)	NA	HexNAc(5)Hex(6)NeuAc(1) % 2278.8092	3.06	0	nISDGFDGIPDNVDAALALPAHSYSGR	N(37.63)I(0.00)S(0.00)D(0.00)G(0.00)F(0.00)D(0.00)G(0.00)I(0.00)P(0.00)D(0.00)N(0.00)V(0.00)D(0.00)A(0.00)A(0.00)L(0.00)A(0.00)L(0.00)P(0.00)A(0.00)H(0.00)S(0.00)Y(0.00)S(0.00)G(0.00)R(0.00)	N1	1	N(10.85)I(0.00)S(0.00)D(0.00)G(0.00)F(0.00)D(0.00)G(0.00)I(0.00)P(0.00)D(0.00)N(0.00)V(0.00)D(0.00)A(0.00)A(0.00)L(0.00)A(0.00)L(0.00)P(0.00)A(0.00)H(0.00)S(0.00)Y(0.00)S(0.00)G(0.00)R(0.00)	N(1)I(0)S(0)D(0)G(0)F(0)D(0)G(0)I(0)P(0)D(0)N(0)V(0)D(0)A(0)A(0)L(0)A(0)L(0)P(0)A(0)H(0)S(0)Y(0)S(0)G(0)R(0)	37.629143	12	0	0	39.26613	13	10.853263	1	0	0	0	FALSE	FALSE	TRUE	sp|P04004|VTNC_HUMAN	P04004	VTNC_HUMAN	VTN	Vitronectin			46496	4156.782	46851	4126.3184	4183.0884	23.18	22
240419_ES_R00006_MG_c00001_SA_NPB_3_i2.46590.46590.5	D:\SHARE\Tim\25-12-03_GD_Dataset\GD_dataset\NPB_3_i2\interact.pep.xml	NISDGFDGIPDNVDAALALPAHSYSGR	N[2684]ISDGFDGIPDNVDAALALPAHSYSGR	VLDPDYPR.NISDGFDGIPDNVDAALALPAHSYSGR.ERVYFFKG	R	E	27	5	4137.3887	5341.2446	5341.2354	1069.2562	1069.2544	5341.2197	1069.2512	0.0159	2.00E-14	25.585	6.721	1	0	2	0	242	268	0	1N(2569.9045)	NA	HexNAc(5)Hex(6)NeuAc(2) % 2569.9046	-0.57	0	nISDGFDGIPDNVDAALALPAHSYSGR	N(22.74)I(0.00)S(0.00)D(0.00)G(0.00)F(0.00)D(0.00)G(0.00)I(0.00)P(0.00)D(0.00)N(0.00)V(0.00)D(0.00)A(0.00)A(0.00)L(0.00)A(0.00)L(0.00)P(0.00)A(0.00)H(0.00)S(0.00)Y(0.00)S(0.00)G(0.00)R(0.00)	N1	1	N(5.65)I(0.00)S(0.00)D(0.00)G(0.00)F(0.00)D(0.00)G(0.00)I(0.00)P(0.00)D(0.00)N(0.00)V(0.00)D(0.00)A(0.00)A(0.00)L(0.00)A(0.00)L(0.00)P(0.00)A(0.00)H(0.00)S(0.00)Y(0.00)S(0.00)G(0.00)R(0.00)	N(0)I(0)S(0)D(0)G(0)F(0)D(0)G(0)I(0)P(0)D(0)N(0)V(0)D(0)A(0)A(0)L(0)A(0)L(0)P(0)A(0)H(0)S(0)Y(0)S(0)G(0)R(0)	22.744478	8	0	0	25.585426	10	5.653289	0	0	0	0	FALSE	FALSE	TRUE	sp|P04004|VTNC_HUMAN	P04004	VTNC_HUMAN	VTN	Vitronectin			46530	0	0	0	0	0	0
240419_ES_R00006_MG_c00001_SA_NPB_3_i2.46617.46617.3	D:\SHARE\Tim\25-12-03_GD_Dataset\GD_dataset\NPB_3_i2\interact.pep.xml	NISDGFDGIPDNVDAALALPAHSYSGR	N[2028]ISDGFDGIPDNVDAALALPAHSYSGR	VLDPDYPR.NISDGFDGIPDNVDAALALPAHSYSGR.ERVYFFKG	R	E	27	3	4139.4185	4684.9814	4684.998	1562.6677	1562.6733	4684.9922	1562.6714	0.0061	0	49.54	9.67	1	0	2	0	242	268	32209412	1N(1913.6770)	NA	HexNAc(4)Hex(5)NeuAc(1) % 1913.6770	3.61	0	nISDGFDGIPDNVDAALALPAHSYSGR	N(45.09)I(0.00)S(0.00)D(0.00)G(0.00)F(0.00)D(0.00)G(0.00)I(0.00)P(0.00)D(0.00)N(0.00)V(0.00)D(0.00)A(0.00)A(0.00)L(0.00)A(0.00)L(0.00)P(0.00)A(0.00)H(0.00)S(0.00)Y(0.00)S(0.00)G(0.00)R(0.00)	N1	1	N(6.23)I(0.00)S(0.00)D(0.00)G(0.00)F(0.00)D(0.00)G(0.00)I(0.00)P(0.00)D(0.00)N(0.00)V(0.00)D(0.00)A(0.00)A(0.00)L(0.00)A(0.00)L(0.00)P(0.00)A(0.00)H(0.00)S(0.00)Y(0.00)S(0.00)G(0.00)R(0.00)	N(0)I(0)S(0)D(0)G(0)F(0)D(0)G(0)I(0)P(0)D(0)N(0)V(0)D(0)A(0)A(0)L(0)A(0)L(0)P(0)A(0)H(0)S(0)Y(0)S(0)G(0)R(0)	45.09216	16	0	0	49.540955	19	6.228523	0	0	0	0	FALSE	FALSE	TRUE	sp|P04004|VTNC_HUMAN	P04004	VTNC_HUMAN	VTN	Vitronectin			46570	4154.9883	46827	4130.4844	4282.327	16.468	86
240419_ES_R00006_MG_c00001_SA_NPB_3_i2.46631.46631.3	D:\SHARE\Tim\25-12-03_GD_Dataset\GD_dataset\NPB_3_i2\interact.pep.xml	NISDGFDGIPDNVDAALALPAHSYSGR	N[2393]ISDGFDGIPDNVDAALALPAHSYSGR	VLDPDYPR.NISDGFDGIPDNVDAALALPAHSYSGR.ERVYFFKG	R	E	27	3	4140.3896	5050.1406	5050.1416	1684.3875	1684.3878	5050.124	1684.382	0.0176	0	37.322	7.063	1	0	2	0	242	268	72870224	1N(2278.8091)	NA	HexNAc(5)Hex(6)NeuAc(1) % 2278.8092	-0.47	0	nISDGFDGIPDNVDAALALPAHSYSGR	N(35.75)I(0.00)S(0.00)D(0.00)G(0.00)F(0.00)D(0.00)G(0.00)I(0.00)P(0.00)D(0.00)N(0.00)V(0.00)D(0.00)A(0.00)A(0.00)L(0.00)A(0.00)L(0.00)P(0.00)A(0.00)H(0.00)S(0.00)Y(0.00)S(0.00)G(0.00)R(0.00)	N1	1	N(5.61)I(0.00)S(0.00)D(0.00)G(0.00)F(0.00)D(0.00)G(0.00)I(0.00)P(0.00)D(0.00)N(0.00)V(0.00)D(0.00)A(0.00)A(0.00)L(0.00)A(0.00)L(0.00)P(0.00)A(0.00)H(0.00)S(0.00)Y(0.00)S(0.00)G(0.00)R(0.00)	N(0)I(0)S(0)D(0)G(0)F(0)D(0)G(0)I(0)P(0)D(0)N(0)V(0)D(0)A(0)A(0)L(0)A(0)L(0)P(0)A(0)H(0)S(0)Y(0)S(0)G(0)R(0)	35.746346	13	0	0	37.322433	14	5.6097355	0	0	0	0	FALSE	FALSE	TRUE	sp|P04004|VTNC_HUMAN	P04004	VTNC_HUMAN	VTN	Vitronectin			46570	4153.2573	46804	4135.9473	4184.265	25.746	19
240419_ES_R00006_MG_c00001_SA_NPB_3_i2.46672.46672.4	D:\SHARE\Tim\25-12-03_GD_Dataset\GD_dataset\NPB_3_i2\interact.pep.xml	NNATVHEQVGGPSLTSDLQAQSK	NN[2028]ATVHEQVGGPSLTSDLQAQSK	VYDDGEEK.NNATVHEQVGGPSLTSDLQAQSK.GNPEQTPV	K	G	23	4	4143.417	4294.861	4294.8394	1074.7225	1074.7171	4293.8389	1074.467	1.0004	0.003795765	22.925	18.33	0.998	0	2	0	85	107	0	2N(1913.6770)	NA	HexNAc(4)Hex(5)NeuAc(1) % 1913.6770	4.62	0	NnATVHEQVGGPSLTSDLQAQSK	N(0.00)N(20.67)A(0.00)T(0.00)V(0.00)H(0.00)E(0.00)Q(0.00)V(0.00)G(0.00)G(0.00)P(0.00)S(0.00)L(0.00)T(0.00)S(0.00)D(0.00)L(0.00)Q(0.00)A(0.00)Q(0.00)S(0.00)K(0.00)	N2	1	N(0.00)N(12.03)A(0.00)T(0.00)V(0.00)H(0.00)E(0.00)Q(0.00)V(0.00)G(0.00)G(0.00)P(0.00)S(0.00)L(0.00)T(0.00)S(0.00)D(0.00)L(0.00)Q(0.00)A(0.00)Q(0.00)S(0.00)K(0.00)	N(0)N(0)A(0)T(0)V(0)H(0)E(0)Q(0)V(0)G(0)G(0)P(0)S(0)L(0)T(0)S(0)D(0)L(0)Q(0)A(0)Q(0)S(0)K(0)	20.667158	4	0	0	22.925686	5	12.030329	0	0	0	0	FALSE	FALSE	FALSE	sp|P04004|VTNC_HUMAN	P04004	VTNC_HUMAN	VTN	Vitronectin		tr|F5GX75|F5GX75_HUMAN	46607	0	0	0	0	0	0
240419_ES_R00006_MG_c00001_SA_NPB_3_i2.46698.46698.5	D:\SHARE\Tim\25-12-03_GD_Dataset\GD_dataset\NPB_3_i2\interact.pep.xml	NISDGFDGIPDNVDAALALPAHSYSGR	N[2028]ISDGFDGIPDNVDAALALPAHSYSGR	VLDPDYPR.NISDGFDGIPDNVDAALALPAHSYSGR.ERVYFFKG	R	E	27	5	4145.3633	4684.998	4684.9907	938.0069	938.0054	4684.9922	938.0057	-0.0013	0	50.177	9.656	1	0	2	0	242	268	16172418	1N(1913.6770)	NA	HexNAc(4)Hex(5)NeuAc(1) % 1913.6770	3.34	0	nISDGFDGIPDNVDAALALPAHSYSGR	N(45.18)I(0.00)S(0.00)D(0.00)G(0.00)F(0.00)D(0.00)G(0.00)I(0.00)P(0.00)D(0.00)N(0.00)V(0.00)D(0.00)A(0.00)A(0.00)L(0.00)A(0.00)L(0.00)P(0.00)A(0.00)H(0.00)S(0.00)Y(0.00)S(0.00)G(0.00)R(0.00)	N1	1	N(11.64)I(0.00)S(0.00)D(0.00)G(0.00)F(0.00)D(0.00)G(0.00)I(0.00)P(0.00)D(0.00)N(0.00)V(0.00)D(0.00)A(0.00)A(0.00)L(0.00)A(0.00)L(0.00)P(0.00)A(0.00)H(0.00)S(0.00)Y(0.00)S(0.00)G(0.00)R(0.00)	N(0)I(0)S(0)D(0)G(0)F(0)D(0)G(0)I(0)P(0)D(0)N(0)V(0)D(0)A(0)A(0)L(0)A(0)L(0)P(0)A(0)H(0)S(0)Y(0)S(0)G(0)R(0)	45.181072	13	0	0	50.17749	16	11.639635	0	0	0	0	FALSE	FALSE	TRUE	sp|P04004|VTNC_HUMAN	P04004	VTNC_HUMAN	VTN	Vitronectin			46641	4153.2573	46804	4138.662	4278.077	20.77	84
240419_ES_R00006_MG_c00001_SA_NPB_3_i2.46737.46737.5	D:\SHARE\Tim\25-12-03_GD_Dataset\GD_dataset\NPB_3_i2\interact.pep.xml	NISDGFDGIPDNVDAALALPAHSYSGR	N[2028]ISDGFDGIPDNVDAALALPAHSYSGR	VLDPDYPR.NISDGFDGIPDNVDAALALPAHSYSGR.ERVYFFKG	R	E	27	5	4148.22	4684.997	4684.9907	938.0067	938.0054	4684.9922	938.0057	-0.0013	1.20E-13	44.431	9.96	1	0	2	0	242	268	16172418	1N(1913.6770)	NA	HexNAc(4)Hex(5)NeuAc(1) % 1913.6770	3.73	0	nISDGFDGIPDNVDAALALPAHSYSGR	N(44.24)I(0.00)S(0.00)D(0.00)G(0.00)F(0.00)D(0.00)G(0.00)I(0.00)P(0.00)D(0.00)N(0.00)V(0.00)D(0.00)A(0.00)A(0.00)L(0.00)A(0.00)L(0.00)P(0.00)A(0.00)H(0.00)S(0.00)Y(0.00)S(0.00)G(0.00)R(0.00)	N1	1	N(13.58)I(0.00)S(0.00)D(0.00)G(0.00)F(0.00)D(0.00)G(0.00)I(0.00)P(0.00)D(0.00)N(0.00)V(0.00)D(0.00)A(0.00)A(0.00)L(0.00)A(0.00)L(0.00)P(0.00)A(0.00)H(0.00)S(0.00)Y(0.00)S(0.00)G(0.00)R(0.00)	N(1)I(0)S(0)D(0)G(0)F(0)D(0)G(0)I(0)P(0)D(0)N(0)V(0)D(0)A(0)A(0)L(0)A(0)L(0)P(0)A(0)H(0)S(0)Y(0)S(0)G(0)R(0)	44.24015	13	0	0	44.431763	13	13.583876	1	0	0	0	FALSE	FALSE	TRUE	sp|P04004|VTNC_HUMAN	P04004	VTNC_HUMAN	VTN	Vitronectin			46676	4153.2573	46804	4138.662	4278.077	20.77	84
240419_ES_R00006_MG_c00001_SA_NPB_3_i2.46830.46830.4	D:\SHARE\Tim\25-12-03_GD_Dataset\GD_dataset\NPB_3_i2\interact.pep.xml	NISDGFDGIPDNVDAALALPAHSYSGR	N[2319]ISDGFDGIPDNVDAALALPAHSYSGR	VLDPDYPR.NISDGFDGIPDNVDAALALPAHSYSGR.ERVYFFKG	R	E	27	4	4155.266	4976.1133	4976.086	1245.0356	1245.0288	4976.0874	1245.0292	-0.0015	6.53E-12	39.428	13.698	1	0	2	0	242	268	21400524	1N(2204.7725)	NA	HexNAc(4)Hex(5)NeuAc(2) % 2204.7724	5.34	0	nISDGFDGIPDNVDAALALPAHSYSGR	N(36.36)I(0.00)S(0.00)D(0.00)G(0.00)F(0.00)D(0.00)G(0.00)I(0.00)P(0.00)D(0.00)N(0.00)V(0.00)D(0.00)A(0.00)A(0.00)L(0.00)A(0.00)L(0.00)P(0.00)A(0.00)H(0.00)S(0.00)Y(0.00)S(0.00)G(0.00)R(0.00)	N1	1	N(9.76)I(0.00)S(0.00)D(0.00)G(0.00)F(0.00)D(0.00)G(0.00)I(0.00)P(0.00)D(0.00)N(0.00)V(0.00)D(0.00)A(0.00)A(0.00)L(0.00)A(0.00)L(0.00)P(0.00)A(0.00)H(0.00)S(0.00)Y(0.00)S(0.00)G(0.00)R(0.00)	N(0)I(0)S(0)D(0)G(0)F(0)D(0)G(0)I(0)P(0)D(0)N(0)V(0)D(0)A(0)A(0)L(0)A(0)L(0)P(0)A(0)H(0)S(0)Y(0)S(0)G(0)R(0)	36.36129	11	0	0	39.428226	13	9.762078	0	0	0	0	FALSE	FALSE	TRUE	sp|P04004|VTNC_HUMAN	P04004	VTNC_HUMAN	VTN	Vitronectin			46804	4163.0522	46935	4132.9834	4177.8833	29.622002	17
240419_ES_R00006_MG_c00001_SA_NPB_3_i2.46839.46839.5	D:\SHARE\Tim\25-12-03_GD_Dataset\GD_dataset\NPB_3_i2\interact.pep.xml	NISDGFDGIPDNVDAALALPAHSYSGR	N[2028]ISDGFDGIPDNVDAALALPAHSYSGR	VLDPDYPR.NISDGFDGIPDNVDAALALPAHSYSGR.ERVYFFKG	R	E	27	5	4155.88	4684.9995	4684.9907	938.0072	938.0054	4684.9922	938.0057	-0.0013	0	54.937	8.987	1	0	2	0	242	268	14752016	1N(1913.6770)	NA	HexNAc(4)Hex(5)NeuAc(1) % 1913.6770	3.31	0	nISDGFDGIPDNVDAALALPAHSYSGR	N(53.40)I(0.00)S(0.00)D(0.00)G(0.00)F(0.00)D(0.00)G(0.00)I(0.00)P(0.00)D(0.00)N(0.00)V(0.00)D(0.00)A(0.00)A(0.00)L(0.00)A(0.00)L(0.00)P(0.00)A(0.00)H(0.00)S(0.00)Y(0.00)S(0.00)G(0.00)R(0.00)	N1	1	N(13.70)I(0.00)S(0.00)D(0.00)G(0.00)F(0.00)D(0.00)G(0.00)I(0.00)P(0.00)D(0.00)N(0.00)V(0.00)D(0.00)A(0.00)A(0.00)L(0.00)A(0.00)L(0.00)P(0.00)A(0.00)H(0.00)S(0.00)Y(0.00)S(0.00)G(0.00)R(0.00)	N(1)I(0)S(0)D(0)G(0)F(0)D(0)G(0)I(0)P(0)D(0)N(0)V(0)D(0)A(0)A(0)L(0)A(0)L(0)P(0)A(0)H(0)S(0)Y(0)S(0)G(0)R(0)	53.40474	16	0	0	54.93788	17	13.695625	1	0	0	0	FALSE	FALSE	TRUE	sp|P04004|VTNC_HUMAN	P04004	VTNC_HUMAN	VTN	Vitronectin			46804	4154.9883	46827	4138.662	4260.457	20.77	77
240419_ES_R00006_MG_c00001_SA_NPB_3_i2.46860.46860.3	D:\SHARE\Tim\25-12-03_GD_Dataset\GD_dataset\NPB_3_i2\interact.pep.xml	NISDGFDGIPDNVDAALALPAHSYSGR	N[1737]ISDGFDGIPDNVDAALALPAHSYSGR	VLDPDYPR.NISDGFDGIPDNVDAALALPAHSYSGR.ERVYFFKG	R	E	27	3	4157.509	4394.895	4394.9155	1465.9723	1465.9791	4393.8965	1465.6395	1.0189	7.11E-05	24.093	0	1	0	2	0	242	268	0	1N(1622.5815)	NA	HexNAc(4)Hex(5) % 1622.5816	-1.58	0.001120448	nISDGFDGIPDNVDAALALPAHSYSGR	N(22.43)I(0.00)S(0.00)D(0.00)G(0.00)F(0.00)D(0.00)G(0.00)I(0.00)P(0.00)D(0.00)N(0.00)V(0.00)D(0.00)A(0.00)A(0.00)L(0.00)A(0.00)L(0.00)P(0.00)A(0.00)H(0.00)S(0.00)Y(0.00)S(0.00)G(0.00)R(0.00)	N1	1	N(1.99)I(0.00)S(0.00)D(0.00)G(0.00)F(0.00)D(0.00)G(0.00)I(0.00)P(0.00)D(0.00)N(0.00)V(0.00)D(0.00)A(0.00)A(0.00)L(0.00)A(0.00)L(0.00)P(0.00)A(0.00)H(0.00)S(0.00)Y(0.00)S(0.00)G(0.00)R(0.00)	N(0)I(0)S(0)D(0)G(0)F(0)D(0)G(0)I(0)P(0)D(0)N(0)V(0)D(0)A(0)A(0)L(0)A(0)L(0)P(0)A(0)H(0)S(0)Y(0)S(0)G(0)R(0)	22.432999	10	0	0	24.093699	11	1.9936113	0	0	0	0	FALSE	FALSE	TRUE	sp|P04004|VTNC_HUMAN	P04004	VTNC_HUMAN	VTN	Vitronectin			46827	0	0	0	0	0	0
240419_ES_R00006_MG_c00001_SA_NPB_3_i2.46883.46883.4	D:\SHARE\Tim\25-12-03_GD_Dataset\GD_dataset\NPB_3_i2\interact.pep.xml	NISDGFDGIPDNVDAALALPAHSYSGR	N[2393]ISDGFDGIPDNVDAALALPAHSYSGR	VLDPDYPR.NISDGFDGIPDNVDAALALPAHSYSGR.ERVYFFKG	R	E	27	4	4159.111	5050.116	5050.1245	1263.5363	1263.5384	5050.124	1263.5383	5.00E-04	0	63.26	10.322	1	0	2	0	242	268	928257980	1N(2278.8091)	NA	HexNAc(5)Hex(6)NeuAc(1) % 2278.8092	5.62	0	nISDGFDGIPDNVDAALALPAHSYSGR	N(58.67)I(0.00)S(0.00)D(0.00)G(0.00)F(0.00)D(0.00)G(0.00)I(0.00)P(0.00)D(0.00)N(0.00)V(0.00)D(0.00)A(0.00)A(0.00)L(0.00)A(0.00)L(0.00)P(0.00)A(0.00)H(0.00)S(0.00)Y(0.00)S(0.00)G(0.00)R(0.00)	N1	1	N(12.93)I(0.00)S(0.00)D(0.00)G(0.00)F(0.00)D(0.00)G(0.00)I(0.00)P(0.00)D(0.00)N(0.00)V(0.00)D(0.00)A(0.00)A(0.00)L(0.00)A(0.00)L(0.00)P(0.00)A(0.00)H(0.00)S(0.00)Y(0.00)S(0.00)G(0.00)R(0.00)	N(1)I(0)S(0)D(0)G(0)F(0)D(0)G(0)I(0)P(0)D(0)N(0)V(0)D(0)A(0)A(0)L(0)A(0)L(0)P(0)A(0)H(0)S(0)Y(0)S(0)G(0)R(0)	58.668846	18	0	0	63.260437	21	12.92778	1	0	0	0	FALSE	FALSE	TRUE	sp|P04004|VTNC_HUMAN	P04004	VTNC_HUMAN	VTN	Vitronectin			46851	4156.782	46851	4091.5261	4191.268	25.746	42
240419_ES_R00006_MG_c00001_SA_NPB_3_i2.46910.46910.4	D:\SHARE\Tim\25-12-03_GD_Dataset\GD_dataset\NPB_3_i2\interact.pep.xml	NNATVHEQVGGPSLTSDLQAQSK	NN[2319]ATVHEQVGGPSLTSDLQAQSK	VYDDGEEK.NNATVHEQVGGPSLTSDLQAQSK.GNPEQTPV	K	G	23	4	4161.2407	4584.9443	4584.937	1147.2434	1147.2415	4584.9346	1147.241	0.0027	2.60E-10	40.496	14.838	1	0	2	0	85	107	0	2N(2204.7725)	NA	HexNAc(4)Hex(5)NeuAc(2) % 2204.7724	6.61	0	NnATVHEQVGGPSLTSDLQAQSK	N(0.00)N(37.98)A(0.00)T(0.00)V(0.00)H(0.00)E(0.00)Q(0.00)V(0.00)G(0.00)G(0.00)P(0.00)S(0.00)L(0.00)T(0.00)S(0.00)D(0.00)L(0.00)Q(0.00)A(0.00)Q(0.00)S(0.00)K(0.00)	N2	1	N(0.00)N(11.88)A(0.00)T(0.00)V(0.00)H(0.00)E(0.00)Q(0.00)V(0.00)G(0.00)G(0.00)P(0.00)S(0.00)L(0.00)T(0.00)S(0.00)D(0.00)L(0.00)Q(0.00)A(0.00)Q(0.00)S(0.00)K(0.00)	N(0)N(1)A(0)T(0)V(0)H(0)E(0)Q(0)V(0)G(0)G(0)P(0)S(0)L(0)T(0)S(0)D(0)L(0)Q(0)A(0)Q(0)S(0)K(0)	37.97576	12	0	0	40.49659	14	11.879544	1	0	0	0	FALSE	FALSE	FALSE	sp|P04004|VTNC_HUMAN	P04004	VTNC_HUMAN	VTN	Vitronectin		tr|F5GX75|F5GX75_HUMAN	46882	0	0	0	0	0	0
240419_ES_R00006_MG_c00001_SA_NPB_3_i2.46925.46925.4	D:\SHARE\Tim\25-12-03_GD_Dataset\GD_dataset\NPB_3_i2\interact.pep.xml	NISDGFDGIPDNVDAALALPAHSYSGR	N[1737]ISDGFDGIPDNVDAALALPAHSYSGR	VLDPDYPR.NISDGFDGIPDNVDAALALPAHSYSGR.ERVYFFKG	R	E	27	4	4162.269	4395.908	4395.8936	1099.9843	1099.9807	4393.8965	1099.4814	1.9971	4.35E-12	33.398	8.232	1	0	2	0	242	268	0	1N(1622.5815)	NA	HexNAc(4)Hex(5) % 1622.5816	0.13	0	nISDGFDGIPDNVDAALALPAHSYSGR	N(30.45)I(0.00)S(0.00)D(0.00)G(0.00)F(0.00)D(0.00)G(0.00)I(0.00)P(0.00)D(0.00)N(0.00)V(0.00)D(0.00)A(0.00)A(0.00)L(0.00)A(0.00)L(0.00)P(0.00)A(0.00)H(0.00)S(0.00)Y(0.00)S(0.00)G(0.00)R(0.00)	N1	1	N(7.26)I(0.00)S(0.00)D(0.00)G(0.00)F(0.00)D(0.00)G(0.00)I(0.00)P(0.00)D(0.00)N(0.00)V(0.00)D(0.00)A(0.00)A(0.00)L(0.00)A(0.00)L(0.00)P(0.00)A(0.00)H(0.00)S(0.00)Y(0.00)S(0.00)G(0.00)R(0.00)	N(0)I(0)S(0)D(0)G(0)F(0)D(0)G(0)I(0)P(0)D(0)N(0)V(0)D(0)A(0)A(0)L(0)A(0)L(0)P(0)A(0)H(0)S(0)Y(0)S(0)G(0)R(0)	30.454626	10	0	0	33.398537	12	7.2633243	0	0	0	0	FALSE	FALSE	TRUE	sp|P04004|VTNC_HUMAN	P04004	VTNC_HUMAN	VTN	Vitronectin			46882	0	0	0	0	0	0
240419_ES_R00006_MG_c00001_SA_NPB_3_i2.46940.46940.3	D:\SHARE\Tim\25-12-03_GD_Dataset\GD_dataset\NPB_3_i2\interact.pep.xml	NISDGFDGIPDNVDAALALPAHSYSGR	N[2539]ISDGFDGIPDNVDAALALPAHSYSGR	VLDPDYPR.NISDGFDGIPDNVDAALALPAHSYSGR.ERVYFFKG	R	E	27	3	4163.467	5197.1797	5197.1934	1733.4005	1733.4051	5196.1821	1733.068	1.0112	8.82E-08	38.719	0	1	0	2	0	242	268	40728776	1N(2424.8672)	NA	HexNAc(5)Hex(6)Fuc(1)NeuAc(1) % 2424.8671	-2.01	0.001120448	nISDGFDGIPDNVDAALALPAHSYSGR	N(36.54)I(0.00)S(0.00)D(0.00)G(0.00)F(0.00)D(0.00)G(0.00)I(0.00)P(0.00)D(0.00)N(0.00)V(0.00)D(0.00)A(0.00)A(0.00)L(0.00)A(0.00)L(0.00)P(0.00)A(0.00)H(0.00)S(0.00)Y(0.00)S(0.00)G(0.00)R(0.00)	N1	1	N(8.12)I(0.00)S(0.00)D(0.00)G(0.00)F(0.00)D(0.00)G(0.00)I(0.00)P(0.00)D(0.00)N(0.00)V(0.00)D(0.00)A(0.00)A(0.00)L(0.00)A(0.00)L(0.00)P(0.00)A(0.00)H(0.00)S(0.00)Y(0.00)S(0.00)G(0.00)R(0.00)	N(0)I(0)S(0)D(0)G(0)F(0)D(0)G(0)I(0)P(0)D(0)N(0)V(0)D(0)A(0)A(0)L(0)A(0)L(0)P(0)A(0)H(0)S(0)Y(0)S(0)G(0)R(0)	36.54149	12	0	0	38.719078	13	8.118832	0	0	0	0	FALSE	FALSE	TRUE	sp|P04004|VTNC_HUMAN	P04004	VTNC_HUMAN	VTN	Vitronectin			46907	4146.6714	46716	4123.4233	4173.4023	30.478	19
240419_ES_R00006_MG_c00001_SA_NPB_3_i2.46968.46968.3	D:\SHARE\Tim\25-12-03_GD_Dataset\GD_dataset\NPB_3_i2\interact.pep.xml	NISDGFDGIPDNVDAALALPAHSYSGR	N[1737]ISDGFDGIPDNVDAALALPAHSYSGR	VLDPDYPR.NISDGFDGIPDNVDAALALPAHSYSGR.ERVYFFKG	R	E	27	3	4165.5674	4393.9185	4393.9097	1465.6468	1465.6438	4393.8965	1465.6395	0.0132	2.80E-09	41.71	6.876	1	0	2	0	242	268	0	1N(1622.5815)	NA	HexNAc(4)Hex(5) % 1622.5816	0.72	0	nISDGFDGIPDNVDAALALPAHSYSGR	N(38.96)I(0.00)S(0.00)D(0.00)G(0.00)F(0.00)D(0.00)G(0.00)I(0.00)P(0.00)D(0.00)N(0.00)V(0.00)D(0.00)A(0.00)A(0.00)L(0.00)A(0.00)L(0.00)P(0.00)A(0.00)H(0.00)S(0.00)Y(0.00)S(0.00)G(0.00)R(0.00)	N1	1	N(4.59)I(0.00)S(0.00)D(0.00)G(0.00)F(0.00)D(0.00)G(0.00)I(0.00)P(0.00)D(0.00)N(0.00)V(0.00)D(0.00)A(0.00)A(0.00)L(0.00)A(0.00)L(0.00)P(0.00)A(0.00)H(0.00)S(0.00)Y(0.00)S(0.00)G(0.00)R(0.00)	N(0)I(0)S(0)D(0)G(0)F(0)D(0)G(0)I(0)P(0)D(0)N(0)V(0)D(0)A(0)A(0)L(0)A(0)L(0)P(0)A(0)H(0)S(0)Y(0)S(0)G(0)R(0)	38.96405	15	0	0	41.710423	17	4.5892644	0	0	0	0	FALSE	FALSE	TRUE	sp|P04004|VTNC_HUMAN	P04004	VTNC_HUMAN	VTN	Vitronectin			46935	0	0	0	0	0	0
240419_ES_R00006_MG_c00001_SA_NPB_3_i2.46980.46980.4	D:\SHARE\Tim\25-12-03_GD_Dataset\GD_dataset\NPB_3_i2\interact.pep.xml	NNATVHEQVGGPSLTSDLQAQSK	NN[2028]ATVHEQVGGPSLTSDLQAQSK	VYDDGEEK.NNATVHEQVGGPSLTSDLQAQSK.GNPEQTPV	K	G	23	4	4166.3916	4293.8535	4293.846	1074.4707	1074.4688	4293.8389	1074.467	0.0073	0.1080414	18.39	9.767	0.9882	0.000139101	2	0	85	107	5691861.5	2N(1913.6770)	NA	HexNAc(4)Hex(5)NeuAc(1) % 1913.6770	2.95	0	NnATVHEQVGGPSLTSDLQAQSK	N(0.00)N(18.39)A(0.00)T(0.00)V(0.00)H(0.00)E(0.00)Q(0.00)V(0.00)G(0.00)G(0.00)P(0.00)S(0.00)L(0.00)T(0.00)S(0.00)D(0.00)L(0.00)Q(0.00)A(0.00)Q(0.00)S(0.00)K(0.00)	N2	1	N(0.00)N(10.26)A(0.00)T(0.00)V(0.00)H(0.00)E(0.00)Q(0.00)V(0.00)G(0.00)G(0.00)P(0.00)S(0.00)L(0.00)T(0.00)S(0.00)D(0.00)L(0.00)Q(0.00)A(0.00)Q(0.00)S(0.00)K(0.00)	N(0)N(0)A(0)T(0)V(0)H(0)E(0)Q(0)V(0)G(0)G(0)P(0)S(0)L(0)T(0)S(0)D(0)L(0)Q(0)A(0)Q(0)S(0)K(0)	18.390606	4	0	0	18.390606	4	10.258194	0	0	0	0	FALSE	FALSE	FALSE	sp|P04004|VTNC_HUMAN	P04004	VTNC_HUMAN	VTN	Vitronectin		tr|F5GX75|F5GX75_HUMAN	46935	4159.095	46882	4156.782	4181.2124	8.439	7
240419_ES_R00006_MG_c00001_SA_NPB_3_i2.47118.47118.3	D:\SHARE\Tim\25-12-03_GD_Dataset\GD_dataset\NPB_3_i2\interact.pep.xml	NISDGFDGIPDNVDAALALPAHSYSGR	N[1663]ISDGFDGIPDNVDAALALPAHSYSGR	VLDPDYPR.NISDGFDGIPDNVDAALALPAHSYSGR.ERVYFFKG	R	E	27	3	4176.686	4319.91	4319.8813	1440.9773	1440.9677	4319.8599	1440.9606	0.0216	0	52.412	9.504	1	0	2	0	242	268	213121280	1N(1548.5448)	NA	HexNAc(3)Hex(4)NeuAc(1) % 1548.5448	1.72	0	nISDGFDGIPDNVDAALALPAHSYSGR	N(46.08)I(0.00)S(0.00)D(0.00)G(0.00)F(0.00)D(0.00)G(0.00)I(0.00)P(0.00)D(0.00)N(0.00)V(0.00)D(0.00)A(0.00)A(0.00)L(0.00)A(0.00)L(0.00)P(0.00)A(0.00)H(0.00)S(0.00)Y(0.00)S(0.00)G(0.00)R(0.00)	N1	1	N(5.82)I(0.00)S(0.00)D(0.00)G(0.00)F(0.00)D(0.00)G(0.00)I(0.00)P(0.00)D(0.00)N(0.00)V(0.00)D(0.00)A(0.00)A(0.00)L(0.00)A(0.00)L(0.00)P(0.00)A(0.00)H(0.00)S(0.00)Y(0.00)S(0.00)G(0.00)R(0.00)	N(2)I(0)S(0)D(0)G(0)F(0)D(0)G(0)I(0)P(0)D(0)N(0)V(0)D(0)A(0)A(0)L(0)A(0)L(0)P(0)A(0)H(0)S(0)Y(0)S(0)G(0)R(0)	46.080414	19	0	0	52.41201	22	5.8160973	2	0	0	0	FALSE	FALSE	TRUE	sp|P04004|VTNC_HUMAN	P04004	VTNC_HUMAN	VTN	Vitronectin			47074	4191.268	47294	4166.96	4214.785	8.9470005	37
240419_ES_R00006_MG_c00001_SA_NPB_3_i2.47142.47142.5	D:\SHARE\Tim\25-12-03_GD_Dataset\GD_dataset\NPB_3_i2\interact.pep.xml	NISDGFDGIPDNVDAALALPAHSYSGR	N[2393]ISDGFDGIPDNVDAALALPAHSYSGR	VLDPDYPR.NISDGFDGIPDNVDAALALPAHSYSGR.ERVYFFKG	R	E	27	5	4178.501	5050.1504	5050.123	1011.0374	1011.0319	5050.124	1011.0321	-0.001	5.54E-06	31.527	8.952	1	0	2	0	242	268	183585120	1N(2278.8091)	NA	HexNAc(5)Hex(6)NeuAc(1) % 2278.8092	3.2	0	nISDGFDGIPDNVDAALALPAHSYSGR	N(29.95)I(0.00)S(0.00)D(0.00)G(0.00)F(0.00)D(0.00)G(0.00)I(0.00)P(0.00)D(0.00)N(0.00)V(0.00)D(0.00)A(0.00)A(0.00)L(0.00)A(0.00)L(0.00)P(0.00)A(0.00)H(0.00)S(0.00)Y(0.00)S(0.00)G(0.00)R(0.00)	N1	1	N(9.55)I(0.00)S(0.00)D(0.00)G(0.00)F(0.00)D(0.00)G(0.00)I(0.00)P(0.00)D(0.00)N(0.00)V(0.00)D(0.00)A(0.00)A(0.00)L(0.00)A(0.00)L(0.00)P(0.00)A(0.00)H(0.00)S(0.00)Y(0.00)S(0.00)G(0.00)R(0.00)	N(1)I(0)S(0)D(0)G(0)F(0)D(0)G(0)I(0)P(0)D(0)N(0)V(0)D(0)A(0)A(0)L(0)A(0)L(0)P(0)A(0)H(0)S(0)Y(0)S(0)G(0)R(0)	29.951313	10	0	0	31.527721	11	9.55335	1	0	0	0	FALSE	FALSE	TRUE	sp|P04004|VTNC_HUMAN	P04004	VTNC_HUMAN	VTN	Vitronectin			47107	4156.782	46851	4127.914	4181.98	23.18	22
240419_ES_R00006_MG_c00001_SA_NPB_3_i2.47157.47157.3	D:\SHARE\Tim\25-12-03_GD_Dataset\GD_dataset\NPB_3_i2\interact.pep.xml	NISDGFDGIPDNVDAALALPAHSYSGR	N[1663]ISDGFDGIPDNVDAALALPAHSYSGR	VLDPDYPR.NISDGFDGIPDNVDAALALPAHSYSGR.ERVYFFKG	R	E	27	3	4179.6875	4319.879	4319.859	1440.9669	1440.9603	4319.8599	1440.9606	-9.00E-04	0	62.223	14.244	1	0	2	0	242	268	280691648	1N(1548.5448)	NA	HexNAc(3)Hex(4)NeuAc(1) % 1548.5448	6.41	0	nISDGFDGIPDNVDAALALPAHSYSGR	N(57.65)I(0.00)S(0.00)D(0.00)G(0.00)F(0.00)D(0.00)G(0.00)I(0.00)P(0.00)D(0.00)N(0.00)V(0.00)D(0.00)A(0.00)A(0.00)L(0.00)A(0.00)L(0.00)P(0.00)A(0.00)H(0.00)S(0.00)Y(0.00)S(0.00)G(0.00)R(0.00)	N1	1	N(11.48)I(0.00)S(0.00)D(0.00)G(0.00)F(0.00)D(0.00)G(0.00)I(0.00)P(0.00)D(0.00)N(0.00)V(0.00)D(0.00)A(0.00)A(0.00)L(0.00)A(0.00)L(0.00)P(0.00)A(0.00)H(0.00)S(0.00)Y(0.00)S(0.00)G(0.00)R(0.00)	N(2)I(0)S(0)D(0)G(0)F(0)D(0)G(0)I(0)P(0)D(0)N(0)V(0)D(0)A(0)A(0)L(0)A(0)L(0)P(0)A(0)H(0)S(0)Y(0)S(0)G(0)R(0)	57.65305	20	0	0	62.223873	22	11.480114	2	0	0	0	FALSE	FALSE	TRUE	sp|P04004|VTNC_HUMAN	P04004	VTNC_HUMAN	VTN	Vitronectin			47134	4187.8984	47258	4165.221	4244.4224	13.397	50
240419_ES_R00006_MG_c00001_SA_NPB_3_i2.47163.47163.3	D:\SHARE\Tim\25-12-03_GD_Dataset\GD_dataset\NPB_3_i2\interact.pep.xml	NISDGFDGIPDNVDAALALPAHSYSGR	N[1737]ISDGFDGIPDNVDAALALPAHSYSGR	VLDPDYPR.NISDGFDGIPDNVDAALALPAHSYSGR.ERVYFFKG	R	E	27	3	4180.0967	4395.864	4395.861	1466.2953	1466.2943	4393.8965	1465.6395	1.9644	0	71.829	9.715	1	0	2	0	242	268	0	1N(1622.5815)	NA	HexNAc(4)Hex(5) % 1622.5816	0.84	0	nISDGFDGIPDNVDAALALPAHSYSGR	N(66.27)I(0.00)S(0.00)D(0.00)G(0.00)F(0.00)D(0.00)G(0.00)I(0.00)P(0.00)D(0.00)N(0.00)V(0.00)D(0.00)A(0.00)A(0.00)L(0.00)A(0.00)L(0.00)P(0.00)A(0.00)H(0.00)S(0.00)Y(0.00)S(0.00)G(0.00)R(0.00)	N1	1	N(13.91)I(0.00)S(0.00)D(0.00)G(0.00)F(0.00)D(0.00)G(0.00)I(0.00)P(0.00)D(0.00)N(0.00)V(0.00)D(0.00)A(0.00)A(0.00)L(0.00)A(0.00)L(0.00)P(0.00)A(0.00)H(0.00)S(0.00)Y(0.00)S(0.00)G(0.00)R(0.00)	N(2)I(0)S(0)D(0)G(0)F(0)D(0)G(0)I(0)P(0)D(0)N(0)V(0)D(0)A(0)A(0)L(0)A(0)L(0)P(0)A(0)H(0)S(0)Y(0)S(0)G(0)R(0)	66.2659	21	0	0	71.82994	24	13.913673	2	0	0	0	FALSE	FALSE	TRUE	sp|P04004|VTNC_HUMAN	P04004	VTNC_HUMAN	VTN	Vitronectin			47134	0	0	0	0	0	0
240419_ES_R00006_MG_c00001_SA_NPB_3_i2.47183.47183.3	D:\SHARE\Tim\25-12-03_GD_Dataset\GD_dataset\NPB_3_i2\interact.pep.xml	NISDGFDGIPDNVDAALALPAHSYSGR	N[1737]ISDGFDGIPDNVDAALALPAHSYSGR	VLDPDYPR.NISDGFDGIPDNVDAALALPAHSYSGR.ERVYFFKG	R	E	27	3	4181.6265	4395.9717	4395.9688	1466.3312	1466.3302	4393.8965	1465.6395	2.0723	0	62.397	8.781	1	0	2	0	242	268	0	1N(1622.5815)	NA	HexNAc(4)Hex(5) % 1622.5816	-0.41	0	nISDGFDGIPDNVDAALALPAHSYSGR	N(56.55)I(0.00)S(0.00)D(0.00)G(0.00)F(0.00)D(0.00)G(0.00)I(0.00)P(0.00)D(0.00)N(0.00)V(0.00)D(0.00)A(0.00)A(0.00)L(0.00)A(0.00)L(0.00)P(0.00)A(0.00)H(0.00)S(0.00)Y(0.00)S(0.00)G(0.00)R(0.00)	N1	1	N(10.00)I(0.00)S(0.00)D(0.00)G(0.00)F(0.00)D(0.00)G(0.00)I(0.00)P(0.00)D(0.00)N(0.00)V(0.00)D(0.00)A(0.00)A(0.00)L(0.00)A(0.00)L(0.00)P(0.00)A(0.00)H(0.00)S(0.00)Y(0.00)S(0.00)G(0.00)R(0.00)	N(2)I(0)S(0)D(0)G(0)F(0)D(0)G(0)I(0)P(0)D(0)N(0)V(0)D(0)A(0)A(0)L(0)A(0)L(0)P(0)A(0)H(0)S(0)Y(0)S(0)G(0)R(0)	56.551903	20	0	0	62.39712	23	10.003695	2	0	0	0	FALSE	FALSE	TRUE	sp|P04004|VTNC_HUMAN	P04004	VTNC_HUMAN	VTN	Vitronectin			47154	0	0	0	0	0	0
240419_ES_R00006_MG_c00001_SA_NPB_3_i2.47222.47222.3	D:\SHARE\Tim\25-12-03_GD_Dataset\GD_dataset\NPB_3_i2\interact.pep.xml	DLQSLEDILHQVENK	DLQSLEDILHQVEN[1737]K	TYQTKVDK.DLQSLEDILHQVENK.TSEVKQLI	K	T	15	3	4184.747	3402.479	3402.481	1135.1669	1135.1676	3402.4817	1135.1678	-7.00E-04	7.04E-09	36.031	8.461	1	0	2	0	65	79	595748350	14N(1622.5815)	NA	HexNAc(4)Hex(5) % 1622.5816	4.35	0	DLQSLEDILHQVEnK	D(0.00)L(0.00)Q(0.00)S(0.00)L(0.00)E(0.00)D(0.00)I(0.00)L(0.00)H(0.00)Q(0.00)V(0.00)E(0.00)N(31.50)K(0.00)	N14	1	D(0.00)L(0.00)Q(0.00)S(0.00)L(0.00)E(0.00)D(0.00)I(0.00)L(0.00)H(0.00)Q(0.00)V(0.00)E(0.00)N(13.20)K(0.00)	D(0)L(0)Q(0)S(0)L(0)E(0)D(0)I(0)L(0)H(0)Q(0)V(0)E(0)N(1)K(0)	31.499647	11	0	0	36.031563	13	13.201703	1	0	0	0	FALSE	FALSE	FALSE	tr|C9JC84|C9JC84_HUMAN	C9JC84	C9JC84_HUMAN	FGG	Fibrinogen gamma chain		"sp|P02679|FIBG_HUMAN, tr|C9JEU5|C9JEU5_HUMAN"	47201	4205.1353	47460	4181.2124	4248.328	22.887001	47
240419_ES_R00006_MG_c00001_SA_NPB_3_i2.47236.47236.3	D:\SHARE\Tim\25-12-03_GD_Dataset\GD_dataset\NPB_3_i2\interact.pep.xml	DLQSLEDILHQVENK	DLQSLEDILHQVEN[1737]K	TYQTKVDK.DLQSLEDILHQVENK.TSEVKQLI	K	T	15	3	4186.008	3402.482	3402.4812	1135.1679	1135.1677	3402.4817	1135.1678	-5.00E-04	4.82E-09	48.643	13.944	1	0	2	0	65	79	652448580	14N(1622.5815)	NA	HexNAc(4)Hex(5) % 1622.5816	5.47	0	DLQSLEDILHQVEnK	D(0.00)L(0.00)Q(0.00)S(0.00)L(0.00)E(0.00)D(0.00)I(0.00)L(0.00)H(0.00)Q(0.00)V(0.00)E(0.00)N(41.19)K(0.00)	N14	1	D(0.00)L(0.00)Q(0.00)S(0.00)L(0.00)E(0.00)D(0.00)I(0.00)L(0.00)H(0.00)Q(0.00)V(0.00)E(0.00)N(17.66)K(0.00)	D(0)L(0)Q(0)S(0)L(0)E(0)D(0)I(0)L(0)H(0)Q(0)V(0)E(0)N(3)K(0)	41.193047	15	0	0	48.643837	18	17.660454	3	0	0	0	FALSE	FALSE	FALSE	tr|C9JC84|C9JC84_HUMAN	C9JC84	C9JC84_HUMAN	FGG	Fibrinogen gamma chain		"sp|P02679|FIBG_HUMAN, tr|C9JEU5|C9JEU5_HUMAN"	47224	4203.9453	47445	4179.41	4248.328	22.887001	47
240419_ES_R00006_MG_c00001_SA_NPB_3_i2.47245.47245.4	D:\SHARE\Tim\25-12-03_GD_Dataset\GD_dataset\NPB_3_i2\interact.pep.xml	NISDGFDGIPDNVDAALALPAHSYSGR	N[1663]ISDGFDGIPDNVDAALALPAHSYSGR	VLDPDYPR.NISDGFDGIPDNVDAALALPAHSYSGR.ERVYFFKG	R	E	27	4	4186.777	4319.8447	4319.8594	1080.9685	1080.9721	4319.8599	1080.9723	-4.00E-04	0	72.136	7.876	1	0	2	0	242	268	0	1N(1548.5448)	NA	HexNAc(3)Hex(4)NeuAc(1) % 1548.5448	6.77	0	nISDGFDGIPDNVDAALALPAHSYSGR	N(67.35)I(0.00)S(0.00)D(0.00)G(0.00)F(0.00)D(0.00)G(0.00)I(0.00)P(0.00)D(0.00)N(0.00)V(0.00)D(0.00)A(0.00)A(0.00)L(0.00)A(0.00)L(0.00)P(0.00)A(0.00)H(0.00)S(0.00)Y(0.00)S(0.00)G(0.00)R(0.00)	N1	1	N(11.81)I(0.00)S(0.00)D(0.00)G(0.00)F(0.00)D(0.00)G(0.00)I(0.00)P(0.00)D(0.00)N(0.00)V(0.00)D(0.00)A(0.00)A(0.00)L(0.00)A(0.00)L(0.00)P(0.00)A(0.00)H(0.00)S(0.00)Y(0.00)S(0.00)G(0.00)R(0.00)	N(0)I(0)S(0)D(0)G(0)F(0)D(0)G(0)I(0)P(0)D(0)N(0)V(0)D(0)A(0)A(0)L(0)A(0)L(0)P(0)A(0)H(0)S(0)Y(0)S(0)G(0)R(0)	67.349815	20	0	0	72.13656	23	11.812229	0	0	0	0	FALSE	FALSE	TRUE	sp|P04004|VTNC_HUMAN	P04004	VTNC_HUMAN	VTN	Vitronectin			47232	0	0	0	0	0	0
240419_ES_R00006_MG_c00001_SA_NPB_3_i2.47270.47270.4	D:\SHARE\Tim\25-12-03_GD_Dataset\GD_dataset\NPB_3_i2\interact.pep.xml	NISDGFDGIPDNVDAALALPAHSYSGR	N[2028]ISDGFDGIPDNVDAALALPAHSYSGR	VLDPDYPR.NISDGFDGIPDNVDAALALPAHSYSGR.ERVYFFKG	R	E	27	4	4188.812	4685	4684.9937	1172.2573	1172.2557	4684.9922	1172.2554	0.0017	0	59.076	10.11	1	0	2	0	242	268	17982289900	1N(1913.6770)	NA	HexNAc(4)Hex(5)NeuAc(1) % 1913.6770	4.06	0	nISDGFDGIPDNVDAALALPAHSYSGR	N(56.73)I(0.00)S(0.00)D(0.00)G(0.00)F(0.00)D(0.00)G(0.00)I(0.00)P(0.00)D(0.00)N(0.00)V(0.00)D(0.00)A(0.00)A(0.00)L(0.00)A(0.00)L(0.00)P(0.00)A(0.00)H(0.00)S(0.00)Y(0.00)S(0.00)G(0.00)R(0.00)	N1	1	N(14.21)I(0.00)S(0.00)D(0.00)G(0.00)F(0.00)D(0.00)G(0.00)I(0.00)P(0.00)D(0.00)N(0.00)V(0.00)D(0.00)A(0.00)A(0.00)L(0.00)A(0.00)L(0.00)P(0.00)A(0.00)H(0.00)S(0.00)Y(0.00)S(0.00)G(0.00)R(0.00)	N(2)I(0)S(0)D(0)G(0)F(0)D(0)G(0)I(0)P(0)D(0)N(0)V(0)D(0)A(0)A(0)L(0)A(0)L(0)P(0)A(0)H(0)S(0)Y(0)S(0)G(0)R(0)	56.73181	18	0	0	59.07638	19	14.2051325	2	0	0	0	FALSE	FALSE	TRUE	sp|P04004|VTNC_HUMAN	P04004	VTNC_HUMAN	VTN	Vitronectin			47258	4187.062	47248	4110.5522	4484.7583	20.77	203
240419_ES_R00006_MG_c00001_SA_NPB_3_i2.47273.47273.4	D:\SHARE\Tim\25-12-03_GD_Dataset\GD_dataset\NPB_3_i2\interact.pep.xml	NISDGFDGIPDNVDAALALPAHSYSGR	N[1663]ISDGFDGIPDNVDAALALPAHSYSGR	VLDPDYPR.NISDGFDGIPDNVDAALALPAHSYSGR.ERVYFFKG	R	E	27	4	4189.143	4319.866	4319.8584	1080.9738	1080.9719	4319.8599	1080.9723	-0.0013	0	67.383	8.793	1	0	2	0	242	268	0	1N(1548.5448)	NA	HexNAc(3)Hex(4)NeuAc(1) % 1548.5448	5.46	0	nISDGFDGIPDNVDAALALPAHSYSGR	N(62.55)I(0.00)S(0.00)D(0.00)G(0.00)F(0.00)D(0.00)G(0.00)I(0.00)P(0.00)D(0.00)N(0.00)V(0.00)D(0.00)A(0.00)A(0.00)L(0.00)A(0.00)L(0.00)P(0.00)A(0.00)H(0.00)S(0.00)Y(0.00)S(0.00)G(0.00)R(0.00)	N1	1	N(13.43)I(0.00)S(0.00)D(0.00)G(0.00)F(0.00)D(0.00)G(0.00)I(0.00)P(0.00)D(0.00)N(0.00)V(0.00)D(0.00)A(0.00)A(0.00)L(0.00)A(0.00)L(0.00)P(0.00)A(0.00)H(0.00)S(0.00)Y(0.00)S(0.00)G(0.00)R(0.00)	N(1)I(0)S(0)D(0)G(0)F(0)D(0)G(0)I(0)P(0)D(0)N(0)V(0)D(0)A(0)A(0)L(0)A(0)L(0)P(0)A(0)H(0)S(0)Y(0)S(0)G(0)R(0)	62.552856	19	0	0	67.38305	22	13.425342	1	0	0	0	FALSE	FALSE	TRUE	sp|P04004|VTNC_HUMAN	P04004	VTNC_HUMAN	VTN	Vitronectin			47258	0	0	0	0	0	0
240419_ES_R00006_MG_c00001_SA_NPB_3_i2.47317.47317.4	D:\SHARE\Tim\25-12-03_GD_Dataset\GD_dataset\NPB_3_i2\interact.pep.xml	DLQSLEDILHQVENK	DLQSLEDILHQVEN[1737]K	TYQTKVDK.DLQSLEDILHQVENK.TSEVKQLI	K	T	15	4	4193.371	3402.4866	3402.4805	851.6289	851.6274	3402.4817	851.6277	-0.0012	2.06E-09	49.154	14.07	1	0	2	0	65	79	119889856	14N(1622.5815)	NA	HexNAc(4)Hex(5) % 1622.5816	4.25	0	DLQSLEDILHQVEnK	D(0.00)L(0.00)Q(0.00)S(0.00)L(0.00)E(0.00)D(0.00)I(0.00)L(0.00)H(0.00)Q(0.00)V(0.00)E(0.00)N(41.84)K(0.00)	N14	1	D(0.00)L(0.00)Q(0.00)S(0.00)L(0.00)E(0.00)D(0.00)I(0.00)L(0.00)H(0.00)Q(0.00)V(0.00)E(0.00)N(16.07)K(0.00)	D(0)L(0)Q(0)S(0)L(0)E(0)D(0)I(0)L(0)H(0)Q(0)V(0)E(0)N(2)K(0)	41.838303	15	0	0	49.1543	18	16.06943	2	0	0	0	FALSE	FALSE	FALSE	tr|C9JC84|C9JC84_HUMAN	C9JC84	C9JC84_HUMAN	FGG	Fibrinogen gamma chain		"sp|P02679|FIBG_HUMAN, tr|C9JEU5|C9JEU5_HUMAN"	47308	4203.9453	47445	4189.5684	4238.976	15.226001	31
240419_ES_R00006_MG_c00001_SA_NPB_3_i2.47318.47318.3	D:\SHARE\Tim\25-12-03_GD_Dataset\GD_dataset\NPB_3_i2\interact.pep.xml	NISDGFDGIPDNVDAALALPAHSYSGR	N[1737]ISDGFDGIPDNVDAALALPAHSYSGR	VLDPDYPR.NISDGFDGIPDNVDAALALPAHSYSGR.ERVYFFKG	R	E	27	3	4193.4395	4395.915	4395.911	1466.3123	1466.3109	4393.8965	1465.6395	2.0145	0	57.616	8.919	1	0	2	0	242	268	47053076	1N(1622.5815)	NA	HexNAc(4)Hex(5) % 1622.5816	1.89	0	nISDGFDGIPDNVDAALALPAHSYSGR	N(54.14)I(0.00)S(0.00)D(0.00)G(0.00)F(0.00)D(0.00)G(0.00)I(0.00)P(0.00)D(0.00)N(0.00)V(0.00)D(0.00)A(0.00)A(0.00)L(0.00)A(0.00)L(0.00)P(0.00)A(0.00)H(0.00)S(0.00)Y(0.00)S(0.00)G(0.00)R(0.00)	N1	1	N(9.21)I(0.00)S(0.00)D(0.00)G(0.00)F(0.00)D(0.00)G(0.00)I(0.00)P(0.00)D(0.00)N(0.00)V(0.00)D(0.00)A(0.00)A(0.00)L(0.00)A(0.00)L(0.00)P(0.00)A(0.00)H(0.00)S(0.00)Y(0.00)S(0.00)G(0.00)R(0.00)	N(2)I(0)S(0)D(0)G(0)F(0)D(0)G(0)I(0)P(0)D(0)N(0)V(0)D(0)A(0)A(0)L(0)A(0)L(0)P(0)A(0)H(0)S(0)Y(0)S(0)G(0)R(0)	54.14242	20	0	0	57.61699	22	9.210786	2	0	0	0	FALSE	FALSE	TRUE	sp|P04004|VTNC_HUMAN	P04004	VTNC_HUMAN	VTN	Vitronectin			47308	4189.5684	47278	4186.3633	4200.595	3.42	9
240419_ES_R00006_MG_c00001_SA_NPB_3_i2.47342.47342.3	D:\SHARE\Tim\25-12-03_GD_Dataset\GD_dataset\NPB_3_i2\interact.pep.xml	NISDGFDGIPDNVDAALALPAHSYSGR	N[1663]ISDGFDGIPDNVDAALALPAHSYSGR	VLDPDYPR.NISDGFDGIPDNVDAALALPAHSYSGR.ERVYFFKG	R	E	27	3	4195.5894	4319.843	4319.854	1440.9549	1440.9586	4319.8599	1440.9606	-0.0059	0	48.061	6.748	1	0	2	0	242	268	0	1N(1548.5448)	NA	HexNAc(3)Hex(4)NeuAc(1) % 1548.5448	3.69	0	nISDGFDGIPDNVDAALALPAHSYSGR	N(43.59)I(0.00)S(0.00)D(0.00)G(0.00)F(0.00)D(0.00)G(0.00)I(0.00)P(0.00)D(0.00)N(0.00)V(0.00)D(0.00)A(0.00)A(0.00)L(0.00)A(0.00)L(0.00)P(0.00)A(0.00)H(0.00)S(0.00)Y(0.00)S(0.00)G(0.00)R(0.00)	N1	1	N(7.52)I(0.00)S(0.00)D(0.00)G(0.00)F(0.00)D(0.00)G(0.00)I(0.00)P(0.00)D(0.00)N(0.00)V(0.00)D(0.00)A(0.00)A(0.00)L(0.00)A(0.00)L(0.00)P(0.00)A(0.00)H(0.00)S(0.00)Y(0.00)S(0.00)G(0.00)R(0.00)	N(2)I(0)S(0)D(0)G(0)F(0)D(0)G(0)I(0)P(0)D(0)N(0)V(0)D(0)A(0)A(0)L(0)A(0)L(0)P(0)A(0)H(0)S(0)Y(0)S(0)G(0)R(0)	43.5871	17	0	0	48.06141	19	7.517644	2	0	0	0	FALSE	FALSE	TRUE	sp|P04004|VTNC_HUMAN	P04004	VTNC_HUMAN	VTN	Vitronectin			47331	0	0	0	0	0	0
240419_ES_R00006_MG_c00001_SA_NPB_3_i2.47377.47377.4	D:\SHARE\Tim\25-12-03_GD_Dataset\GD_dataset\NPB_3_i2\interact.pep.xml	NNATVHEQVGGPSLTSDLQAQSK	NN[2319]ATVHEQVGGPSLTSDLQAQSK	VYDDGEEK.NNATVHEQVGGPSLTSDLQAQSK.GNPEQTPV	K	G	23	4	4198.435	4587.9585	4587.9497	1147.9969	1147.9947	4584.9346	1147.241	3.0154	0	50.574	18.792	1	0	2	0	85	107	33892976	2N(2204.7725)	NA	HexNAc(4)Hex(5)NeuAc(2) % 2204.7724	3.26	0	NnATVHEQVGGPSLTSDLQAQSK	N(0.00)N(45.85)A(0.00)T(0.00)V(0.00)H(0.00)E(0.00)Q(0.00)V(0.00)G(0.00)G(0.00)P(0.00)S(0.00)L(0.00)T(0.00)S(0.00)D(0.00)L(0.00)Q(0.00)A(0.00)Q(0.00)S(0.00)K(0.00)	N2	1	N(0.00)N(12.85)A(0.00)T(0.00)V(0.00)H(0.00)E(0.00)Q(0.00)V(0.00)G(0.00)G(0.00)P(0.00)S(0.00)L(0.00)T(0.00)S(0.00)D(0.00)L(0.00)Q(0.00)A(0.00)Q(0.00)S(0.00)K(0.00)	N(0)N(1)A(0)T(0)V(0)H(0)E(0)Q(0)V(0)G(0)G(0)P(0)S(0)L(0)T(0)S(0)D(0)L(0)Q(0)A(0)Q(0)S(0)K(0)	45.847126	14	0	0	50.57471	17	12.846099	1	0	0	0	FALSE	FALSE	FALSE	sp|P04004|VTNC_HUMAN	P04004	VTNC_HUMAN	VTN	Vitronectin		tr|F5GX75|F5GX75_HUMAN	47356	4205.1353	47460	4190.8403	4514.1733	10.654	168
240419_ES_R00006_MG_c00001_SA_NPB_3_i2.47404.47404.3	D:\SHARE\Tim\25-12-03_GD_Dataset\GD_dataset\NPB_3_i2\interact.pep.xml	NISDGFDGIPDNVDAALALPAHSYSGR	N[2028]ISDGFDGIPDNVDAALALPAHSYSGR	VLDPDYPR.NISDGFDGIPDNVDAALALPAHSYSGR.ERVYFFKG	R	E	27	3	4200.6104	4684.9995	4684.997	1562.6738	1562.6729	4684.9922	1562.6714	0.0051	0	62.401	8.834	1	0	2	0	242	268	5230380500	1N(1913.6770)	NA	HexNAc(4)Hex(5)NeuAc(1) % 1913.6770	3.06	0	nISDGFDGIPDNVDAALALPAHSYSGR	N(59.20)I(0.00)S(0.00)D(0.00)G(0.00)F(0.00)D(0.00)G(0.00)I(0.00)P(0.00)D(0.00)N(0.00)V(0.00)D(0.00)A(0.00)A(0.00)L(0.00)A(0.00)L(0.00)P(0.00)A(0.00)H(0.00)S(0.00)Y(0.00)S(0.00)G(0.00)R(0.00)	N1	1	N(11.26)I(0.00)S(0.00)D(0.00)G(0.00)F(0.00)D(0.00)G(0.00)I(0.00)P(0.00)D(0.00)N(0.00)V(0.00)D(0.00)A(0.00)A(0.00)L(0.00)A(0.00)L(0.00)P(0.00)A(0.00)H(0.00)S(0.00)Y(0.00)S(0.00)G(0.00)R(0.00)	N(1)I(0)S(0)D(0)G(0)F(0)D(0)G(0)I(0)P(0)D(0)N(0)V(0)D(0)A(0)A(0)L(0)A(0)L(0)P(0)A(0)H(0)S(0)Y(0)S(0)G(0)R(0)	59.20082	19	0	0	62.401634	21	11.260575	1	0	0	0	FALSE	FALSE	TRUE	sp|P04004|VTNC_HUMAN	P04004	VTNC_HUMAN	VTN	Vitronectin			47390	4188.7974	47269	4132.9834	4273.1304	16.468	84
240419_ES_R00006_MG_c00001_SA_NPB_3_i2.47406.47406.3	D:\SHARE\Tim\25-12-03_GD_Dataset\GD_dataset\NPB_3_i2\interact.pep.xml	NISDGFDGIPDNVDAALALPAHSYSGR	N[1663]ISDGFDGIPDNVDAALALPAHSYSGR	VLDPDYPR.NISDGFDGIPDNVDAALALPAHSYSGR.ERVYFFKG	R	E	27	3	4200.873	4319.926	4319.916	1440.9826	1440.9793	4319.8599	1440.9606	0.0562	0	62.894	9.104	1	0	2	0	242	268	244790528	1N(1548.5448)	NA	HexNAc(3)Hex(4)NeuAc(1) % 1548.5448	2.58	0	nISDGFDGIPDNVDAALALPAHSYSGR	N(58.00)I(0.00)S(0.00)D(0.00)G(0.00)F(0.00)D(0.00)G(0.00)I(0.00)P(0.00)D(0.00)N(0.00)V(0.00)D(0.00)A(0.00)A(0.00)L(0.00)A(0.00)L(0.00)P(0.00)A(0.00)H(0.00)S(0.00)Y(0.00)S(0.00)G(0.00)R(0.00)	N1	1	N(10.44)I(0.00)S(0.00)D(0.00)G(0.00)F(0.00)D(0.00)G(0.00)I(0.00)P(0.00)D(0.00)N(0.00)V(0.00)D(0.00)A(0.00)A(0.00)L(0.00)A(0.00)L(0.00)P(0.00)A(0.00)H(0.00)S(0.00)Y(0.00)S(0.00)G(0.00)R(0.00)	N(0)I(0)S(0)D(0)G(0)F(0)D(0)G(0)I(0)P(0)D(0)N(0)V(0)D(0)A(0)A(0)L(0)A(0)L(0)P(0)A(0)H(0)S(0)Y(0)S(0)G(0)R(0)	57.99934	18	0	0	62.89479	21	10.437912	0	0	0	0	FALSE	FALSE	TRUE	sp|P04004|VTNC_HUMAN	P04004	VTNC_HUMAN	VTN	Vitronectin			47390	4190.4824	47287	4165.221	4244.4224	13.397	51
240419_ES_R00006_MG_c00001_SA_NPB_3_i2.47493.47493.3	D:\SHARE\Tim\25-12-03_GD_Dataset\GD_dataset\NPB_3_i2\interact.pep.xml	NISDGFDGIPDNVDAALALPAHSYSGR	N[1663]ISDGFDGIPDNVDAALALPAHSYSGR	VLDPDYPR.NISDGFDGIPDNVDAALALPAHSYSGR.ERVYFFKG	R	E	27	3	4207.6504	4319.8296	4319.83	1440.9505	1440.9506	4319.8599	1440.9606	-0.0297	1.59E-11	51.7	0	1	0	2	0	242	268	0	1N(1548.5448)	NA	HexNAc(3)Hex(4)NeuAc(1) % 1548.5448	3.18	0	nISDGFDGIPDNVDAALALPAHSYSGR	N(48.67)I(0.00)S(0.00)D(0.00)G(0.00)F(0.00)D(0.00)G(0.00)I(0.00)P(0.00)D(0.00)N(0.00)V(0.00)D(0.00)A(0.00)A(0.00)L(0.00)A(0.00)L(0.00)P(0.00)A(0.00)H(0.00)S(0.00)Y(0.00)S(0.00)G(0.00)R(0.00)	N1	1	N(12.34)I(0.00)S(0.00)D(0.00)G(0.00)F(0.00)D(0.00)G(0.00)I(0.00)P(0.00)D(0.00)N(0.00)V(0.00)D(0.00)A(0.00)A(0.00)L(0.00)A(0.00)L(0.00)P(0.00)A(0.00)H(0.00)S(0.00)Y(0.00)S(0.00)G(0.00)R(0.00)	N(0)I(0)S(0)D(0)G(0)F(0)D(0)G(0)I(0)P(0)D(0)N(0)V(0)D(0)A(0)A(0)L(0)A(0)L(0)P(0)A(0)H(0)S(0)Y(0)S(0)G(0)R(0)	48.674053	14	0	0	51.700703	16	12.3400345	0	0	0	0	FALSE	FALSE	TRUE	sp|P04004|VTNC_HUMAN	P04004	VTNC_HUMAN	VTN	Vitronectin			47460	0	0	0	0	0	0
240419_ES_R00006_MG_c00001_SA_NPB_3_i2.47556.47556.5	D:\SHARE\Tim\25-12-03_GD_Dataset\GD_dataset\NPB_3_i2\interact.pep.xml	NISDGFDGIPDNVDAALALPAHSYSGR	N[2028]ISDGFDGIPDNVDAALALPAHSYSGR	VLDPDYPR.NISDGFDGIPDNVDAALALPAHSYSGR.ERVYFFKG	R	E	27	5	4212.193	4685.0044	4684.9907	938.0082	938.0054	4684.9922	938.0057	-0.0013	0	70.162	9.6	1	0	2	0	242	268	0	1N(1913.6770)	NA	HexNAc(4)Hex(5)NeuAc(1) % 1913.6770	3.78	0	nISDGFDGIPDNVDAALALPAHSYSGR	N(65.97)I(0.00)S(0.00)D(0.00)G(0.00)F(0.00)D(0.00)G(0.00)I(0.00)P(0.00)D(0.00)N(0.00)V(0.00)D(0.00)A(0.00)A(0.00)L(0.00)A(0.00)L(0.00)P(0.00)A(0.00)H(0.00)S(0.00)Y(0.00)S(0.00)G(0.00)R(0.00)	N1	1	N(13.55)I(0.00)S(0.00)D(0.00)G(0.00)F(0.00)D(0.00)G(0.00)I(0.00)P(0.00)D(0.00)N(0.00)V(0.00)D(0.00)A(0.00)A(0.00)L(0.00)A(0.00)L(0.00)P(0.00)A(0.00)H(0.00)S(0.00)Y(0.00)S(0.00)G(0.00)R(0.00)	N(1)I(0)S(0)D(0)G(0)F(0)D(0)G(0)I(0)P(0)D(0)N(0)V(0)D(0)A(0)A(0)L(0)A(0)L(0)P(0)A(0)H(0)S(0)Y(0)S(0)G(0)R(0)	65.971794	20	0	0	70.162674	23	13.547283	1	0	0	0	FALSE	FALSE	TRUE	sp|P04004|VTNC_HUMAN	P04004	VTNC_HUMAN	VTN	Vitronectin			47519	0	0	0	0	0	0
240419_ES_R00006_MG_c00001_SA_NPB_3_i2.47718.47718.4	D:\SHARE\Tim\25-12-03_GD_Dataset\GD_dataset\NPB_3_i2\interact.pep.xml	NNATVHEQVGGPSLTSDLQAQSK	NN[2319]ATVHEQVGGPSLTSDLQAQSK	VYDDGEEK.NNATVHEQVGGPSLTSDLQAQSK.GNPEQTPV	K	G	23	4	4224.36	4584.9443	4584.9316	1147.2434	1147.2402	4584.9346	1147.241	-0.0027	1.68E-09	44.601	0	1	0	2	0	85	107	33892976	2N(2204.7725)	NA	HexNAc(4)Hex(5)NeuAc(2) % 2204.7724	6.4	0	NnATVHEQVGGPSLTSDLQAQSK	N(0.00)N(43.53)A(0.00)T(0.00)V(0.00)H(0.00)E(0.00)Q(0.00)V(0.00)G(0.00)G(0.00)P(0.00)S(0.00)L(0.00)T(0.00)S(0.00)D(0.00)L(0.00)Q(0.00)A(0.00)Q(0.00)S(0.00)K(0.00)	N2	1	N(0.00)N(13.46)A(0.00)T(0.00)V(0.00)H(0.00)E(0.00)Q(0.00)V(0.00)G(0.00)G(0.00)P(0.00)S(0.00)L(0.00)T(0.00)S(0.00)D(0.00)L(0.00)Q(0.00)A(0.00)Q(0.00)S(0.00)K(0.00)	N(0)N(1)A(0)T(0)V(0)H(0)E(0)Q(0)V(0)G(0)G(0)P(0)S(0)L(0)T(0)S(0)D(0)L(0)Q(0)A(0)Q(0)S(0)K(0)	43.52564	13	0	0	44.601044	14	13.463	1	0	0	0	FALSE	FALSE	FALSE	sp|P04004|VTNC_HUMAN	P04004	VTNC_HUMAN	VTN	Vitronectin		tr|F5GX75|F5GX75_HUMAN	47687	4205.1353	47460	4186.3633	4514.1733	10.654	170
240419_ES_R00006_MG_c00001_SA_NPB_3_i2.47738.47738.3	D:\SHARE\Tim\25-12-03_GD_Dataset\GD_dataset\NPB_3_i2\interact.pep.xml	NGSLFAFR	N[2319]GSLFAFR	FDAFTDLK.NGSLFAFR.GQYCYELD	K	G	8	3	4225.7485	3117.2527	3117.241	1040.0915	1040.0876	3115.2385	1039.42	2.0024	0.01449606	13.855	0	0.9595	0.000230947	2	0	169	176	0	1N(2204.7725)	NA	HexNAc(4)Hex(5)NeuAc(2) % 2204.7724	3.88	0	nGSLFAFR	N(12.18)G(0.00)S(0.00)L(0.00)F(0.00)A(0.00)F(0.00)R(0.00)	N1	1	N(10.32)G(0.00)S(0.00)L(0.00)F(0.00)A(0.00)F(0.00)R(0.00)	N(0)G(0)S(0)L(0)F(0)A(0)F(0)R(0)	12.180115	1	0	0	13.855528	2	10.318178	0	0	0	0	FALSE	FALSE	TRUE	sp|P04004|VTNC_HUMAN	P04004	VTNC_HUMAN	VTN	Vitronectin			47687	0	0	0	0	0	0
240419_ES_R00006_MG_c00001_SA_NPB_3_i2.47758.47758.4	D:\SHARE\Tim\25-12-03_GD_Dataset\GD_dataset\NPB_3_i2\interact.pep.xml	NNATVHEQVGGPSLTSDLQAQSK	NN[2975]ATVHEQVGGPSLTSDLQAQSK	VYDDGEEK.NNATVHEQVGGPSLTSDLQAQSK.GNPEQTPV	K	G	23	4	4227.288	5241.167	5241.182	1311.299	1311.3028	5241.1621	1311.2979	0.0203	0.04344859	10.71	6.432	0.9887	0.000139101	2	0	85	107	0	2N(2861.0000)	NA	HexNAc(5)Hex(6)NeuAc(3) % 2861.0000	3.15	0	NnATVHEQVGGPSLTSDLQAQSK	N(0.00)N(10.71)A(0.00)T(0.00)V(0.00)H(0.00)E(0.00)Q(0.00)V(0.00)G(0.00)G(0.00)P(0.00)S(0.00)L(0.00)T(0.00)S(0.00)D(0.00)L(0.00)Q(0.00)A(0.00)Q(0.00)S(0.00)K(0.00)	N2	1	N(0.00)N(5.65)A(0.00)T(0.00)V(0.00)H(0.00)E(0.00)Q(0.00)V(0.00)G(0.00)G(0.00)P(0.00)S(0.00)L(0.00)T(0.00)S(0.00)D(0.00)L(0.00)Q(0.00)A(0.00)Q(0.00)S(0.00)K(0.00)	N(0)N(0)A(0)T(0)V(0)H(0)E(0)Q(0)V(0)G(0)G(0)P(0)S(0)L(0)T(0)S(0)D(0)L(0)Q(0)A(0)Q(0)S(0)K(0)	10.710844	3	0	0	10.710844	3	5.6510987	0	0	0	0	FALSE	FALSE	FALSE	sp|P04004|VTNC_HUMAN	P04004	VTNC_HUMAN	VTN	Vitronectin		tr|F5GX75|F5GX75_HUMAN	47714	0	0	0	0	0	0
240419_ES_R00006_MG_c00001_SA_NPB_3_i2.47808.47808.4	D:\SHARE\Tim\25-12-03_GD_Dataset\GD_dataset\NPB_3_i2\interact.pep.xml	NNATVHEQVGGPSLTSDLQAQSK	NN[2028]ATVHEQVGGPSLTSDLQAQSK	VYDDGEEK.NNATVHEQVGGPSLTSDLQAQSK.GNPEQTPV	K	G	23	4	4231.0635	4293.796	4293.8335	1074.4563	1074.4657	4293.8389	1074.467	-0.0054	1.36E-05	22.27	8.015	0.9994	0	2	0	85	107	0	2N(1913.6770)	NA	HexNAc(4)Hex(5)NeuAc(1) % 1913.6770	3.42	0	NnATVHEQVGGPSLTSDLQAQSK	N(0.00)N(22.27)A(0.00)T(0.00)V(0.00)H(0.00)E(0.00)Q(0.00)V(0.00)G(0.00)G(0.00)P(0.00)S(0.00)L(0.00)T(0.00)S(0.00)D(0.00)L(0.00)Q(0.00)A(0.00)Q(0.00)S(0.00)K(0.00)	N2	1	N(0.00)N(13.63)A(0.00)T(0.00)V(0.00)H(0.00)E(0.00)Q(0.00)V(0.00)G(0.00)G(0.00)P(0.00)S(0.00)L(0.00)T(0.00)S(0.00)D(0.00)L(0.00)Q(0.00)A(0.00)Q(0.00)S(0.00)K(0.00)	N(0)N(1)A(0)T(0)V(0)H(0)E(0)Q(0)V(0)G(0)G(0)P(0)S(0)L(0)T(0)S(0)D(0)L(0)Q(0)A(0)Q(0)S(0)K(0)	22.270214	5	0	0	20.474796	4	13.634382	1	0	0	0	FALSE	FALSE	FALSE	sp|P04004|VTNC_HUMAN	P04004	VTNC_HUMAN	VTN	Vitronectin		tr|F5GX75|F5GX75_HUMAN	47779	0	0	0	0	0	0
240419_ES_R00006_MG_c00001_SA_NPB_3_i2.47974.47974.5	D:\SHARE\Tim\25-12-03_GD_Dataset\GD_dataset\NPB_3_i2\interact.pep.xml	NISDGFDGIPDNVDAALALPAHSYSGR	N[2028]ISDGFDGIPDNVDAALALPAHSYSGR	VLDPDYPR.NISDGFDGIPDNVDAALALPAHSYSGR.ERVYFFKG	R	E	27	5	4243.4575	4686.0107	4685.9927	938.2094	938.2058	4684.9922	938.0057	1.0007	4.95E-12	43.033	10.265	1	0	2	0	242	268	12682901	1N(1913.6770)	NA	HexNAc(4)Hex(5)NeuAc(1) % 1913.6770	3.08	0	nISDGFDGIPDNVDAALALPAHSYSGR	N(40.91)I(0.00)S(0.00)D(0.00)G(0.00)F(0.00)D(0.00)G(0.00)I(0.00)P(0.00)D(0.00)N(0.00)V(0.00)D(0.00)A(0.00)A(0.00)L(0.00)A(0.00)L(0.00)P(0.00)A(0.00)H(0.00)S(0.00)Y(0.00)S(0.00)G(0.00)R(0.00)	N1	1	N(13.09)I(0.00)S(0.00)D(0.00)G(0.00)F(0.00)D(0.00)G(0.00)I(0.00)P(0.00)D(0.00)N(0.00)V(0.00)D(0.00)A(0.00)A(0.00)L(0.00)A(0.00)L(0.00)P(0.00)A(0.00)H(0.00)S(0.00)Y(0.00)S(0.00)G(0.00)R(0.00)	N(1)I(0)S(0)D(0)G(0)F(0)D(0)G(0)I(0)P(0)D(0)N(0)V(0)D(0)A(0)A(0)L(0)A(0)L(0)P(0)A(0)H(0)S(0)Y(0)S(0)G(0)R(0)	40.908154	12	0	0	43.033356	13	13.094845	1	0	0	0	FALSE	FALSE	TRUE	sp|P04004|VTNC_HUMAN	P04004	VTNC_HUMAN	VTN	Vitronectin			47942	4232.783	47832	4138.662	4278.077	20.77	84
240419_ES_R00006_MG_c00001_SA_NPB_3_i2.48023.48023.4	D:\SHARE\Tim\25-12-03_GD_Dataset\GD_dataset\NPB_3_i2\interact.pep.xml	NNATVHEQVGGPSLTSDLQAQSK	NN[2028]ATVHEQVGGPSLTSDLQAQSK	VYDDGEEK.NNATVHEQVGGPSLTSDLQAQSK.GNPEQTPV	K	G	23	4	4247.1406	4293.8506	4293.8433	1074.4699	1074.4681	4293.8389	1074.467	0.0044	4.05E-06	27.181	15.639	0.9998	0	2	0	85	107	5420660.5	2N(1913.6770)	NA	HexNAc(4)Hex(5)NeuAc(1) % 1913.6770	3.06	0	NnATVHEQVGGPSLTSDLQAQSK	N(0.00)N(27.18)A(0.00)T(0.00)V(0.00)H(0.00)E(0.00)Q(0.00)V(0.00)G(0.00)G(0.00)P(0.00)S(0.00)L(0.00)T(0.00)S(0.00)D(0.00)L(0.00)Q(0.00)A(0.00)Q(0.00)S(0.00)K(0.00)	N2	1	N(0.00)N(11.82)A(0.00)T(0.00)V(0.00)H(0.00)E(0.00)Q(0.00)V(0.00)G(0.00)G(0.00)P(0.00)S(0.00)L(0.00)T(0.00)S(0.00)D(0.00)L(0.00)Q(0.00)A(0.00)Q(0.00)S(0.00)K(0.00)	N(0)N(1)A(0)T(0)V(0)H(0)E(0)Q(0)V(0)G(0)G(0)P(0)S(0)L(0)T(0)S(0)D(0)L(0)Q(0)A(0)Q(0)S(0)K(0)	27.181545	8	0	0	25.606491	7	11.820154	1	0	0	0	FALSE	FALSE	FALSE	sp|P04004|VTNC_HUMAN	P04004	VTNC_HUMAN	VTN	Vitronectin		tr|F5GX75|F5GX75_HUMAN	47987	4241.042	47942	4199.559	4255.915	21.26	21
240419_ES_R00006_MG_c00001_SA_NPB_3_i2.48069.48069.3	D:\SHARE\Tim\25-12-03_GD_Dataset\GD_dataset\NPB_3_i2\interact.pep.xml	DLQSLEDILHQVENK	DLQSLEDILHQVEN[1737]K	TYQTKVDK.DLQSLEDILHQVENK.TSEVKQLI	K	T	15	3	4250.6045	3402.4878	3402.481	1135.1699	1135.1676	3402.4817	1135.1678	-7.00E-04	0.000289978	28.974	8.52	1	0	2	0	65	79	17368812	14N(1622.5815)	NA	HexNAc(4)Hex(5) % 1622.5816	4.35	0	DLQSLEDILHQVEnK	D(0.00)L(0.00)Q(0.00)S(0.00)L(0.00)E(0.00)D(0.00)I(0.00)L(0.00)H(0.00)Q(0.00)V(0.00)E(0.00)N(24.89)K(0.00)	N14	1	D(0.00)L(0.00)Q(0.00)S(0.00)L(0.00)E(0.00)D(0.00)I(0.00)L(0.00)H(0.00)Q(0.00)V(0.00)E(0.00)N(10.98)K(0.00)	D(0)L(0)Q(0)S(0)L(0)E(0)D(0)I(0)L(0)H(0)Q(0)V(0)E(0)N(0)K(0)	24.891987	8	0	0	28.974474	10	10.983137	0	0	0	0	FALSE	FALSE	FALSE	tr|C9JC84|C9JC84_HUMAN	C9JC84	C9JC84_HUMAN	FGG	Fibrinogen gamma chain		"sp|P02679|FIBG_HUMAN, tr|C9JEU5|C9JEU5_HUMAN"	48039	4254.8784	48125	4181.2124	4287.723	22.887001	66
240419_ES_R00006_MG_c00001_SA_NPB_3_i2.48089.48089.4	D:\SHARE\Tim\25-12-03_GD_Dataset\GD_dataset\NPB_3_i2\interact.pep.xml	NISDGFDGIPDNVDAALALPAHSYSGR	N[2028]ISDGFDGIPDNVDAALALPAHSYSGR	VLDPDYPR.NISDGFDGIPDNVDAALALPAHSYSGR.ERVYFFKG	R	E	27	4	4252.0195	4685.006	4684.9937	1172.2588	1172.2557	4684.9922	1172.2554	0.0017	0	60.358	8.153	1	0	2	0	242	268	65211140	1N(1913.6770)	NA	HexNAc(4)Hex(5)NeuAc(1) % 1913.6770	3.92	0	nISDGFDGIPDNVDAALALPAHSYSGR	N(56.54)I(0.00)S(0.00)D(0.00)G(0.00)F(0.00)D(0.00)G(0.00)I(0.00)P(0.00)D(0.00)N(0.00)V(0.00)D(0.00)A(0.00)A(0.00)L(0.00)A(0.00)L(0.00)P(0.00)A(0.00)H(0.00)S(0.00)Y(0.00)S(0.00)G(0.00)R(0.00)	N1	1	N(13.89)I(0.00)S(0.00)D(0.00)G(0.00)F(0.00)D(0.00)G(0.00)I(0.00)P(0.00)D(0.00)N(0.00)V(0.00)D(0.00)A(0.00)A(0.00)L(0.00)A(0.00)L(0.00)P(0.00)A(0.00)H(0.00)S(0.00)Y(0.00)S(0.00)G(0.00)R(0.00)	N(2)I(0)S(0)D(0)G(0)F(0)D(0)G(0)I(0)P(0)D(0)N(0)V(0)D(0)A(0)A(0)L(0)A(0)L(0)P(0)A(0)H(0)S(0)Y(0)S(0)G(0)R(0)	56.53721	18	0	0	60.35817	20	13.887657	2	0	0	0	FALSE	FALSE	TRUE	sp|P04004|VTNC_HUMAN	P04004	VTNC_HUMAN	VTN	Vitronectin			48060	4254.8784	48125	4110.5522	4484.7583	20.77	204
240419_ES_R00006_MG_c00001_SA_NPB_3_i2.48094.48094.3	D:\SHARE\Tim\25-12-03_GD_Dataset\GD_dataset\NPB_3_i2\interact.pep.xml	NISDGFDGIPDNVDAALALPAHSYSGR	N[2028]ISDGFDGIPDNVDAALALPAHSYSGR	VLDPDYPR.NISDGFDGIPDNVDAALALPAHSYSGR.ERVYFFKG	R	E	27	3	4252.4927	4686.0225	4685.9995	1563.0148	1563.0071	4684.9922	1562.6714	1.0074	4.63E-11	38.189	9.541	1	0	2	0	242	268	20888018	1N(1913.6770)	NA	HexNAc(4)Hex(5)NeuAc(1) % 1913.6770	3.31	0	nISDGFDGIPDNVDAALALPAHSYSGR	N(36.48)I(0.00)S(0.00)D(0.00)G(0.00)F(0.00)D(0.00)G(0.00)I(0.00)P(0.00)D(0.00)N(0.00)V(0.00)D(0.00)A(0.00)A(0.00)L(0.00)A(0.00)L(0.00)P(0.00)A(0.00)H(0.00)S(0.00)Y(0.00)S(0.00)G(0.00)R(0.00)	N1	1	N(7.98)I(0.00)S(0.00)D(0.00)G(0.00)F(0.00)D(0.00)G(0.00)I(0.00)P(0.00)D(0.00)N(0.00)V(0.00)D(0.00)A(0.00)A(0.00)L(0.00)A(0.00)L(0.00)P(0.00)A(0.00)H(0.00)S(0.00)Y(0.00)S(0.00)G(0.00)R(0.00)	N(0)I(0)S(0)D(0)G(0)F(0)D(0)G(0)I(0)P(0)D(0)N(0)V(0)D(0)A(0)A(0)L(0)A(0)L(0)P(0)A(0)H(0)S(0)Y(0)S(0)G(0)R(0)	36.477127	12	0	0	38.18912	13	7.9776716	0	0	0	0	FALSE	FALSE	TRUE	sp|P04004|VTNC_HUMAN	P04004	VTNC_HUMAN	VTN	Vitronectin			48060	4244.4224	47987	4132.9834	4284.269	16.468	89
240419_ES_R00006_MG_c00001_SA_NPB_3_i2.48098.48098.5	D:\SHARE\Tim\25-12-03_GD_Dataset\GD_dataset\NPB_3_i2\interact.pep.xml	NISDGFDGIPDNVDAALALPAHSYSGR	N[2028]ISDGFDGIPDNVDAALALPAHSYSGR	VLDPDYPR.NISDGFDGIPDNVDAALALPAHSYSGR.ERVYFFKG	R	E	27	5	4252.7656	4686.025	4685.9907	938.2123	938.2054	4684.9922	938.0057	0.9987	5.00E-14	40.106	12.558	1	0	2	0	242	268	5457986	1N(1913.6770)	NA	HexNAc(4)Hex(5)NeuAc(1) % 1913.6770	2.53	0	nISDGFDGIPDNVDAALALPAHSYSGR	N(38.73)I(0.00)S(0.00)D(0.00)G(0.00)F(0.00)D(0.00)G(0.00)I(0.00)P(0.00)D(0.00)N(0.00)V(0.00)D(0.00)A(0.00)A(0.00)L(0.00)A(0.00)L(0.00)P(0.00)A(0.00)H(0.00)S(0.00)Y(0.00)S(0.00)G(0.00)R(0.00)	N1	1	N(13.76)I(0.00)S(0.00)D(0.00)G(0.00)F(0.00)D(0.00)G(0.00)I(0.00)P(0.00)D(0.00)N(0.00)V(0.00)D(0.00)A(0.00)A(0.00)L(0.00)A(0.00)L(0.00)P(0.00)A(0.00)H(0.00)S(0.00)Y(0.00)S(0.00)G(0.00)R(0.00)	N(1)I(0)S(0)D(0)G(0)F(0)D(0)G(0)I(0)P(0)D(0)N(0)V(0)D(0)A(0)A(0)L(0)A(0)L(0)P(0)A(0)H(0)S(0)Y(0)S(0)G(0)R(0)	38.732586	11	0	0	40.106678	12	13.762471	1	0	0	0	FALSE	FALSE	TRUE	sp|P04004|VTNC_HUMAN	P04004	VTNC_HUMAN	VTN	Vitronectin			48060	4254.8784	48125	4253.617	4260.457	6.84	5
240419_ES_R00006_MG_c00001_SA_NPB_3_i2.48143.48143.3	D:\SHARE\Tim\25-12-03_GD_Dataset\GD_dataset\NPB_3_i2\interact.pep.xml	NISDGFDGIPDNVDAALALPAHSYSGR	N[2028]ISDGFDGIPDNVDAALALPAHSYSGR	VLDPDYPR.NISDGFDGIPDNVDAALALPAHSYSGR.ERVYFFKG	R	E	27	3	4256.329	4685.9854	4685.999	1563.0024	1563.0069	4684.9922	1562.6714	1.007	1.16E-11	43.746	9.672	1	0	2	0	242	268	20887138	1N(1913.6770)	NA	HexNAc(4)Hex(5)NeuAc(1) % 1913.6770	3.22	0	nISDGFDGIPDNVDAALALPAHSYSGR	N(42.15)I(0.00)S(0.00)D(0.00)G(0.00)F(0.00)D(0.00)G(0.00)I(0.00)P(0.00)D(0.00)N(0.00)V(0.00)D(0.00)A(0.00)A(0.00)L(0.00)A(0.00)L(0.00)P(0.00)A(0.00)H(0.00)S(0.00)Y(0.00)S(0.00)G(0.00)R(0.00)	N1	1	N(11.50)I(0.00)S(0.00)D(0.00)G(0.00)F(0.00)D(0.00)G(0.00)I(0.00)P(0.00)D(0.00)N(0.00)V(0.00)D(0.00)A(0.00)A(0.00)L(0.00)A(0.00)L(0.00)P(0.00)A(0.00)H(0.00)S(0.00)Y(0.00)S(0.00)G(0.00)R(0.00)	N(0)I(0)S(0)D(0)G(0)F(0)D(0)G(0)I(0)P(0)D(0)N(0)V(0)D(0)A(0)A(0)L(0)A(0)L(0)P(0)A(0)H(0)S(0)Y(0)S(0)G(0)R(0)	42.145466	12	0	0	43.746067	13	11.497223	0	0	0	0	FALSE	FALSE	TRUE	sp|P04004|VTNC_HUMAN	P04004	VTNC_HUMAN	VTN	Vitronectin			48125	4244.4224	47987	4132.9834	4274.938	16.468	84
240419_ES_R00006_MG_c00001_SA_NPB_3_i2.48225.48225.3	D:\SHARE\Tim\25-12-03_GD_Dataset\GD_dataset\NPB_3_i2\interact.pep.xml	NISDGFDGIPDNVDAALALPAHSYSGR	N[2028]ISDGFDGIPDNVDAALALPAHSYSGR	VLDPDYPR.NISDGFDGIPDNVDAALALPAHSYSGR.ERVYFFKG	R	E	27	3	4262.66	4685.003	4685	1562.6749	1562.6739	4684.9922	1562.6714	0.0081	6.10E-09	40.359	7.556	1	0	2	0	242	268	19639896	1N(1913.6770)	NA	HexNAc(4)Hex(5)NeuAc(1) % 1913.6770	2.3	0	nISDGFDGIPDNVDAALALPAHSYSGR	N(35.81)I(0.00)S(0.00)D(0.00)G(0.00)F(0.00)D(0.00)G(0.00)I(0.00)P(0.00)D(0.00)N(0.00)V(0.00)D(0.00)A(0.00)A(0.00)L(0.00)A(0.00)L(0.00)P(0.00)A(0.00)H(0.00)S(0.00)Y(0.00)S(0.00)G(0.00)R(0.00)	N1	1	N(8.84)I(0.00)S(0.00)D(0.00)G(0.00)F(0.00)D(0.00)G(0.00)I(0.00)P(0.00)D(0.00)N(0.00)V(0.00)D(0.00)A(0.00)A(0.00)L(0.00)A(0.00)L(0.00)P(0.00)A(0.00)H(0.00)S(0.00)Y(0.00)S(0.00)G(0.00)R(0.00)	N(0)I(0)S(0)D(0)G(0)F(0)D(0)G(0)I(0)P(0)D(0)N(0)V(0)D(0)A(0)A(0)L(0)A(0)L(0)P(0)A(0)H(0)S(0)Y(0)S(0)G(0)R(0)	35.814587	11	0	0	40.359943	14	8.840025	0	0	0	0	FALSE	FALSE	TRUE	sp|P04004|VTNC_HUMAN	P04004	VTNC_HUMAN	VTN	Vitronectin			48197	4246.228	48011	4130.4844	4284.269	16.468	87
240419_ES_R00006_MG_c00001_SA_NPB_3_i2.48348.48348.4	D:\SHARE\Tim\25-12-03_GD_Dataset\GD_dataset\NPB_3_i2\interact.pep.xml	NNATVHEQVGGPSLTSDLQAQSK	NN[2319]ATVHEQVGGPSLTSDLQAQSK	VYDDGEEK.NNATVHEQVGGPSLTSDLQAQSK.GNPEQTPV	K	G	23	4	4271.94	4584.9404	4584.9316	1147.2424	1147.2402	4584.9346	1147.241	-0.0027	3.14E-10	33.734	15.018	1	0	2	0	85	107	27303296	2N(2204.7725)	NA	HexNAc(4)Hex(5)NeuAc(2) % 2204.7724	6.94	0	NnATVHEQVGGPSLTSDLQAQSK	N(0.00)N(33.73)A(0.00)T(0.00)V(0.00)H(0.00)E(0.00)Q(0.00)V(0.00)G(0.00)G(0.00)P(0.00)S(0.00)L(0.00)T(0.00)S(0.00)D(0.00)L(0.00)Q(0.00)A(0.00)Q(0.00)S(0.00)K(0.00)	N2	1	N(0.00)N(10.40)A(0.00)T(0.00)V(0.00)H(0.00)E(0.00)Q(0.00)V(0.00)G(0.00)G(0.00)P(0.00)S(0.00)L(0.00)T(0.00)S(0.00)D(0.00)L(0.00)Q(0.00)A(0.00)Q(0.00)S(0.00)K(0.00)	N(0)N(0)A(0)T(0)V(0)H(0)E(0)Q(0)V(0)G(0)G(0)P(0)S(0)L(0)T(0)S(0)D(0)L(0)Q(0)A(0)Q(0)S(0)K(0)	33.734043	10	0	0	33.734043	10	10.400047	0	0	0	0	FALSE	FALSE	FALSE	sp|P04004|VTNC_HUMAN	P04004	VTNC_HUMAN	VTN	Vitronectin		tr|F5GX75|F5GX75_HUMAN	48318	4257.2993	48156	4192.5303	4514.1733	10.654	167
240419_ES_R00006_MG_c00001_SA_NPB_3_i2.48568.48568.4	D:\SHARE\Tim\25-12-03_GD_Dataset\GD_dataset\NPB_3_i2\interact.pep.xml	NISDGFDGIPDNVDAALALPAHSYSGR	N[2319]ISDGFDGIPDNVDAALALPAHSYSGR	VLDPDYPR.NISDGFDGIPDNVDAALALPAHSYSGR.ERVYFFKG	R	E	27	4	4288.967	4976.0986	4976.0835	1245.0319	1245.0282	4976.0874	1245.0292	-0.0039	8.41E-11	42.023	8.71	1	0	2	0	242	268	38924940	1N(2204.7725)	NA	HexNAc(4)Hex(5)NeuAc(2) % 2204.7724	5.45	0	nISDGFDGIPDNVDAALALPAHSYSGR	N(39.22)I(0.00)S(0.00)D(0.00)G(0.00)F(0.00)D(0.00)G(0.00)I(0.00)P(0.00)D(0.00)N(0.00)V(0.00)D(0.00)A(0.00)A(0.00)L(0.00)A(0.00)L(0.00)P(0.00)A(0.00)H(0.00)S(0.00)Y(0.00)S(0.00)G(0.00)R(0.00)	N1	1	N(6.67)I(0.00)S(0.00)D(0.00)G(0.00)F(0.00)D(0.00)G(0.00)I(0.00)P(0.00)D(0.00)N(0.00)V(0.00)D(0.00)A(0.00)A(0.00)L(0.00)A(0.00)L(0.00)P(0.00)A(0.00)H(0.00)S(0.00)Y(0.00)S(0.00)G(0.00)R(0.00)	N(0)I(0)S(0)D(0)G(0)F(0)D(0)G(0)I(0)P(0)D(0)N(0)V(0)D(0)A(0)A(0)L(0)A(0)L(0)P(0)A(0)H(0)S(0)Y(0)S(0)G(0)R(0)	39.219086	14	0	0	42.023777	16	6.6732273	0	0	0	0	FALSE	FALSE	TRUE	sp|P04004|VTNC_HUMAN	P04004	VTNC_HUMAN	VTN	Vitronectin			48553	4306.308	48793	4269.638	4783.02	11.306001	284
240419_ES_R00006_MG_c00001_SA_NPB_3_i2.48569.48569.4	D:\SHARE\Tim\25-12-03_GD_Dataset\GD_dataset\NPB_3_i2\interact.pep.xml	NNATVHEQVGGPSLTSDLQAQSK	NN[2319]ATVHEQVGGPSLTSDLQAQSK	VYDDGEEK.NNATVHEQVGGPSLTSDLQAQSK.GNPEQTPV	K	G	23	4	4289.0522	4584.94	4584.932	1147.2423	1147.2403	4584.9346	1147.241	-0.0022	1.94E-07	35.347	6.634	1	0	2	0	85	107	24363664	2N(2204.7725)	NA	HexNAc(4)Hex(5)NeuAc(2) % 2204.7724	6.21	0	NnATVHEQVGGPSLTSDLQAQSK	N(0.00)N(33.69)A(0.00)T(0.00)V(0.00)H(0.00)E(0.00)Q(0.00)V(0.00)G(0.00)G(0.00)P(0.00)S(0.00)L(0.00)T(0.00)S(0.00)D(0.00)L(0.00)Q(0.00)A(0.00)Q(0.00)S(0.00)K(0.00)	N2	1	N(0.00)N(12.14)A(0.00)T(0.00)V(0.00)H(0.00)E(0.00)Q(0.00)V(0.00)G(0.00)G(0.00)P(0.00)S(0.00)L(0.00)T(0.00)S(0.00)D(0.00)L(0.00)Q(0.00)A(0.00)Q(0.00)S(0.00)K(0.00)	N(0)N(0)A(0)T(0)V(0)H(0)E(0)Q(0)V(0)G(0)G(0)P(0)S(0)L(0)T(0)S(0)D(0)L(0)Q(0)A(0)Q(0)S(0)K(0)	33.68844	9	0	0	35.34781	10	12.138486	0	0	0	0	FALSE	FALSE	FALSE	sp|P04004|VTNC_HUMAN	P04004	VTNC_HUMAN	VTN	Vitronectin		tr|F5GX75|F5GX75_HUMAN	48553	4282.327	48481	4198.6533	4514.1733	10.654	163
240419_ES_R00006_MG_c00001_SA_NPB_3_i2.48582.48582.4	D:\SHARE\Tim\25-12-03_GD_Dataset\GD_dataset\NPB_3_i2\interact.pep.xml	NNATVHEQVGGPSLTSDLQAQSK	NN[2975]ATVHEQVGGPSLTSDLQAQSK	VYDDGEEK.NNATVHEQVGGPSLTSDLQAQSK.GNPEQTPV	K	G	23	4	4289.939	5242.132	5242.1226	1311.5403	1311.5379	5241.1621	1311.2979	0.9607	0.2035608	11.046	0	0.9478	0.000230947	2	0	85	107	0	2N(2861.0000)	NA	HexNAc(5)Hex(6)NeuAc(3) % 2861.0000	2.44	0	NnATVHEQVGGPSLTSDLQAQSK	N(0.00)N(11.05)A(0.00)T(0.00)V(0.00)H(0.00)E(0.00)Q(0.00)V(0.00)G(0.00)G(0.00)P(0.00)S(0.00)L(0.00)T(0.00)S(0.00)D(0.00)L(0.00)Q(0.00)A(0.00)Q(0.00)S(0.00)K(0.00)	N2	1	N(0.00)N(7.54)A(0.00)T(0.00)V(0.00)H(0.00)E(0.00)Q(0.00)V(0.00)G(0.00)G(0.00)P(0.00)S(0.00)L(0.00)T(0.00)S(0.00)D(0.00)L(0.00)Q(0.00)A(0.00)Q(0.00)S(0.00)K(0.00)	N(0)N(0)A(0)T(0)V(0)H(0)E(0)Q(0)V(0)G(0)G(0)P(0)S(0)L(0)T(0)S(0)D(0)L(0)Q(0)A(0)Q(0)S(0)K(0)	11.046997	2	0	0	11.046997	2	7.535647	0	0	0	0	FALSE	FALSE	FALSE	sp|P04004|VTNC_HUMAN	P04004	VTNC_HUMAN	VTN	Vitronectin		tr|F5GX75|F5GX75_HUMAN	48553	0	0	0	0	0	0
240419_ES_R00006_MG_c00001_SA_NPB_3_i2.48668.48668.5	D:\SHARE\Tim\25-12-03_GD_Dataset\GD_dataset\NPB_3_i2\interact.pep.xml	NISDGFDGIPDNVDAALALPAHSYSGR	N[2319]ISDGFDGIPDNVDAALALPAHSYSGR	VLDPDYPR.NISDGFDGIPDNVDAALALPAHSYSGR.ERVYFFKG	R	E	27	5	4296.8594	4976.105	4976.0977	996.2283	996.2268	4976.0874	996.2248	0.0103	0	39.959	15.306	1	0	2	0	242	268	0	1N(2204.7725)	NA	HexNAc(4)Hex(5)NeuAc(2) % 2204.7724	-0.24	0	nISDGFDGIPDNVDAALALPAHSYSGR	N(35.97)I(0.00)S(0.00)D(0.00)G(0.00)F(0.00)D(0.00)G(0.00)I(0.00)P(0.00)D(0.00)N(0.00)V(0.00)D(0.00)A(0.00)A(0.00)L(0.00)A(0.00)L(0.00)P(0.00)A(0.00)H(0.00)S(0.00)Y(0.00)S(0.00)G(0.00)R(0.00)	N1	1	N(1.56)I(0.00)S(0.00)D(0.00)G(0.00)F(0.00)D(0.00)G(0.00)I(0.00)P(0.00)D(0.00)N(0.00)V(0.00)D(0.00)A(0.00)A(0.00)L(0.00)A(0.00)L(0.00)P(0.00)A(0.00)H(0.00)S(0.00)Y(0.00)S(0.00)G(0.00)R(0.00)	N(0)I(0)S(0)D(0)G(0)F(0)D(0)G(0)I(0)P(0)D(0)N(0)V(0)D(0)A(0)A(0)L(0)A(0)L(0)P(0)A(0)H(0)S(0)Y(0)S(0)G(0)R(0)	35.974506	15	0	0	39.95926	17	1.5589863	0	0	0	0	FALSE	FALSE	TRUE	sp|P04004|VTNC_HUMAN	P04004	VTNC_HUMAN	VTN	Vitronectin			48631	0	0	0	0	0	0
240419_ES_R00006_MG_c00001_SA_NPB_3_i2.48742.48742.4	D:\SHARE\Tim\25-12-03_GD_Dataset\GD_dataset\NPB_3_i2\interact.pep.xml	NISDGFDGIPDNVDAALALPAHSYSGR	N[2028]ISDGFDGIPDNVDAALALPAHSYSGR	VLDPDYPR.NISDGFDGIPDNVDAALALPAHSYSGR.ERVYFFKG	R	E	27	4	4302.436	4685.99	4685.992	1172.5048	1172.5053	4684.9922	1172.2554	1.0002	2.45E-10	47.943	8.726	1	0	2	0	242	268	20651732	1N(1913.6770)	NA	HexNAc(4)Hex(5)NeuAc(1) % 1913.6770	2.91	0	nISDGFDGIPDNVDAALALPAHSYSGR	N(45.10)I(0.00)S(0.00)D(0.00)G(0.00)F(0.00)D(0.00)G(0.00)I(0.00)P(0.00)D(0.00)N(0.00)V(0.00)D(0.00)A(0.00)A(0.00)L(0.00)A(0.00)L(0.00)P(0.00)A(0.00)H(0.00)S(0.00)Y(0.00)S(0.00)G(0.00)R(0.00)	N1	1	N(7.72)I(0.00)S(0.00)D(0.00)G(0.00)F(0.00)D(0.00)G(0.00)I(0.00)P(0.00)D(0.00)N(0.00)V(0.00)D(0.00)A(0.00)A(0.00)L(0.00)A(0.00)L(0.00)P(0.00)A(0.00)H(0.00)S(0.00)Y(0.00)S(0.00)G(0.00)R(0.00)	N(0)I(0)S(0)D(0)G(0)F(0)D(0)G(0)I(0)P(0)D(0)N(0)V(0)D(0)A(0)A(0)L(0)A(0)L(0)P(0)A(0)H(0)S(0)Y(0)S(0)G(0)R(0)	45.09767	15	0	0	47.943626	17	7.7217636	0	0	0	0	FALSE	FALSE	TRUE	sp|P04004|VTNC_HUMAN	P04004	VTNC_HUMAN	VTN	Vitronectin			48720	4323.475	49012	4295.348	4484.7583	29.125002	94
240419_ES_R00006_MG_c00001_SA_NPB_3_i2.48751.48751.4	D:\SHARE\Tim\25-12-03_GD_Dataset\GD_dataset\NPB_3_i2\interact.pep.xml	NNATVHEQVGGPSLTSDLQAQSK	NN[2975]ATVHEQVGGPSLTSDLQAQSK	VYDDGEEK.NNATVHEQVGGPSLTSDLQAQSK.GNPEQTPV	K	G	23	4	4303.201	5241.158	5241.1436	1311.2968	1311.2932	5241.1621	1311.2979	-0.0183	0.2628328	13.048	7.459	0.8934	0.000230947	2	0	85	107	0	2N(2861.0000)	NA	HexNAc(5)Hex(6)NeuAc(3) % 2861.0000	3.06	0	NnATVHEQVGGPSLTSDLQAQSK	N(0.00)N(13.05)A(0.00)T(0.00)V(0.00)H(0.00)E(0.00)Q(0.00)V(0.00)G(0.00)G(0.00)P(0.00)S(0.00)L(0.00)T(0.00)S(0.00)D(0.00)L(0.00)Q(0.00)A(0.00)Q(0.00)S(0.00)K(0.00)	N2	1	N(0.00)N(9.19)A(0.00)T(0.00)V(0.00)H(0.00)E(0.00)Q(0.00)V(0.00)G(0.00)G(0.00)P(0.00)S(0.00)L(0.00)T(0.00)S(0.00)D(0.00)L(0.00)Q(0.00)A(0.00)Q(0.00)S(0.00)K(0.00)	N(0)N(0)A(0)T(0)V(0)H(0)E(0)Q(0)V(0)G(0)G(0)P(0)S(0)L(0)T(0)S(0)D(0)L(0)Q(0)A(0)Q(0)S(0)K(0)	13.0486555	2	0	0	13.0486555	2	9.189064	0	0	0	0	FALSE	FALSE	FALSE	sp|P04004|VTNC_HUMAN	P04004	VTNC_HUMAN	VTN	Vitronectin		tr|F5GX75|F5GX75_HUMAN	48720	0	0	0	0	0	0
240419_ES_R00006_MG_c00001_SA_NPB_3_i2.48907.48907.4	D:\SHARE\Tim\25-12-03_GD_Dataset\GD_dataset\NPB_3_i2\interact.pep.xml	NISDGFDGIPDNVDAALALPAHSYSGR	N[2028]ISDGFDGIPDNVDAALALPAHSYSGR	VLDPDYPR.NISDGFDGIPDNVDAALALPAHSYSGR.ERVYFFKG	R	E	27	4	4315.07	4685.015	4684.9883	1172.261	1172.2544	4684.9922	1172.2554	-0.0037	5.00E-14	44.799	8.453	1	0	2	0	242	268	0	1N(1913.6770)	NA	HexNAc(4)Hex(5)NeuAc(1) % 1913.6770	3.12	0	nISDGFDGIPDNVDAALALPAHSYSGR	N(41.96)I(0.00)S(0.00)D(0.00)G(0.00)F(0.00)D(0.00)G(0.00)I(0.00)P(0.00)D(0.00)N(0.00)V(0.00)D(0.00)A(0.00)A(0.00)L(0.00)A(0.00)L(0.00)P(0.00)A(0.00)H(0.00)S(0.00)Y(0.00)S(0.00)G(0.00)R(0.00)	N1	1	N(5.14)I(0.00)S(0.00)D(0.00)G(0.00)F(0.00)D(0.00)G(0.00)I(0.00)P(0.00)D(0.00)N(0.00)V(0.00)D(0.00)A(0.00)A(0.00)L(0.00)A(0.00)L(0.00)P(0.00)A(0.00)H(0.00)S(0.00)Y(0.00)S(0.00)G(0.00)R(0.00)	N(0)I(0)S(0)D(0)G(0)F(0)D(0)G(0)I(0)P(0)D(0)N(0)V(0)D(0)A(0)A(0)L(0)A(0)L(0)P(0)A(0)H(0)S(0)Y(0)S(0)G(0)R(0)	41.955906	16	0	0	44.799885	18	5.143265	0	0	0	0	FALSE	FALSE	TRUE	sp|P04004|VTNC_HUMAN	P04004	VTNC_HUMAN	VTN	Vitronectin			48884	0	0	0	0	0	0
240419_ES_R00006_MG_c00001_SA_NPB_3_i2.48948.48948.4	D:\SHARE\Tim\25-12-03_GD_Dataset\GD_dataset\NPB_3_i2\interact.pep.xml	NNATVHEQVGGPSLTSDLQAQSK	NN[2028]ATVHEQVGGPSLTSDLQAQSK	VYDDGEEK.NNATVHEQVGGPSLTSDLQAQSK.GNPEQTPV	K	G	23	4	4318.0537	4293.875	4293.834	1074.476	1074.4658	4293.8389	1074.467	-0.0049	1.57E-11	32.161	14.865	1	0	2	0	85	107	0	2N(1913.6770)	NA	HexNAc(4)Hex(5)NeuAc(1) % 1913.6770	3.06	0	NnATVHEQVGGPSLTSDLQAQSK	N(0.00)N(32.16)A(0.00)T(0.00)V(0.00)H(0.00)E(0.00)Q(0.00)V(0.00)G(0.00)G(0.00)P(0.00)S(0.00)L(0.00)T(0.00)S(0.00)D(0.00)L(0.00)Q(0.00)A(0.00)Q(0.00)S(0.00)K(0.00)	N2	1	N(0.00)N(11.57)A(0.00)T(0.00)V(0.00)H(0.00)E(0.00)Q(0.00)V(0.00)G(0.00)G(0.00)P(0.00)S(0.00)L(0.00)T(0.00)S(0.00)D(0.00)L(0.00)Q(0.00)A(0.00)Q(0.00)S(0.00)K(0.00)	N(0)N(1)A(0)T(0)V(0)H(0)E(0)Q(0)V(0)G(0)G(0)P(0)S(0)L(0)T(0)S(0)D(0)L(0)Q(0)A(0)Q(0)S(0)K(0)	32.16166	10	0	0	30.814365	9	11.569367	1	0	0	0	FALSE	FALSE	FALSE	sp|P04004|VTNC_HUMAN	P04004	VTNC_HUMAN	VTN	Vitronectin		tr|F5GX75|F5GX75_HUMAN	48905	0	0	0	0	0	0
240419_ES_R00006_MG_c00001_SA_NPB_3_i2.48949.48949.3	D:\SHARE\Tim\25-12-03_GD_Dataset\GD_dataset\NPB_3_i2\interact.pep.xml	NISDGFDGIPDNVDAALALPAHSYSGR	N[2028]ISDGFDGIPDNVDAALALPAHSYSGR	VLDPDYPR.NISDGFDGIPDNVDAALALPAHSYSGR.ERVYFFKG	R	E	27	3	4318.1216	4686.0293	4686.0264	1563.017	1563.0161	4684.9922	1562.6714	1.0344	0.01468081	14.833	0	0.9607	0.000230947	2	0	242	268	0	1N(1913.6770)	NA	HexNAc(4)Hex(5)NeuAc(1) % 1913.6770	-0.19	0	nISDGFDGIPDNVDAALALPAHSYSGR	N(13.24)I(0.00)S(0.00)D(0.00)G(0.00)F(0.00)D(0.00)G(0.00)I(0.00)P(0.00)D(0.00)N(0.00)V(0.00)D(0.00)A(0.00)A(0.00)L(0.00)A(0.00)L(0.00)P(0.00)A(0.00)H(0.00)S(0.00)Y(0.00)S(0.00)G(0.00)R(0.00)	N1	1	N(4.39)I(0.00)S(0.00)D(0.00)G(0.00)F(0.00)D(0.00)G(0.00)I(0.00)P(0.00)D(0.00)N(0.00)V(0.00)D(0.00)A(0.00)A(0.00)L(0.00)A(0.00)L(0.00)P(0.00)A(0.00)H(0.00)S(0.00)Y(0.00)S(0.00)G(0.00)R(0.00)	N(0)I(0)S(0)D(0)G(0)F(0)D(0)G(0)I(0)P(0)D(0)N(0)V(0)D(0)A(0)A(0)L(0)A(0)L(0)P(0)A(0)H(0)S(0)Y(0)S(0)G(0)R(0)	13.238989	5	0	0	14.83311	6	4.3908873	0	0	0	0	FALSE	FALSE	TRUE	sp|P04004|VTNC_HUMAN	P04004	VTNC_HUMAN	VTN	Vitronectin			48905	0	0	0	0	0	0
240419_ES_R00006_MG_c00001_SA_NPB_3_i2.49209.49209.3	D:\SHARE\Tim\25-12-03_GD_Dataset\GD_dataset\NPB_3_i2\interact.pep.xml	NISDGFDGIPDNVDAALALPAHSYSGR	N[2028]ISDGFDGIPDNVDAALALPAHSYSGR	VLDPDYPR.NISDGFDGIPDNVDAALALPAHSYSGR.ERVYFFKG	R	E	27	3	4339.082	4687.082	4687.079	1563.3679	1563.3669	4684.9922	1562.6714	2.0872	0.07590143	10.979	0	0.8861	0.000230947	2	0	242	268	0	1N(1913.6770)	NA	HexNAc(4)Hex(5)NeuAc(1) % 1913.6770	-2.56	0.001632209	nISDGFDGIPDNVDAALALPAHSYSGR	N(10.98)I(0.00)S(0.00)D(0.00)G(0.00)F(0.00)D(0.00)G(0.00)I(0.00)P(0.00)D(0.00)N(0.00)V(0.00)D(0.00)A(0.00)A(0.00)L(0.00)A(0.00)L(0.00)P(0.00)A(0.00)H(0.00)S(0.00)Y(0.00)S(0.00)G(0.00)R(0.00)	N1	1	N(2.75)I(0.00)S(0.00)D(0.00)G(0.00)F(0.00)D(0.00)G(0.00)I(0.00)P(0.00)D(0.00)N(0.00)V(0.00)D(0.00)A(0.00)A(0.00)L(0.00)A(0.00)L(0.00)P(0.00)A(0.00)H(0.00)S(0.00)Y(0.00)S(0.00)G(0.00)R(0.00)	N(0)I(0)S(0)D(0)G(0)F(0)D(0)G(0)I(0)P(0)D(0)N(0)V(0)D(0)A(0)A(0)L(0)A(0)L(0)P(0)A(0)H(0)S(0)Y(0)S(0)G(0)R(0)	10.979708	5	0	0	10.979708	5	2.7543612	0	0	0	0	FALSE	FALSE	TRUE	sp|P04004|VTNC_HUMAN	P04004	VTNC_HUMAN	VTN	Vitronectin			49176	0	0	0	0	0	0
240419_ES_R00006_MG_c00001_SA_NPB_3_i2.49235.49235.4	D:\SHARE\Tim\25-12-03_GD_Dataset\GD_dataset\NPB_3_i2\interact.pep.xml	NISDGFDGIPDNVDAALALPAHSYSGR	N[3121]ISDGFDGIPDNVDAALALPAHSYSGR	VLDPDYPR.NISDGFDGIPDNVDAALALPAHSYSGR.ERVYFFKG	R	E	27	4	4341.008	5778.3784	5778.3677	1445.6019	1445.5992	5778.373	1445.6006	-0.0051	0.000236019	12.459	6.892	1	0	2	0	242	268	10183270	1N(3007.0579)	NA	HexNAc(5)Hex(6)Fuc(1)NeuAc(3) % 3007.0579	-1.23	0.001120448	nISDGFDGIPDNVDAALALPAHSYSGR	N(12.46)I(0.00)S(0.00)D(0.00)G(0.00)F(0.00)D(0.00)G(0.00)I(0.00)P(0.00)D(0.00)N(0.00)V(0.00)D(0.00)A(0.00)A(0.00)L(0.00)A(0.00)L(0.00)P(0.00)A(0.00)H(0.00)S(0.00)Y(0.00)S(0.00)G(0.00)R(0.00)	N1	1	N(3.40)I(0.00)S(0.00)D(0.00)G(0.00)F(0.00)D(0.00)G(0.00)I(0.00)P(0.00)D(0.00)N(0.00)V(0.00)D(0.00)A(0.00)A(0.00)L(0.00)A(0.00)L(0.00)P(0.00)A(0.00)H(0.00)S(0.00)Y(0.00)S(0.00)G(0.00)R(0.00)	N(0)I(0)S(0)D(0)G(0)F(0)D(0)G(0)I(0)P(0)D(0)N(0)V(0)D(0)A(0)A(0)L(0)A(0)L(0)P(0)A(0)H(0)S(0)Y(0)S(0)G(0)R(0)	12.459435	5	0	0	12.459435	5	3.3995292	0	0	0	0	FALSE	FALSE	TRUE	sp|P04004|VTNC_HUMAN	P04004	VTNC_HUMAN	VTN	Vitronectin			49197	4348.74	49330	4334.2104	4350.8022	19.187	6
240419_ES_R00006_MG_c00001_SA_NPB_3_i2.49238.49238.4	D:\SHARE\Tim\25-12-03_GD_Dataset\GD_dataset\NPB_3_i2\interact.pep.xml	NISDGFDGIPDNVDAALALPAHSYSGR	N[2319]ISDGFDGIPDNVDAALALPAHSYSGR	VLDPDYPR.NISDGFDGIPDNVDAALALPAHSYSGR.ERVYFFKG	R	E	27	4	4341.2124	4976.0386	4976.06	1245.0169	1245.0223	4976.0874	1245.0292	-0.0273	3.33E-12	44.013	13.786	1	0	2	0	242	268	14478567	1N(2204.7725)	NA	HexNAc(4)Hex(5)NeuAc(2) % 2204.7724	3.06	0	nISDGFDGIPDNVDAALALPAHSYSGR	N(42.22)I(0.00)S(0.00)D(0.00)G(0.00)F(0.00)D(0.00)G(0.00)I(0.00)P(0.00)D(0.00)N(0.00)V(0.00)D(0.00)A(0.00)A(0.00)L(0.00)A(0.00)L(0.00)P(0.00)A(0.00)H(0.00)S(0.00)Y(0.00)S(0.00)G(0.00)R(0.00)	N1	1	N(11.80)I(0.00)S(0.00)D(0.00)G(0.00)F(0.00)D(0.00)G(0.00)I(0.00)P(0.00)D(0.00)N(0.00)V(0.00)D(0.00)A(0.00)A(0.00)L(0.00)A(0.00)L(0.00)P(0.00)A(0.00)H(0.00)S(0.00)Y(0.00)S(0.00)G(0.00)R(0.00)	N(0)I(0)S(0)D(0)G(0)F(0)D(0)G(0)I(0)P(0)D(0)N(0)V(0)D(0)A(0)A(0)L(0)A(0)L(0)P(0)A(0)H(0)S(0)Y(0)S(0)G(0)R(0)	42.2172	12	0	0	44.013783	13	11.804106	0	0	0	0	FALSE	FALSE	TRUE	sp|P04004|VTNC_HUMAN	P04004	VTNC_HUMAN	VTN	Vitronectin			49197	4328.81	49077	4282.327	4363.769	39.755	38
240419_ES_R00006_MG_c00001_SA_NPB_3_i2.49247.49247.5	D:\SHARE\Tim\25-12-03_GD_Dataset\GD_dataset\NPB_3_i2\interact.pep.xml	NISDGFDGIPDNVDAALALPAHSYSGR	N[3121]ISDGFDGIPDNVDAALALPAHSYSGR	VLDPDYPR.NISDGFDGIPDNVDAALALPAHSYSGR.ERVYFFKG	R	E	27	5	4341.8267	5778.3936	5778.382	1156.686	1156.6837	5778.373	1156.6819	0.009	0.000100201	15.109	8.933	1	0	2	0	242	268	0	1N(3007.0579)	NA	HexNAc(5)Hex(6)Fuc(1)NeuAc(3) % 3007.0579	-1.07	0.000597015	nISDGFDGIPDNVDAALALPAHSYSGR	N(15.11)I(0.00)S(0.00)D(0.00)G(0.00)F(0.00)D(0.00)G(0.00)I(0.00)P(0.00)D(0.00)N(0.00)V(0.00)D(0.00)A(0.00)A(0.00)L(0.00)A(0.00)L(0.00)P(0.00)A(0.00)H(0.00)S(0.00)Y(0.00)S(0.00)G(0.00)R(0.00)	N1	1	N(3.70)I(0.00)S(0.00)D(0.00)G(0.00)F(0.00)D(0.00)G(0.00)I(0.00)P(0.00)D(0.00)N(0.00)V(0.00)D(0.00)A(0.00)A(0.00)L(0.00)A(0.00)L(0.00)P(0.00)A(0.00)H(0.00)S(0.00)Y(0.00)S(0.00)G(0.00)R(0.00)	N(0)I(0)S(0)D(0)G(0)F(0)D(0)G(0)I(0)P(0)D(0)N(0)V(0)D(0)A(0)A(0)L(0)A(0)L(0)P(0)A(0)H(0)S(0)Y(0)S(0)G(0)R(0)	15.109754	6	0	0	15.109754	6	3.697294	0	0	0	0	FALSE	FALSE	TRUE	sp|P04004|VTNC_HUMAN	P04004	VTNC_HUMAN	VTN	Vitronectin			49197	0	0	0	0	0	0
240419_ES_R00006_MG_c00001_SA_NPB_3_i2.49334.49334.4	D:\SHARE\Tim\25-12-03_GD_Dataset\GD_dataset\NPB_3_i2\interact.pep.xml	NISDGFDGIPDNVDAALALPAHSYSGR	N[2319]ISDGFDGIPDNVDAALALPAHSYSGR	VLDPDYPR.NISDGFDGIPDNVDAALALPAHSYSGR.ERVYFFKG	R	E	27	4	4349.1885	4976.1055	4976.0835	1245.0337	1245.0282	4976.0874	1245.0292	-0.0039	3.84E-05	25.163	0	0.9998	0	2	0	242	268	14478567	1N(2204.7725)	NA	HexNAc(4)Hex(5)NeuAc(2) % 2204.7724	5.77	0	nISDGFDGIPDNVDAALALPAHSYSGR	N(23.07)I(0.00)S(0.00)D(0.00)G(0.00)F(0.00)D(0.00)G(0.00)I(0.00)P(0.00)D(0.00)N(0.00)V(0.00)D(0.00)A(0.00)A(0.00)L(0.00)A(0.00)L(0.00)P(0.00)A(0.00)H(0.00)S(0.00)Y(0.00)S(0.00)G(0.00)R(0.00)	N1	1	N(9.83)I(0.00)S(0.00)D(0.00)G(0.00)F(0.00)D(0.00)G(0.00)I(0.00)P(0.00)D(0.00)N(0.00)V(0.00)D(0.00)A(0.00)A(0.00)L(0.00)A(0.00)L(0.00)P(0.00)A(0.00)H(0.00)S(0.00)Y(0.00)S(0.00)G(0.00)R(0.00)	N(0)I(0)S(0)D(0)G(0)F(0)D(0)G(0)I(0)P(0)D(0)N(0)V(0)D(0)A(0)A(0)L(0)A(0)L(0)P(0)A(0)H(0)S(0)Y(0)S(0)G(0)R(0)	23.06845	6	0	0	25.163643	7	9.828793	0	0	0	0	FALSE	FALSE	TRUE	sp|P04004|VTNC_HUMAN	P04004	VTNC_HUMAN	VTN	Vitronectin			49294	4328.81	49077	4269.638	4355.511	39.755	44
240419_ES_R00006_MG_c00001_SA_NPB_3_i2.49341.49341.3	D:\SHARE\Tim\25-12-03_GD_Dataset\GD_dataset\NPB_3_i2\interact.pep.xml	NNATVHEQVGGPSLTSDLQAQSK	NN[2319]ATVHEQVGGPSLTSDLQAQSK	VYDDGEEK.NNATVHEQVGGPSLTSDLQAQSK.GNPEQTPV	K	G	23	3	4349.666	4584.941	4584.9355	1529.3209	1529.3191	4584.9346	1529.3188	0.0012	0.03060201	13.557	0	0.9836	0.000230947	2	0	85	107	0	2N(2204.7725)	NA	HexNAc(4)Hex(5)NeuAc(2) % 2204.7724	5.61	0	NnATVHEQVGGPSLTSDLQAQSK	N(0.00)N(13.56)A(0.00)T(0.00)V(0.00)H(0.00)E(0.00)Q(0.00)V(0.00)G(0.00)G(0.00)P(0.00)S(0.00)L(0.00)T(0.00)S(0.00)D(0.00)L(0.00)Q(0.00)A(0.00)Q(0.00)S(0.00)K(0.00)	N2	1	N(0.00)N(9.73)A(0.00)T(0.00)V(0.00)H(0.00)E(0.00)Q(0.00)V(0.00)G(0.00)G(0.00)P(0.00)S(0.00)L(0.00)T(0.00)S(0.00)D(0.00)L(0.00)Q(0.00)A(0.00)Q(0.00)S(0.00)K(0.00)	N(0)N(0)A(0)T(0)V(0)H(0)E(0)Q(0)V(0)G(0)G(0)P(0)S(0)L(0)T(0)S(0)D(0)L(0)Q(0)A(0)Q(0)S(0)K(0)	13.557388	2	0	0	13.557388	2	9.728398	0	0	0	0	FALSE	FALSE	FALSE	sp|P04004|VTNC_HUMAN	P04004	VTNC_HUMAN	VTN	Vitronectin		tr|F5GX75|F5GX75_HUMAN	49294	0	0	0	0	0	0
240419_ES_R00006_MG_c00001_SA_NPB_3_i2.49360.49360.4	D:\SHARE\Tim\25-12-03_GD_Dataset\GD_dataset\NPB_3_i2\interact.pep.xml	NNATVHEQVGGPSLTSDLQAQSK	NN[2319]ATVHEQVGGPSLTSDLQAQSK	VYDDGEEK.NNATVHEQVGGPSLTSDLQAQSK.GNPEQTPV	K	G	23	4	4351.2153	4584.9497	4584.9316	1147.2447	1147.2402	4584.9346	1147.241	-0.0027	1.35E-09	44.983	6.311	1	0	2	0	85	107	24345750	2N(2204.7725)	NA	HexNAc(4)Hex(5)NeuAc(2) % 2204.7724	6.31	0	NnATVHEQVGGPSLTSDLQAQSK	N(0.00)N(44.98)A(0.00)T(0.00)V(0.00)H(0.00)E(0.00)Q(0.00)V(0.00)G(0.00)G(0.00)P(0.00)S(0.00)L(0.00)T(0.00)S(0.00)D(0.00)L(0.00)Q(0.00)A(0.00)Q(0.00)S(0.00)K(0.00)	N2	1	N(0.00)N(17.85)A(0.00)T(0.00)V(0.00)H(0.00)E(0.00)Q(0.00)V(0.00)G(0.00)G(0.00)P(0.00)S(0.00)L(0.00)T(0.00)S(0.00)D(0.00)L(0.00)Q(0.00)A(0.00)Q(0.00)S(0.00)K(0.00)	N(0)N(4)A(0)T(0)V(0)H(0)E(0)Q(0)V(0)G(0)G(0)P(0)S(0)L(0)T(0)S(0)D(0)L(0)Q(0)A(0)Q(0)S(0)K(0)	44.98369	15	0	0	43.25673	14	17.853317	4	0	0	0	FALSE	FALSE	FALSE	sp|P04004|VTNC_HUMAN	P04004	VTNC_HUMAN	VTN	Vitronectin		tr|F5GX75|F5GX75_HUMAN	49330	4363.769	49525	4198.6533	4514.1733	10.654	163
240419_ES_R00006_MG_c00001_SA_NPB_3_i2.49367.49367.4	D:\SHARE\Tim\25-12-03_GD_Dataset\GD_dataset\NPB_3_i2\interact.pep.xml	NISDGFDGIPDNVDAALALPAHSYSGR	N[2319]ISDGFDGIPDNVDAALALPAHSYSGR	VLDPDYPR.NISDGFDGIPDNVDAALALPAHSYSGR.ERVYFFKG	R	E	27	4	4351.6943	4976.1	4976.083	1245.0323	1245.028	4976.0874	1245.0292	-0.0044	3.39E-05	27.38	0	0.9998	0	2	0	242	268	13577179	1N(2204.7725)	NA	HexNAc(4)Hex(5)NeuAc(2) % 2204.7724	4.95	0	nISDGFDGIPDNVDAALALPAHSYSGR	N(27.38)I(0.00)S(0.00)D(0.00)G(0.00)F(0.00)D(0.00)G(0.00)I(0.00)P(0.00)D(0.00)N(0.00)V(0.00)D(0.00)A(0.00)A(0.00)L(0.00)A(0.00)L(0.00)P(0.00)A(0.00)H(0.00)S(0.00)Y(0.00)S(0.00)G(0.00)R(0.00)	N1	1	N(13.50)I(0.00)S(0.00)D(0.00)G(0.00)F(0.00)D(0.00)G(0.00)I(0.00)P(0.00)D(0.00)N(0.00)V(0.00)D(0.00)A(0.00)A(0.00)L(0.00)A(0.00)L(0.00)P(0.00)A(0.00)H(0.00)S(0.00)Y(0.00)S(0.00)G(0.00)R(0.00)	N(1)I(0)S(0)D(0)G(0)F(0)D(0)G(0)I(0)P(0)D(0)N(0)V(0)D(0)A(0)A(0)L(0)A(0)L(0)P(0)A(0)H(0)S(0)Y(0)S(0)G(0)R(0)	27.380476	7	0	0	25.60977	6	13.503827	1	0	0	0	FALSE	FALSE	TRUE	sp|P04004|VTNC_HUMAN	P04004	VTNC_HUMAN	VTN	Vitronectin			49330	4330.451	49098	4271.73	4526.3174	11.306001	132
240419_ES_R00006_MG_c00001_SA_NPB_3_i2.49428.49428.4	D:\SHARE\Tim\25-12-03_GD_Dataset\GD_dataset\NPB_3_i2\interact.pep.xml	NISDGFDGIPDNVDAALALPAHSYSGR	N[2028]ISDGFDGIPDNVDAALALPAHSYSGR	VLDPDYPR.NISDGFDGIPDNVDAALALPAHSYSGR.ERVYFFKG	R	E	27	4	4356.381	4685.002	4684.989	1172.2578	1172.2545	4684.9922	1172.2554	-0.0032	1.32E-10	43.31	10.56	1	0	2	0	242	268	16008890	1N(1913.6770)	NA	HexNAc(4)Hex(5)NeuAc(1) % 1913.6770	3.62	0	nISDGFDGIPDNVDAALALPAHSYSGR	N(42.09)I(0.00)S(0.00)D(0.00)G(0.00)F(0.00)D(0.00)G(0.00)I(0.00)P(0.00)D(0.00)N(0.00)V(0.00)D(0.00)A(0.00)A(0.00)L(0.00)A(0.00)L(0.00)P(0.00)A(0.00)H(0.00)S(0.00)Y(0.00)S(0.00)G(0.00)R(0.00)	N1	1	N(9.71)I(0.00)S(0.00)D(0.00)G(0.00)F(0.00)D(0.00)G(0.00)I(0.00)P(0.00)D(0.00)N(0.00)V(0.00)D(0.00)A(0.00)A(0.00)L(0.00)A(0.00)L(0.00)P(0.00)A(0.00)H(0.00)S(0.00)Y(0.00)S(0.00)G(0.00)R(0.00)	N(0)I(0)S(0)D(0)G(0)F(0)D(0)G(0)I(0)P(0)D(0)N(0)V(0)D(0)A(0)A(0)L(0)A(0)L(0)P(0)A(0)H(0)S(0)Y(0)S(0)G(0)R(0)	42.08507	13	0	0	43.31061	14	9.709339	0	0	0	0	FALSE	FALSE	TRUE	sp|P04004|VTNC_HUMAN	P04004	VTNC_HUMAN	VTN	Vitronectin			49390	4338.1772	49197	4110.5522	4484.7583	20.77	204
240419_ES_R00006_MG_c00001_SA_NPB_3_i2.49612.49612.4	D:\SHARE\Tim\25-12-03_GD_Dataset\GD_dataset\NPB_3_i2\interact.pep.xml	NISDGFDGIPDNVDAALALPAHSYSGR	N[2028]ISDGFDGIPDNVDAALALPAHSYSGR	VLDPDYPR.NISDGFDGIPDNVDAALALPAHSYSGR.ERVYFFKG	R	E	27	4	4370.4805	4684.9785	4684.99	1172.2519	1172.2548	4684.9922	1172.2554	-0.0018	1.04E-06	18.536	7.001	1	0	2	0	242	268	15193916	1N(1913.6770)	NA	HexNAc(4)Hex(5)NeuAc(1) % 1913.6770	2.79	0	nISDGFDGIPDNVDAALALPAHSYSGR	N(17.48)I(0.00)S(0.00)D(0.00)G(0.00)F(0.00)D(0.00)G(0.00)I(0.00)P(0.00)D(0.00)N(0.00)V(0.00)D(0.00)A(0.00)A(0.00)L(0.00)A(0.00)L(0.00)P(0.00)A(0.00)H(0.00)S(0.00)Y(0.00)S(0.00)G(0.00)R(0.00)	N1	1	N(4.10)I(0.00)S(0.00)D(0.00)G(0.00)F(0.00)D(0.00)G(0.00)I(0.00)P(0.00)D(0.00)N(0.00)V(0.00)D(0.00)A(0.00)A(0.00)L(0.00)A(0.00)L(0.00)P(0.00)A(0.00)H(0.00)S(0.00)Y(0.00)S(0.00)G(0.00)R(0.00)	N(0)I(0)S(0)D(0)G(0)F(0)D(0)G(0)I(0)P(0)D(0)N(0)V(0)D(0)A(0)A(0)L(0)A(0)L(0)P(0)A(0)H(0)S(0)Y(0)S(0)G(0)R(0)	17.478127	7	0	0	18.536959	8	4.096675	0	0	0	0	FALSE	FALSE	TRUE	sp|P04004|VTNC_HUMAN	P04004	VTNC_HUMAN	VTN	Vitronectin			49574	4394.293	49930	4304.4404	4484.7583	29.125002	89
240419_ES_R00006_MG_c00001_SA_NPB_3_i2.49962.49962.4	D:\SHARE\Tim\25-12-03_GD_Dataset\GD_dataset\NPB_3_i2\interact.pep.xml	NISDGFDGIPDNVDAALALPAHSYSGR	N[2028]ISDGFDGIPDNVDAALALPAHSYSGR	VLDPDYPR.NISDGFDGIPDNVDAALALPAHSYSGR.ERVYFFKG	R	E	27	4	4396.7036	4685.003	4684.993	1172.258	1172.2555	4684.9922	1172.2554	0.0012	1.00E-14	32.353	13.629	1	0	2	0	242	268	15194556	1N(1913.6770)	NA	HexNAc(4)Hex(5)NeuAc(1) % 1913.6770	4.69	0	nISDGFDGIPDNVDAALALPAHSYSGR	N(30.83)I(0.00)S(0.00)D(0.00)G(0.00)F(0.00)D(0.00)G(0.00)I(0.00)P(0.00)D(0.00)N(0.00)V(0.00)D(0.00)A(0.00)A(0.00)L(0.00)A(0.00)L(0.00)P(0.00)A(0.00)H(0.00)S(0.00)Y(0.00)S(0.00)G(0.00)R(0.00)	N1	1	N(9.79)I(0.00)S(0.00)D(0.00)G(0.00)F(0.00)D(0.00)G(0.00)I(0.00)P(0.00)D(0.00)N(0.00)V(0.00)D(0.00)A(0.00)A(0.00)L(0.00)A(0.00)L(0.00)P(0.00)A(0.00)H(0.00)S(0.00)Y(0.00)S(0.00)G(0.00)R(0.00)	N(0)I(0)S(0)D(0)G(0)F(0)D(0)G(0)I(0)P(0)D(0)N(0)V(0)D(0)A(0)A(0)L(0)A(0)L(0)P(0)A(0)H(0)S(0)Y(0)S(0)G(0)R(0)	30.834103	9	0	0	32.35318	10	9.792256	0	0	0	0	FALSE	FALSE	TRUE	sp|P04004|VTNC_HUMAN	P04004	VTNC_HUMAN	VTN	Vitronectin			49930	4394.293	49930	4110.5522	4484.7583	20.77	204
240419_ES_R00006_MG_c00001_SA_NPB_3_i2.50023.50023.4	D:\SHARE\Tim\25-12-03_GD_Dataset\GD_dataset\NPB_3_i2\interact.pep.xml	NISDGFDGIPDNVDAALALPAHSYSGR	N[2319]ISDGFDGIPDNVDAALALPAHSYSGR	VLDPDYPR.NISDGFDGIPDNVDAALALPAHSYSGR.ERVYFFKG	R	E	27	4	4401.19	4976.18	4976.1475	1245.0523	1245.0442	4976.0874	1245.0292	0.0601	3.44E-05	28.354	0	0.9998	0	2	0	242	268	9307231	1N(2204.7725)	NA	HexNAc(4)Hex(5)NeuAc(2) % 2204.7724	2.31	0	nISDGFDGIPDNVDAALALPAHSYSGR	N(28.35)I(0.00)S(0.00)D(0.00)G(0.00)F(0.00)D(0.00)G(0.00)I(0.00)P(0.00)D(0.00)N(0.00)V(0.00)D(0.00)A(0.00)A(0.00)L(0.00)A(0.00)L(0.00)P(0.00)A(0.00)H(0.00)S(0.00)Y(0.00)S(0.00)G(0.00)R(0.00)	N1	1	N(9.99)I(0.00)S(0.00)D(0.00)G(0.00)F(0.00)D(0.00)G(0.00)I(0.00)P(0.00)D(0.00)N(0.00)V(0.00)D(0.00)A(0.00)A(0.00)L(0.00)A(0.00)L(0.00)P(0.00)A(0.00)H(0.00)S(0.00)Y(0.00)S(0.00)G(0.00)R(0.00)	N(0)I(0)S(0)D(0)G(0)F(0)D(0)G(0)I(0)P(0)D(0)N(0)V(0)D(0)A(0)A(0)L(0)A(0)L(0)P(0)A(0)H(0)S(0)Y(0)S(0)G(0)R(0)	28.354053	8	0	0	28.354053	8	9.987352	0	0	0	0	FALSE	FALSE	TRUE	sp|P04004|VTNC_HUMAN	P04004	VTNC_HUMAN	VTN	Vitronectin			49987	4415.616	50215	4269.638	4783.02	11.306001	281
240419_ES_R00006_MG_c00001_SA_NPB_3_i2.50192.50192.4	D:\SHARE\Tim\25-12-03_GD_Dataset\GD_dataset\NPB_3_i2\interact.pep.xml	NNATVHEQVGGPSLTSDLQAQSK	NN[2319]ATVHEQVGGPSLTSDLQAQSK	VYDDGEEK.NNATVHEQVGGPSLTSDLQAQSK.GNPEQTPV	K	G	23	4	4413.916	4584.938	4584.927	1147.2418	1147.239	4584.9346	1147.241	-0.0076	2.53E-11	35.268	6.707	1	0	2	0	85	107	25878612	2N(2204.7725)	NA	HexNAc(4)Hex(5)NeuAc(2) % 2204.7724	5.01	0	NnATVHEQVGGPSLTSDLQAQSK	N(0.00)N(35.27)A(0.00)T(0.00)V(0.00)H(0.00)E(0.00)Q(0.00)V(0.00)G(0.00)G(0.00)P(0.00)S(0.00)L(0.00)T(0.00)S(0.00)D(0.00)L(0.00)Q(0.00)A(0.00)Q(0.00)S(0.00)K(0.00)	N2	1	N(0.00)N(16.49)A(0.00)T(0.00)V(0.00)H(0.00)E(0.00)Q(0.00)V(0.00)G(0.00)G(0.00)P(0.00)S(0.00)L(0.00)T(0.00)S(0.00)D(0.00)L(0.00)Q(0.00)A(0.00)Q(0.00)S(0.00)K(0.00)	N(0)N(3)A(0)T(0)V(0)H(0)E(0)Q(0)V(0)G(0)G(0)P(0)S(0)L(0)T(0)S(0)D(0)L(0)Q(0)A(0)Q(0)S(0)K(0)	35.268272	11	0	0	32.424717	9	16.493752	3	0	0	0	FALSE	FALSE	FALSE	sp|P04004|VTNC_HUMAN	P04004	VTNC_HUMAN	VTN	Vitronectin		tr|F5GX75|F5GX75_HUMAN	50160	4396.221	49956	4198.6533	4514.1733	10.654	163
240419_ES_R00006_MG_c00001_SA_NPB_3_i2.50217.50217.4	D:\SHARE\Tim\25-12-03_GD_Dataset\GD_dataset\NPB_3_i2\interact.pep.xml	NNATVHEQVGGPSLTSDLQAQSK	NN[2319]ATVHEQVGGPSLTSDLQAQSK	VYDDGEEK.NNATVHEQVGGPSLTSDLQAQSK.GNPEQTPV	K	G	23	4	4415.826	4584.9355	4584.9272	1147.2412	1147.2391	4584.9346	1147.241	-0.0071	4.64E-08	32.381	16.236	1	0	2	0	85	107	27042156	2N(2204.7725)	NA	HexNAc(4)Hex(5)NeuAc(2) % 2204.7724	5.3	0	NnATVHEQVGGPSLTSDLQAQSK	N(0.00)N(30.93)A(0.00)T(0.00)V(0.00)H(0.00)E(0.00)Q(0.00)V(0.00)G(0.00)G(0.00)P(0.00)S(0.00)L(0.00)T(0.00)S(0.00)D(0.00)L(0.00)Q(0.00)A(0.00)Q(0.00)S(0.00)K(0.00)	N2	1	N(0.00)N(14.80)A(0.00)T(0.00)V(0.00)H(0.00)E(0.00)Q(0.00)V(0.00)G(0.00)G(0.00)P(0.00)S(0.00)L(0.00)T(0.00)S(0.00)D(0.00)L(0.00)Q(0.00)A(0.00)Q(0.00)S(0.00)K(0.00)	N(0)N(2)A(0)T(0)V(0)H(0)E(0)Q(0)V(0)G(0)G(0)P(0)S(0)L(0)T(0)S(0)D(0)L(0)Q(0)A(0)Q(0)S(0)K(0)	30.933462	9	0	0	32.381428	10	14.796028	2	0	0	0	FALSE	FALSE	FALSE	sp|P04004|VTNC_HUMAN	P04004	VTNC_HUMAN	VTN	Vitronectin		tr|F5GX75|F5GX75_HUMAN	50189	4394.293	49930	4198.6533	4514.1733	10.654	163
240419_ES_R00006_MG_c00001_SA_NPB_3_i2.50426.50426.4	D:\SHARE\Tim\25-12-03_GD_Dataset\GD_dataset\NPB_3_i2\interact.pep.xml	NISDGFDGIPDNVDAALALPAHSYSGR	N[2319]ISDGFDGIPDNVDAALALPAHSYSGR	VLDPDYPR.NISDGFDGIPDNVDAALALPAHSYSGR.ERVYFFKG	R	E	27	4	4432.0005	4976.098	4976.1064	1245.0318	1245.0339	4976.0874	1245.0292	0.019	1.29E-07	35.051	0	1	0	2	0	242	268	16620384	1N(2204.7725)	NA	HexNAc(4)Hex(5)NeuAc(2) % 2204.7724	3.24	0	nISDGFDGIPDNVDAALALPAHSYSGR	N(33.28)I(0.00)S(0.00)D(0.00)G(0.00)F(0.00)D(0.00)G(0.00)I(0.00)P(0.00)D(0.00)N(0.00)V(0.00)D(0.00)A(0.00)A(0.00)L(0.00)A(0.00)L(0.00)P(0.00)A(0.00)H(0.00)S(0.00)Y(0.00)S(0.00)G(0.00)R(0.00)	N1	1	N(9.39)I(0.00)S(0.00)D(0.00)G(0.00)F(0.00)D(0.00)G(0.00)I(0.00)P(0.00)D(0.00)N(0.00)V(0.00)D(0.00)A(0.00)A(0.00)L(0.00)A(0.00)L(0.00)P(0.00)A(0.00)H(0.00)S(0.00)Y(0.00)S(0.00)G(0.00)R(0.00)	N(0)I(0)S(0)D(0)G(0)F(0)D(0)G(0)I(0)P(0)D(0)N(0)V(0)D(0)A(0)A(0)L(0)A(0)L(0)P(0)A(0)H(0)S(0)Y(0)S(0)G(0)R(0)	33.276978	10	0	0	35.051083	11	9.390169	0	0	0	0	FALSE	FALSE	TRUE	sp|P04004|VTNC_HUMAN	P04004	VTNC_HUMAN	VTN	Vitronectin			50395	4441.935	50555	4282.327	4784.491	11.306001	278
240419_ES_R00006_MG_c00001_SA_NPB_3_i2.50542.50542.4	D:\SHARE\Tim\25-12-03_GD_Dataset\GD_dataset\NPB_3_i2\interact.pep.xml	NISDGFDGIPDNVDAALALPAHSYSGR	N[2684]ISDGFDGIPDNVDAALALPAHSYSGR	VLDPDYPR.NISDGFDGIPDNVDAALALPAHSYSGR.ERVYFFKG	R	E	27	4	4440.919	5341.2246	5341.2095	1336.3134	1336.3097	5341.2197	1336.3123	-0.01	4.53E-08	20.215	9.135	1	0	2	0	242	268	8378841.5	1N(2569.9045)	NA	HexNAc(5)Hex(6)NeuAc(2) % 2569.9046	2.88	0	nISDGFDGIPDNVDAALALPAHSYSGR	N(20.22)I(0.00)S(0.00)D(0.00)G(0.00)F(0.00)D(0.00)G(0.00)I(0.00)P(0.00)D(0.00)N(0.00)V(0.00)D(0.00)A(0.00)A(0.00)L(0.00)A(0.00)L(0.00)P(0.00)A(0.00)H(0.00)S(0.00)Y(0.00)S(0.00)G(0.00)R(0.00)	N1	1	N(7.62)I(0.00)S(0.00)D(0.00)G(0.00)F(0.00)D(0.00)G(0.00)I(0.00)P(0.00)D(0.00)N(0.00)V(0.00)D(0.00)A(0.00)A(0.00)L(0.00)A(0.00)L(0.00)P(0.00)A(0.00)H(0.00)S(0.00)Y(0.00)S(0.00)G(0.00)R(0.00)	N(0)I(0)S(0)D(0)G(0)F(0)D(0)G(0)I(0)P(0)D(0)N(0)V(0)D(0)A(0)A(0)L(0)A(0)L(0)P(0)A(0)H(0)S(0)Y(0)S(0)G(0)R(0)	20.215733	6	0	0	20.215733	6	7.617146	0	0	0	0	FALSE	FALSE	TRUE	sp|P04004|VTNC_HUMAN	P04004	VTNC_HUMAN	VTN	Vitronectin			50492	4443.24	50571	4441.935	4540.4854	33.226	56
240419_ES_R00006_MG_c00001_SA_NPB_3_i2.50635.50635.3	D:\SHARE\Tim\25-12-03_GD_Dataset\GD_dataset\NPB_3_i2\interact.pep.xml	NISDGFDGIPDNVDAALALPAHSYSGR	N[2028]ISDGFDGIPDNVDAALALPAHSYSGR	VLDPDYPR.NISDGFDGIPDNVDAALALPAHSYSGR.ERVYFFKG	R	E	27	3	4448.013	4687.014	4686.997	1563.3453	1563.3396	4684.9922	1562.6714	2.0051	4.66E-05	23.826	7.783	1	0	2	0	242	268	0	1N(1913.6770)	NA	HexNAc(4)Hex(5)NeuAc(1) % 1913.6770	1.89	0	nISDGFDGIPDNVDAALALPAHSYSGR	N(22.23)I(0.00)S(0.00)D(0.00)G(0.00)F(0.00)D(0.00)G(0.00)I(0.00)P(0.00)D(0.00)N(0.00)V(0.00)D(0.00)A(0.00)A(0.00)L(0.00)A(0.00)L(0.00)P(0.00)A(0.00)H(0.00)S(0.00)Y(0.00)S(0.00)G(0.00)R(0.00)	N1	1	N(2.32)I(0.00)S(0.00)D(0.00)G(0.00)F(0.00)D(0.00)G(0.00)I(0.00)P(0.00)D(0.00)N(0.00)V(0.00)D(0.00)A(0.00)A(0.00)L(0.00)A(0.00)L(0.00)P(0.00)A(0.00)H(0.00)S(0.00)Y(0.00)S(0.00)G(0.00)R(0.00)	N(0)I(0)S(0)D(0)G(0)F(0)D(0)G(0)I(0)P(0)D(0)N(0)V(0)D(0)A(0)A(0)L(0)A(0)L(0)P(0)A(0)H(0)S(0)Y(0)S(0)G(0)R(0)	22.233229	10	0	0	23.82674	11	2.3232696	0	0	0	0	FALSE	FALSE	TRUE	sp|P04004|VTNC_HUMAN	P04004	VTNC_HUMAN	VTN	Vitronectin			50592	0	0	0	0	0	0
240419_ES_R00006_MG_c00001_SA_NPB_3_i2.50641.50641.5	D:\SHARE\Tim\25-12-03_GD_Dataset\GD_dataset\NPB_3_i2\interact.pep.xml	NISDGFDGIPDNVDAALALPAHSYSGR	N[2028]ISDGFDGIPDNVDAALALPAHSYSGR	VLDPDYPR.NISDGFDGIPDNVDAALALPAHSYSGR.ERVYFFKG	R	E	27	5	4448.4224	4687.0635	4687.027	938.42	938.4127	4684.9922	938.0057	2.0349	0.003939014	14.189	8.382	0.9997	0	2	0	242	268	0	1N(1913.6770)	NA	HexNAc(4)Hex(5)NeuAc(1) % 1913.6770	-4.36	0.012006003	nISDGFDGIPDNVDAALALPAHSYSGR	N(11.47)I(0.00)S(0.00)D(0.00)G(0.00)F(0.00)D(0.00)G(0.00)I(0.00)P(0.00)D(0.00)N(0.00)V(0.00)D(0.00)A(0.00)A(0.00)L(0.00)A(0.00)L(0.00)P(0.00)A(0.00)H(0.00)S(0.00)Y(0.00)S(0.00)G(0.00)R(0.00)	N1	1	N(0.00)I(0.00)S(0.00)D(0.00)G(0.00)F(0.00)D(0.00)G(0.00)I(0.00)P(0.00)D(0.00)N(0.00)V(0.00)D(0.00)A(0.00)A(0.00)L(0.00)A(0.00)L(0.00)P(0.00)A(0.00)H(0.00)S(0.00)Y(0.00)S(0.00)G(0.00)R(0.00)	N(0)I(0)S(0)D(0)G(0)F(0)D(0)G(0)I(0)P(0)D(0)N(0)V(0)D(0)A(0)A(0)L(0)A(0)L(0)P(0)A(0)H(0)S(0)Y(0)S(0)G(0)R(0)	11.466777	6	0	0	14.189124	7	0	0	0	0	0	FALSE	FALSE	TRUE	sp|P04004|VTNC_HUMAN	P04004	VTNC_HUMAN	VTN	Vitronectin			50592	0	0	0	0	0	0
240419_ES_R00006_MG_c00001_SA_NPB_3_i2.50651.50651.4	D:\SHARE\Tim\25-12-03_GD_Dataset\GD_dataset\NPB_3_i2\interact.pep.xml	NISDGFDGIPDNVDAALALPAHSYSGR	N[2028]ISDGFDGIPDNVDAALALPAHSYSGR	VLDPDYPR.NISDGFDGIPDNVDAALALPAHSYSGR.ERVYFFKG	R	E	27	4	4449.261	4685.9805	4685.982	1172.5024	1172.5028	4684.9922	1172.2554	0.9899	5.30E-10	34.693	7.338	1	0	2	0	242	268	0	1N(1913.6770)	NA	HexNAc(4)Hex(5)NeuAc(1) % 1913.6770	-0.01	0	nISDGFDGIPDNVDAALALPAHSYSGR	N(30.98)I(0.00)S(0.00)D(0.00)G(0.00)F(0.00)D(0.00)G(0.00)I(0.00)P(0.00)D(0.00)N(0.00)V(0.00)D(0.00)A(0.00)A(0.00)L(0.00)A(0.00)L(0.00)P(0.00)A(0.00)H(0.00)S(0.00)Y(0.00)S(0.00)G(0.00)R(0.00)	N1	1	N(2.12)I(0.00)S(0.00)D(0.00)G(0.00)F(0.00)D(0.00)G(0.00)I(0.00)P(0.00)D(0.00)N(0.00)V(0.00)D(0.00)A(0.00)A(0.00)L(0.00)A(0.00)L(0.00)P(0.00)A(0.00)H(0.00)S(0.00)Y(0.00)S(0.00)G(0.00)R(0.00)	N(1)I(0)S(0)D(0)G(0)F(0)D(0)G(0)I(0)P(0)D(0)N(0)V(0)D(0)A(0)A(0)L(0)A(0)L(0)P(0)A(0)H(0)S(0)Y(0)S(0)G(0)R(0)	30.984562	14	0	0	34.693466	16	2.1237903	1	0	0	0	FALSE	FALSE	TRUE	sp|P04004|VTNC_HUMAN	P04004	VTNC_HUMAN	VTN	Vitronectin			50622	0	0	0	0	0	0
240419_ES_R00006_MG_c00001_SA_NPB_3_i2.50653.50653.4	D:\SHARE\Tim\25-12-03_GD_Dataset\GD_dataset\NPB_3_i2\interact.pep.xml	NISDGFDGIPDNVDAALALPAHSYSGR	N[2830]ISDGFDGIPDNVDAALALPAHSYSGR	VLDPDYPR.NISDGFDGIPDNVDAALALPAHSYSGR.ERVYFFKG	R	E	27	4	4449.3975	5487.303	5487.274	1372.833	1372.8258	5487.2773	1372.8267	-0.0034	0	46.646	7.041	1	0	2	0	242	268	72954784	1N(2715.9624)	NA	HexNAc(5)Hex(6)Fuc(1)NeuAc(2) % 2715.9625	1.51	0	nISDGFDGIPDNVDAALALPAHSYSGR	N(44.80)I(0.00)S(0.00)D(0.00)G(0.00)F(0.00)D(0.00)G(0.00)I(0.00)P(0.00)D(0.00)N(0.00)V(0.00)D(0.00)A(0.00)A(0.00)L(0.00)A(0.00)L(0.00)P(0.00)A(0.00)H(0.00)S(0.00)Y(0.00)S(0.00)G(0.00)R(0.00)	N1	1	N(7.49)I(0.00)S(0.00)D(0.00)G(0.00)F(0.00)D(0.00)G(0.00)I(0.00)P(0.00)D(0.00)N(0.00)V(0.00)D(0.00)A(0.00)A(0.00)L(0.00)A(0.00)L(0.00)P(0.00)A(0.00)H(0.00)S(0.00)Y(0.00)S(0.00)G(0.00)R(0.00)	N(0)I(0)S(0)D(0)G(0)F(0)D(0)G(0)I(0)P(0)D(0)N(0)V(0)D(0)A(0)A(0)L(0)A(0)L(0)P(0)A(0)H(0)S(0)Y(0)S(0)G(0)R(0)	44.802975	15	0	0	46.646378	16	7.485357	0	0	0	0	FALSE	FALSE	TRUE	sp|P04004|VTNC_HUMAN	P04004	VTNC_HUMAN	VTN	Vitronectin			50622	4452.7964	50699	4415.616	4527.221	35.686	55
240419_ES_R00006_MG_c00001_SA_NPB_3_i2.50679.50679.4	D:\SHARE\Tim\25-12-03_GD_Dataset\GD_dataset\NPB_3_i2\interact.pep.xml	NISDGFDGIPDNVDAALALPAHSYSGR	N[2830]ISDGFDGIPDNVDAALALPAHSYSGR	VLDPDYPR.NISDGFDGIPDNVDAALALPAHSYSGR.ERVYFFKG	R	E	27	4	4451.3384	5487.301	5487.2744	1372.8325	1372.8259	5487.2773	1372.8267	-0.0029	0	50.815	13.201	1	0	2	0	242	268	1731933570	1N(2715.9624)	NA	HexNAc(5)Hex(6)Fuc(1)NeuAc(2) % 2715.9625	2.56	0	nISDGFDGIPDNVDAALALPAHSYSGR	N(47.89)I(0.00)S(0.00)D(0.00)G(0.00)F(0.00)D(0.00)G(0.00)I(0.00)P(0.00)D(0.00)N(0.00)V(0.00)D(0.00)A(0.00)A(0.00)L(0.00)A(0.00)L(0.00)P(0.00)A(0.00)H(0.00)S(0.00)Y(0.00)S(0.00)G(0.00)R(0.00)	N1	1	N(9.37)I(0.00)S(0.00)D(0.00)G(0.00)F(0.00)D(0.00)G(0.00)I(0.00)P(0.00)D(0.00)N(0.00)V(0.00)D(0.00)A(0.00)A(0.00)L(0.00)A(0.00)L(0.00)P(0.00)A(0.00)H(0.00)S(0.00)Y(0.00)S(0.00)G(0.00)R(0.00)	N(0)I(0)S(0)D(0)G(0)F(0)D(0)G(0)I(0)P(0)D(0)N(0)V(0)D(0)A(0)A(0)L(0)A(0)L(0)P(0)A(0)H(0)S(0)Y(0)S(0)G(0)R(0)	47.89171	15	0	0	50.815193	17	9.3747425	0	0	0	0	FALSE	FALSE	TRUE	sp|P04004|VTNC_HUMAN	P04004	VTNC_HUMAN	VTN	Vitronectin			50646	4477.972	51035	4415.616	4526.3174	35.686	55
240419_ES_R00006_MG_c00001_SA_NPB_3_i2.50683.50683.4	D:\SHARE\Tim\25-12-03_GD_Dataset\GD_dataset\NPB_3_i2\interact.pep.xml	NISDGFDGIPDNVDAALALPAHSYSGR	N[2319]ISDGFDGIPDNVDAALALPAHSYSGR	VLDPDYPR.NISDGFDGIPDNVDAALALPAHSYSGR.ERVYFFKG	R	E	27	4	4451.616	4976.0967	4976.0864	1245.0315	1245.0289	4976.0874	1245.0292	-0.001	9.00E-14	47.889	8.932	1	0	2	0	242	268	155057216	1N(2204.7725)	NA	HexNAc(4)Hex(5)NeuAc(2) % 2204.7724	6.73	0	nISDGFDGIPDNVDAALALPAHSYSGR	N(47.89)I(0.00)S(0.00)D(0.00)G(0.00)F(0.00)D(0.00)G(0.00)I(0.00)P(0.00)D(0.00)N(0.00)V(0.00)D(0.00)A(0.00)A(0.00)L(0.00)A(0.00)L(0.00)P(0.00)A(0.00)H(0.00)S(0.00)Y(0.00)S(0.00)G(0.00)R(0.00)	N1	1	N(10.78)I(0.00)S(0.00)D(0.00)G(0.00)F(0.00)D(0.00)G(0.00)I(0.00)P(0.00)D(0.00)N(0.00)V(0.00)D(0.00)A(0.00)A(0.00)L(0.00)A(0.00)L(0.00)P(0.00)A(0.00)H(0.00)S(0.00)Y(0.00)S(0.00)G(0.00)R(0.00)	N(2)I(0)S(0)D(0)G(0)F(0)D(0)G(0)I(0)P(0)D(0)N(0)V(0)D(0)A(0)A(0)L(0)A(0)L(0)P(0)A(0)H(0)S(0)Y(0)S(0)G(0)R(0)	47.88998	17	0	0	47.796467	17	10.778559	2	0	0	0	FALSE	FALSE	TRUE	sp|P04004|VTNC_HUMAN	P04004	VTNC_HUMAN	VTN	Vitronectin			50646	4475.9263	51008	4269.638	4783.02	11.306001	284
240419_ES_R00006_MG_c00001_SA_NPB_3_i2.50686.50686.4	D:\SHARE\Tim\25-12-03_GD_Dataset\GD_dataset\NPB_3_i2\interact.pep.xml	NISDGFDGIPDNVDAALALPAHSYSGR	N[2975]ISDGFDGIPDNVDAALALPAHSYSGR	VLDPDYPR.NISDGFDGIPDNVDAALALPAHSYSGR.ERVYFFKG	R	E	27	4	4451.821	5633.346	5633.331	1409.3438	1409.34	5632.3149	1409.0861	1.0161	0	50.694	12.309	1	0	2	0	242	268	0	1N(2861.0000)	NA	HexNAc(5)Hex(6)NeuAc(3) % 2861.0000	2.47	0	nISDGFDGIPDNVDAALALPAHSYSGR	N(47.80)I(0.00)S(0.00)D(0.00)G(0.00)F(0.00)D(0.00)G(0.00)I(0.00)P(0.00)D(0.00)N(0.00)V(0.00)D(0.00)A(0.00)A(0.00)L(0.00)A(0.00)L(0.00)P(0.00)A(0.00)H(0.00)S(0.00)Y(0.00)S(0.00)G(0.00)R(0.00)	N1	1	N(10.89)I(0.00)S(0.00)D(0.00)G(0.00)F(0.00)D(0.00)G(0.00)I(0.00)P(0.00)D(0.00)N(0.00)V(0.00)D(0.00)A(0.00)A(0.00)L(0.00)A(0.00)L(0.00)P(0.00)A(0.00)H(0.00)S(0.00)Y(0.00)S(0.00)G(0.00)R(0.00)	N(0)I(0)S(0)D(0)G(0)F(0)D(0)G(0)I(0)P(0)D(0)N(0)V(0)D(0)A(0)A(0)L(0)A(0)L(0)P(0)A(0)H(0)S(0)Y(0)S(0)G(0)R(0)	47.803875	14	0	0	50.694916	16	10.891258	0	0	0	0	FALSE	FALSE	TRUE	sp|P04004|VTNC_HUMAN	P04004	VTNC_HUMAN	VTN	Vitronectin			50646	0	0	0	0	0	0
240419_ES_R00006_MG_c00001_SA_NPB_3_i2.50729.50729.4	D:\SHARE\Tim\25-12-03_GD_Dataset\GD_dataset\NPB_3_i2\interact.pep.xml	NISDGFDGIPDNVDAALALPAHSYSGR	N[2975]ISDGFDGIPDNVDAALALPAHSYSGR	VLDPDYPR.NISDGFDGIPDNVDAALALPAHSYSGR.ERVYFFKG	R	E	27	4	4455.088	5633.3765	5633.331	1409.3514	1409.34	5632.3149	1409.0861	1.0161	0	46.234	6.774	1	0	2	0	242	268	0	1N(2861.0000)	NA	HexNAc(5)Hex(6)NeuAc(3) % 2861.0000	2.24	0	nISDGFDGIPDNVDAALALPAHSYSGR	N(45.00)I(0.00)S(0.00)D(0.00)G(0.00)F(0.00)D(0.00)G(0.00)I(0.00)P(0.00)D(0.00)N(0.00)V(0.00)D(0.00)A(0.00)A(0.00)L(0.00)A(0.00)L(0.00)P(0.00)A(0.00)H(0.00)S(0.00)Y(0.00)S(0.00)G(0.00)R(0.00)	N1	1	N(13.22)I(0.00)S(0.00)D(0.00)G(0.00)F(0.00)D(0.00)G(0.00)I(0.00)P(0.00)D(0.00)N(0.00)V(0.00)D(0.00)A(0.00)A(0.00)L(0.00)A(0.00)L(0.00)P(0.00)A(0.00)H(0.00)S(0.00)Y(0.00)S(0.00)G(0.00)R(0.00)	N(0)I(0)S(0)D(0)G(0)F(0)D(0)G(0)I(0)P(0)D(0)N(0)V(0)D(0)A(0)A(0)L(0)A(0)L(0)P(0)A(0)H(0)S(0)Y(0)S(0)G(0)R(0)	44.99734	12	0	0	46.234848	13	13.218031	0	0	0	0	FALSE	FALSE	TRUE	sp|P04004|VTNC_HUMAN	P04004	VTNC_HUMAN	VTN	Vitronectin			50699	0	0	0	0	0	0
240419_ES_R00006_MG_c00001_SA_NPB_3_i2.50768.50768.4	D:\SHARE\Tim\25-12-03_GD_Dataset\GD_dataset\NPB_3_i2\interact.pep.xml	NISDGFDGIPDNVDAALALPAHSYSGR	N[2975]ISDGFDGIPDNVDAALALPAHSYSGR	VLDPDYPR.NISDGFDGIPDNVDAALALPAHSYSGR.ERVYFFKG	R	E	27	4	4457.969	5632.347	5632.3296	1409.094	1409.0897	5632.3149	1409.0861	0.0146	0	44.498	7.657	1	0	2	0	242	268	0	1N(2861.0000)	NA	HexNAc(5)Hex(6)NeuAc(3) % 2861.0000	2.24	0	nISDGFDGIPDNVDAALALPAHSYSGR	N(42.73)I(0.00)S(0.00)D(0.00)G(0.00)F(0.00)D(0.00)G(0.00)I(0.00)P(0.00)D(0.00)N(0.00)V(0.00)D(0.00)A(0.00)A(0.00)L(0.00)A(0.00)L(0.00)P(0.00)A(0.00)H(0.00)S(0.00)Y(0.00)S(0.00)G(0.00)R(0.00)	N1	1	N(8.25)I(0.00)S(0.00)D(0.00)G(0.00)F(0.00)D(0.00)G(0.00)I(0.00)P(0.00)D(0.00)N(0.00)V(0.00)D(0.00)A(0.00)A(0.00)L(0.00)A(0.00)L(0.00)P(0.00)A(0.00)H(0.00)S(0.00)Y(0.00)S(0.00)G(0.00)R(0.00)	N(1)I(0)S(0)D(0)G(0)F(0)D(0)G(0)I(0)P(0)D(0)N(0)V(0)D(0)A(0)A(0)L(0)A(0)L(0)P(0)A(0)H(0)S(0)Y(0)S(0)G(0)R(0)	42.728867	15	0	0	44.49823	16	8.247913	1	0	0	0	FALSE	FALSE	TRUE	sp|P04004|VTNC_HUMAN	P04004	VTNC_HUMAN	VTN	Vitronectin			50747	0	0	0	0	0	0
240419_ES_R00006_MG_c00001_SA_NPB_3_i2.50769.50769.5	D:\SHARE\Tim\25-12-03_GD_Dataset\GD_dataset\NPB_3_i2\interact.pep.xml	NISDGFDGIPDNVDAALALPAHSYSGR	N[2830]ISDGFDGIPDNVDAALALPAHSYSGR	VLDPDYPR.NISDGFDGIPDNVDAALALPAHSYSGR.ERVYFFKG	R	E	27	5	4458.169	5487.288	5487.28	1098.4649	1098.4633	5487.2773	1098.4628	0.0024	0	60.505	12.453	1	0	2	0	242	268	751891070	1N(2715.9624)	NA	HexNAc(5)Hex(6)Fuc(1)NeuAc(2) % 2715.9625	3.6	0	nISDGFDGIPDNVDAALALPAHSYSGR	N(59.98)I(0.00)S(0.00)D(0.00)G(0.00)F(0.00)D(0.00)G(0.00)I(0.00)P(0.00)D(0.00)N(0.00)V(0.00)D(0.00)A(0.00)A(0.00)L(0.00)A(0.00)L(0.00)P(0.00)A(0.00)H(0.00)S(0.00)Y(0.00)S(0.00)G(0.00)R(0.00)	N1	1	N(12.27)I(0.00)S(0.00)D(0.00)G(0.00)F(0.00)D(0.00)G(0.00)I(0.00)P(0.00)D(0.00)N(0.00)V(0.00)D(0.00)A(0.00)A(0.00)L(0.00)A(0.00)L(0.00)P(0.00)A(0.00)H(0.00)S(0.00)Y(0.00)S(0.00)G(0.00)R(0.00)	N(2)I(0)S(0)D(0)G(0)F(0)D(0)G(0)I(0)P(0)D(0)N(0)V(0)D(0)A(0)A(0)L(0)A(0)L(0)P(0)A(0)H(0)S(0)Y(0)S(0)G(0)R(0)	59.9786	20	0	0	60.505676	20	12.26837	2	0	0	0	FALSE	FALSE	TRUE	sp|P04004|VTNC_HUMAN	P04004	VTNC_HUMAN	VTN	Vitronectin			50747	4475.9263	51008	4437.1934	4522.498	31.536001	40
240419_ES_R00006_MG_c00001_SA_NPB_3_i2.50784.50784.5	D:\SHARE\Tim\25-12-03_GD_Dataset\GD_dataset\NPB_3_i2\interact.pep.xml	NISDGFDGIPDNVDAALALPAHSYSGR	N[2975]ISDGFDGIPDNVDAALALPAHSYSGR	VLDPDYPR.NISDGFDGIPDNVDAALALPAHSYSGR.ERVYFFKG	R	E	27	5	4459.2188	5632.3477	5632.3364	1127.4768	1127.4746	5632.3149	1127.4703	0.0215	0	44.632	7.946	1	0	2	0	242	268	0	1N(2861.0000)	NA	HexNAc(5)Hex(6)NeuAc(3) % 2861.0000	1.81	0	nISDGFDGIPDNVDAALALPAHSYSGR	N(41.68)I(0.00)S(0.00)D(0.00)G(0.00)F(0.00)D(0.00)G(0.00)I(0.00)P(0.00)D(0.00)N(0.00)V(0.00)D(0.00)A(0.00)A(0.00)L(0.00)A(0.00)L(0.00)P(0.00)A(0.00)H(0.00)S(0.00)Y(0.00)S(0.00)G(0.00)R(0.00)	N1	1	N(10.76)I(0.00)S(0.00)D(0.00)G(0.00)F(0.00)D(0.00)G(0.00)I(0.00)P(0.00)D(0.00)N(0.00)V(0.00)D(0.00)A(0.00)A(0.00)L(0.00)A(0.00)L(0.00)P(0.00)A(0.00)H(0.00)S(0.00)Y(0.00)S(0.00)G(0.00)R(0.00)	N(0)I(0)S(0)D(0)G(0)F(0)D(0)G(0)I(0)P(0)D(0)N(0)V(0)D(0)A(0)A(0)L(0)A(0)L(0)P(0)A(0)H(0)S(0)Y(0)S(0)G(0)R(0)	41.67872	12	0	0	44.63269	14	10.764244	0	0	0	0	FALSE	FALSE	TRUE	sp|P04004|VTNC_HUMAN	P04004	VTNC_HUMAN	VTN	Vitronectin			50747	0	0	0	0	0	0
240419_ES_R00006_MG_c00001_SA_NPB_3_i2.50786.50786.5	D:\SHARE\Tim\25-12-03_GD_Dataset\GD_dataset\NPB_3_i2\interact.pep.xml	NISDGFDGIPDNVDAALALPAHSYSGR	N[2028]ISDGFDGIPDNVDAALALPAHSYSGR	VLDPDYPR.NISDGFDGIPDNVDAALALPAHSYSGR.ERVYFFKG	R	E	27	5	4459.3555	4686.972	4687.004	938.4017	938.4081	4684.9922	938.0057	2.0118	3.58E-07	21.599	8.368	1	0	2	0	242	268	0	1N(1913.6770)	NA	HexNAc(4)Hex(5)NeuAc(1) % 1913.6770	-1.22	0.001120448	nISDGFDGIPDNVDAALALPAHSYSGR	N(17.76)I(0.00)S(0.00)D(0.00)G(0.00)F(0.00)D(0.00)G(0.00)I(0.00)P(0.00)D(0.00)N(0.00)V(0.00)D(0.00)A(0.00)A(0.00)L(0.00)A(0.00)L(0.00)P(0.00)A(0.00)H(0.00)S(0.00)Y(0.00)S(0.00)G(0.00)R(0.00)	N1	1	N(2.04)I(0.00)S(0.00)D(0.00)G(0.00)F(0.00)D(0.00)G(0.00)I(0.00)P(0.00)D(0.00)N(0.00)V(0.00)D(0.00)A(0.00)A(0.00)L(0.00)A(0.00)L(0.00)P(0.00)A(0.00)H(0.00)S(0.00)Y(0.00)S(0.00)G(0.00)R(0.00)	N(0)I(0)S(0)D(0)G(0)F(0)D(0)G(0)I(0)P(0)D(0)N(0)V(0)D(0)A(0)A(0)L(0)A(0)L(0)P(0)A(0)H(0)S(0)Y(0)S(0)G(0)R(0)	17.760714	8	0	0	21.599949	10	2.0364037	0	0	0	0	FALSE	FALSE	TRUE	sp|P04004|VTNC_HUMAN	P04004	VTNC_HUMAN	VTN	Vitronectin			50747	0	0	0	0	0	0
240419_ES_R00006_MG_c00001_SA_NPB_3_i2.50787.50787.5	D:\SHARE\Tim\25-12-03_GD_Dataset\GD_dataset\NPB_3_i2\interact.pep.xml	NISDGFDGIPDNVDAALALPAHSYSGR	N[2684]ISDGFDGIPDNVDAALALPAHSYSGR	VLDPDYPR.NISDGFDGIPDNVDAALALPAHSYSGR.ERVYFFKG	R	E	27	5	4459.424	5341.2407	5341.223	1069.2554	1069.2519	5341.2197	1069.2512	0.0037	1.00E-14	43.521	8.442	1	0	2	0	242	268	0	1N(2569.9045)	NA	HexNAc(5)Hex(6)NeuAc(2) % 2569.9046	3.71	0	nISDGFDGIPDNVDAALALPAHSYSGR	N(43.29)I(0.00)S(0.00)D(0.00)G(0.00)F(0.00)D(0.00)G(0.00)I(0.00)P(0.00)D(0.00)N(0.00)V(0.00)D(0.00)A(0.00)A(0.00)L(0.00)A(0.00)L(0.00)P(0.00)A(0.00)H(0.00)S(0.00)Y(0.00)S(0.00)G(0.00)R(0.00)	N1	1	N(10.78)I(0.00)S(0.00)D(0.00)G(0.00)F(0.00)D(0.00)G(0.00)I(0.00)P(0.00)D(0.00)N(0.00)V(0.00)D(0.00)A(0.00)A(0.00)L(0.00)A(0.00)L(0.00)P(0.00)A(0.00)H(0.00)S(0.00)Y(0.00)S(0.00)G(0.00)R(0.00)	N(1)I(0)S(0)D(0)G(0)F(0)D(0)G(0)I(0)P(0)D(0)N(0)V(0)D(0)A(0)A(0)L(0)A(0)L(0)P(0)A(0)H(0)S(0)Y(0)S(0)G(0)R(0)	43.289482	14	0	0	43.52164	14	10.778385	1	0	0	0	FALSE	FALSE	TRUE	sp|P04004|VTNC_HUMAN	P04004	VTNC_HUMAN	VTN	Vitronectin			50747	0	0	0	0	0	0
240419_ES_R00006_MG_c00001_SA_NPB_3_i2.50795.50795.4	D:\SHARE\Tim\25-12-03_GD_Dataset\GD_dataset\NPB_3_i2\interact.pep.xml	NISDGFDGIPDNVDAALALPAHSYSGR	N[2028]ISDGFDGIPDNVDAALALPAHSYSGR	VLDPDYPR.NISDGFDGIPDNVDAALALPAHSYSGR.ERVYFFKG	R	E	27	4	4460.045	4684.985	4684.9746	1172.2535	1172.2509	4684.9922	1172.2554	-0.0175	1.35E-12	29.44	0	1	0	2	0	242	268	0	1N(1913.6770)	NA	HexNAc(4)Hex(5)NeuAc(1) % 1913.6770	-0.47	0	nISDGFDGIPDNVDAALALPAHSYSGR	N(26.39)I(0.00)S(0.00)D(0.00)G(0.00)F(0.00)D(0.00)G(0.00)I(0.00)P(0.00)D(0.00)N(0.00)V(0.00)D(0.00)A(0.00)A(0.00)L(0.00)A(0.00)L(0.00)P(0.00)A(0.00)H(0.00)S(0.00)Y(0.00)S(0.00)G(0.00)R(0.00)	N1	1	N(1.37)I(0.00)S(0.00)D(0.00)G(0.00)F(0.00)D(0.00)G(0.00)I(0.00)P(0.00)D(0.00)N(0.00)V(0.00)D(0.00)A(0.00)A(0.00)L(0.00)A(0.00)L(0.00)P(0.00)A(0.00)H(0.00)S(0.00)Y(0.00)S(0.00)G(0.00)R(0.00)	N(1)I(0)S(0)D(0)G(0)F(0)D(0)G(0)I(0)P(0)D(0)N(0)V(0)D(0)A(0)A(0)L(0)A(0)L(0)P(0)A(0)H(0)S(0)Y(0)S(0)G(0)R(0)	26.387905	13	0	0	29.440216	15	1.368385	1	0	0	0	FALSE	FALSE	TRUE	sp|P04004|VTNC_HUMAN	P04004	VTNC_HUMAN	VTN	Vitronectin			50767	0	0	0	0	0	0
240419_ES_R00006_MG_c00001_SA_NPB_3_i2.50803.50803.5	D:\SHARE\Tim\25-12-03_GD_Dataset\GD_dataset\NPB_3_i2\interact.pep.xml	NISDGFDGIPDNVDAALALPAHSYSGR	N[2684]ISDGFDGIPDNVDAALALPAHSYSGR	VLDPDYPR.NISDGFDGIPDNVDAALALPAHSYSGR.ERVYFFKG	R	E	27	5	4460.717	5341.2407	5341.223	1069.2554	1069.2519	5341.2197	1069.2512	0.0037	1.20E-09	38.941	10.215	1	0	2	0	242	268	856364290	1N(2569.9045)	NA	HexNAc(5)Hex(6)NeuAc(2) % 2569.9046	4.06	0	nISDGFDGIPDNVDAALALPAHSYSGR	N(36.07)I(0.00)S(0.00)D(0.00)G(0.00)F(0.00)D(0.00)G(0.00)I(0.00)P(0.00)D(0.00)N(0.00)V(0.00)D(0.00)A(0.00)A(0.00)L(0.00)A(0.00)L(0.00)P(0.00)A(0.00)H(0.00)S(0.00)Y(0.00)S(0.00)G(0.00)R(0.00)	N1	1	N(7.46)I(0.00)S(0.00)D(0.00)G(0.00)F(0.00)D(0.00)G(0.00)I(0.00)P(0.00)D(0.00)N(0.00)V(0.00)D(0.00)A(0.00)A(0.00)L(0.00)A(0.00)L(0.00)P(0.00)A(0.00)H(0.00)S(0.00)Y(0.00)S(0.00)G(0.00)R(0.00)	N(0)I(0)S(0)D(0)G(0)F(0)D(0)G(0)I(0)P(0)D(0)N(0)V(0)D(0)A(0)A(0)L(0)A(0)L(0)P(0)A(0)H(0)S(0)Y(0)S(0)G(0)R(0)	36.069183	12	0	0	38.94128	14	7.455303	0	0	0	0	FALSE	FALSE	TRUE	sp|P04004|VTNC_HUMAN	P04004	VTNC_HUMAN	VTN	Vitronectin			50767	4482.477	51096	4451.06	4528.9634	33.226	40
240419_ES_R00006_MG_c00001_SA_NPB_3_i2.50838.50838.5	D:\SHARE\Tim\25-12-03_GD_Dataset\GD_dataset\NPB_3_i2\interact.pep.xml	NISDGFDGIPDNVDAALALPAHSYSGR	N[2975]ISDGFDGIPDNVDAALALPAHSYSGR	VLDPDYPR.NISDGFDGIPDNVDAALALPAHSYSGR.ERVYFFKG	R	E	27	5	4463.341	5633.3604	5633.3496	1127.6794	1127.6772	5632.3149	1127.4703	1.0347	0	49.537	7.121	1	0	2	0	242	268	0	1N(2861.0000)	NA	HexNAc(5)Hex(6)NeuAc(3) % 2861.0000	2.13	0	nISDGFDGIPDNVDAALALPAHSYSGR	N(49.54)I(0.00)S(0.00)D(0.00)G(0.00)F(0.00)D(0.00)G(0.00)I(0.00)P(0.00)D(0.00)N(0.00)V(0.00)D(0.00)A(0.00)A(0.00)L(0.00)A(0.00)L(0.00)P(0.00)A(0.00)H(0.00)S(0.00)Y(0.00)S(0.00)G(0.00)R(0.00)	N1	1	N(12.56)I(0.00)S(0.00)D(0.00)G(0.00)F(0.00)D(0.00)G(0.00)I(0.00)P(0.00)D(0.00)N(0.00)V(0.00)D(0.00)A(0.00)A(0.00)L(0.00)A(0.00)L(0.00)P(0.00)A(0.00)H(0.00)S(0.00)Y(0.00)S(0.00)G(0.00)R(0.00)	N(1)I(0)S(0)D(0)G(0)F(0)D(0)G(0)I(0)P(0)D(0)N(0)V(0)D(0)A(0)A(0)L(0)A(0)L(0)P(0)A(0)H(0)S(0)Y(0)S(0)G(0)R(0)	49.537357	15	0	0	49.375206	15	12.564689	1	0	0	0	FALSE	FALSE	TRUE	sp|P04004|VTNC_HUMAN	P04004	VTNC_HUMAN	VTN	Vitronectin			50794	0	0	0	0	0	0
240419_ES_R00006_MG_c00001_SA_NPB_3_i2.50839.50839.3	D:\SHARE\Tim\25-12-03_GD_Dataset\GD_dataset\NPB_3_i2\interact.pep.xml	NISDGFDGIPDNVDAALALPAHSYSGR	N[2028]ISDGFDGIPDNVDAALALPAHSYSGR	VLDPDYPR.NISDGFDGIPDNVDAALALPAHSYSGR.ERVYFFKG	R	E	27	3	4463.409	4685.999	4685.996	1563.0069	1563.0059	4684.9922	1562.6714	1.0042	0	50.699	8.704	1	0	2	0	242	268	0	1N(1913.6770)	NA	HexNAc(4)Hex(5)NeuAc(1) % 1913.6770	3.72	0	nISDGFDGIPDNVDAALALPAHSYSGR	N(47.76)I(0.00)S(0.00)D(0.00)G(0.00)F(0.00)D(0.00)G(0.00)I(0.00)P(0.00)D(0.00)N(0.00)V(0.00)D(0.00)A(0.00)A(0.00)L(0.00)A(0.00)L(0.00)P(0.00)A(0.00)H(0.00)S(0.00)Y(0.00)S(0.00)G(0.00)R(0.00)	N1	1	N(10.62)I(0.00)S(0.00)D(0.00)G(0.00)F(0.00)D(0.00)G(0.00)I(0.00)P(0.00)D(0.00)N(0.00)V(0.00)D(0.00)A(0.00)A(0.00)L(0.00)A(0.00)L(0.00)P(0.00)A(0.00)H(0.00)S(0.00)Y(0.00)S(0.00)G(0.00)R(0.00)	N(0)I(0)S(0)D(0)G(0)F(0)D(0)G(0)I(0)P(0)D(0)N(0)V(0)D(0)A(0)A(0)L(0)A(0)L(0)P(0)A(0)H(0)S(0)Y(0)S(0)G(0)R(0)	47.76483	14	0	0	50.699112	16	10.6156845	0	0	0	0	FALSE	FALSE	TRUE	sp|P04004|VTNC_HUMAN	P04004	VTNC_HUMAN	VTN	Vitronectin			50794	0	0	0	0	0	0
240419_ES_R00006_MG_c00001_SA_NPB_3_i2.50859.50859.3	D:\SHARE\Tim\25-12-03_GD_Dataset\GD_dataset\NPB_3_i2\interact.pep.xml	NISDGFDGIPDNVDAALALPAHSYSGR	N[2028]ISDGFDGIPDNVDAALALPAHSYSGR	VLDPDYPR.NISDGFDGIPDNVDAALALPAHSYSGR.ERVYFFKG	R	E	27	3	4464.935	4684.9883	4684.9854	1562.67	1562.6691	4684.9922	1562.6714	-0.0066	1.31E-08	39.034	6.016	1	0	2	0	242	268	0	1N(1913.6770)	NA	HexNAc(4)Hex(5)NeuAc(1) % 1913.6770	1.63	0	nISDGFDGIPDNVDAALALPAHSYSGR	N(36.02)I(0.00)S(0.00)D(0.00)G(0.00)F(0.00)D(0.00)G(0.00)I(0.00)P(0.00)D(0.00)N(0.00)V(0.00)D(0.00)A(0.00)A(0.00)L(0.00)A(0.00)L(0.00)P(0.00)A(0.00)H(0.00)S(0.00)Y(0.00)S(0.00)G(0.00)R(0.00)	N1	1	N(3.76)I(0.00)S(0.00)D(0.00)G(0.00)F(0.00)D(0.00)G(0.00)I(0.00)P(0.00)D(0.00)N(0.00)V(0.00)D(0.00)A(0.00)A(0.00)L(0.00)A(0.00)L(0.00)P(0.00)A(0.00)H(0.00)S(0.00)Y(0.00)S(0.00)G(0.00)R(0.00)	N(0)I(0)S(0)D(0)G(0)F(0)D(0)G(0)I(0)P(0)D(0)N(0)V(0)D(0)A(0)A(0)L(0)A(0)L(0)P(0)A(0)H(0)S(0)Y(0)S(0)G(0)R(0)	36.023907	14	0	0	39.034233	16	3.756398	0	0	0	0	FALSE	FALSE	TRUE	sp|P04004|VTNC_HUMAN	P04004	VTNC_HUMAN	VTN	Vitronectin			50828	0	0	0	0	0	0
240419_ES_R00006_MG_c00001_SA_NPB_3_i2.50860.50860.5	D:\SHARE\Tim\25-12-03_GD_Dataset\GD_dataset\NPB_3_i2\interact.pep.xml	FEDGVLDPDYPRNISDGFDGIPDNVDAALALPAHSYSGR	FEDGVLDPDYPRN[2684]ISDGFDGIPDNVDAALALPAHSYSGR	FKGSQYWR.FEDGVLDPDYPRNISDGFDGIPDNVDAALALPAHSYSGR.ERVYFFKG	R	E	39	5	4465.0044	6746.9385	6746.8823	1350.395	1350.3837	6744.8555	1349.9784	2.0271	0	38.311	33.859	1	0	2	1	230	268	0	13N(2569.9045)	NA	HexNAc(5)Hex(6)NeuAc(2) % 2569.9046	-3.38	0.004178637	FEDGVLDPDYPRnISDGFDGIPDNVDAALALPAHSYSGR	F(0.00)E(0.00)D(0.00)G(0.00)V(0.00)L(0.00)D(0.00)P(0.00)D(0.00)Y(0.00)P(0.00)R(0.00)N(38.31)I(0.00)S(0.00)D(0.00)G(0.00)F(0.00)D(0.00)G(0.00)I(0.00)P(0.00)D(0.00)N(0.00)V(0.00)D(0.00)A(0.00)A(0.00)L(0.00)A(0.00)L(0.00)P(0.00)A(0.00)H(0.00)S(0.00)Y(0.00)S(0.00)G(0.00)R(0.00)	N13	1	F(0.00)E(0.00)D(0.00)G(0.00)V(0.00)L(0.00)D(0.00)P(0.00)D(0.00)Y(0.00)P(0.00)R(0.00)N(2.23)I(0.00)S(0.00)D(0.00)G(0.00)F(0.00)D(0.00)G(0.00)I(0.00)P(0.00)D(0.00)N(0.00)V(0.00)D(0.00)A(0.00)A(0.00)L(0.00)A(0.00)L(0.00)P(0.00)A(0.00)H(0.00)S(0.00)Y(0.00)S(0.00)G(0.00)R(0.00)	F(0)E(0)D(0)G(0)V(0)L(0)D(0)P(0)D(0)Y(0)P(0)R(0)N(0)I(0)S(0)D(0)G(0)F(0)D(0)G(0)I(0)P(0)D(0)N(0)V(0)D(0)A(0)A(0)L(0)A(0)L(0)P(0)A(0)H(0)S(0)Y(0)S(0)G(0)R(0)	38.311188	17	0	0	38.311188	17	2.228077	0	0	0	0	FALSE	FALSE	TRUE	sp|P04004|VTNC_HUMAN	P04004	VTNC_HUMAN	VTN	Vitronectin			50828	0	0	0	0	0	0
240419_ES_R00006_MG_c00001_SA_NPB_3_i2.50874.50874.4	D:\SHARE\Tim\25-12-03_GD_Dataset\GD_dataset\NPB_3_i2\interact.pep.xml	FEDGVLDPDYPRNISDGFDGIPDNVDAALALPAHSYSGR	FEDGVLDPDYPRN[2684]ISDGFDGIPDNVDAALALPAHSYSGR	FKGSQYWR.FEDGVLDPDYPRNISDGFDGIPDNVDAALALPAHSYSGR.ERVYFFKG	R	E	39	4	4465.96	6746.883	6746.883	1687.728	1687.728	6744.8555	1687.2212	2.0276	2.08E-07	34.228	30.305	1	0	2	1	230	268	0	13N(2569.9045)	NA	HexNAc(5)Hex(6)NeuAc(2) % 2569.9046	-3.29	0.004178637	FEDGVLDPDYPRnISDGFDGIPDNVDAALALPAHSYSGR	F(0.00)E(0.00)D(0.00)G(0.00)V(0.00)L(0.00)D(0.00)P(0.00)D(0.00)Y(0.00)P(0.00)R(0.00)N(34.23)I(0.00)S(0.00)D(0.00)G(0.00)F(0.00)D(0.00)G(0.00)I(0.00)P(0.00)D(0.00)N(0.00)V(0.00)D(0.00)A(0.00)A(0.00)L(0.00)A(0.00)L(0.00)P(0.00)A(0.00)H(0.00)S(0.00)Y(0.00)S(0.00)G(0.00)R(0.00)	N13	1	F(0.00)E(0.00)D(0.00)G(0.00)V(0.00)L(0.00)D(0.00)P(0.00)D(0.00)Y(0.00)P(0.00)R(0.00)N(0.00)I(0.00)S(0.00)D(0.00)G(0.00)F(0.00)D(0.00)G(0.00)I(0.00)P(0.00)D(0.00)N(0.00)V(0.00)D(0.00)A(0.00)A(0.00)L(0.00)A(0.00)L(0.00)P(0.00)A(0.00)H(0.00)S(0.00)Y(0.00)S(0.00)G(0.00)R(0.00)	F(0)E(0)D(0)G(0)V(0)L(0)D(0)P(0)D(0)Y(0)P(0)R(0)N(0)I(0)S(0)D(0)G(0)F(0)D(0)G(0)I(0)P(0)D(0)N(0)V(0)D(0)A(0)A(0)L(0)A(0)L(0)P(0)A(0)H(0)S(0)Y(0)S(0)G(0)R(0)	34.22822	16	0	0	34.22822	16	0	0	0	0	0	FALSE	FALSE	TRUE	sp|P04004|VTNC_HUMAN	P04004	VTNC_HUMAN	VTN	Vitronectin			50828	0	0	0	0	0	0
240419_ES_R00006_MG_c00001_SA_NPB_3_i2.50913.50913.5	D:\SHARE\Tim\25-12-03_GD_Dataset\GD_dataset\NPB_3_i2\interact.pep.xml	NISDGFDGIPDNVDAALALPAHSYSGR	N[2028]ISDGFDGIPDNVDAALALPAHSYSGR	VLDPDYPR.NISDGFDGIPDNVDAALALPAHSYSGR.ERVYFFKG	R	E	27	5	4468.8	4685.986	4685.979	938.2045	938.2031	4684.9922	938.0057	0.9869	3.93E-07	19.659	7.067	1	0	2	0	242	268	0	1N(1913.6770)	NA	HexNAc(4)Hex(5)NeuAc(1) % 1913.6770	-1.36	0.001120448	nISDGFDGIPDNVDAALALPAHSYSGR	N(17.90)I(0.00)S(0.00)D(0.00)G(0.00)F(0.00)D(0.00)G(0.00)I(0.00)P(0.00)D(0.00)N(0.00)V(0.00)D(0.00)A(0.00)A(0.00)L(0.00)A(0.00)L(0.00)P(0.00)A(0.00)H(0.00)S(0.00)Y(0.00)S(0.00)G(0.00)R(0.00)	N1	1	N(2.47)I(0.00)S(0.00)D(0.00)G(0.00)F(0.00)D(0.00)G(0.00)I(0.00)P(0.00)D(0.00)N(0.00)V(0.00)D(0.00)A(0.00)A(0.00)L(0.00)A(0.00)L(0.00)P(0.00)A(0.00)H(0.00)S(0.00)Y(0.00)S(0.00)G(0.00)R(0.00)	N(0)I(0)S(0)D(0)G(0)F(0)D(0)G(0)I(0)P(0)D(0)N(0)V(0)D(0)A(0)A(0)L(0)A(0)L(0)P(0)A(0)H(0)S(0)Y(0)S(0)G(0)R(0)	17.898188	8	0	0	19.659145	9	2.470385	0	0	0	0	FALSE	FALSE	TRUE	sp|P04004|VTNC_HUMAN	P04004	VTNC_HUMAN	VTN	Vitronectin			50854	0	0	0	0	0	0
240419_ES_R00006_MG_c00001_SA_NPB_3_i2.50934.50934.5	D:\SHARE\Tim\25-12-03_GD_Dataset\GD_dataset\NPB_3_i2\interact.pep.xml	NISDGFDGIPDNVDAALALPAHSYSGR	N[2319]ISDGFDGIPDNVDAALALPAHSYSGR	VLDPDYPR.NISDGFDGIPDNVDAALALPAHSYSGR.ERVYFFKG	R	E	27	5	4470.4062	4976.112	4976.0894	996.2297	996.2252	4976.0874	996.2248	0.002	3.29E-08	38.433	14.305	1	0	2	0	242	268	35756584	1N(2204.7725)	NA	HexNAc(4)Hex(5)NeuAc(2) % 2204.7724	5.05	0	nISDGFDGIPDNVDAALALPAHSYSGR	N(38.43)I(0.00)S(0.00)D(0.00)G(0.00)F(0.00)D(0.00)G(0.00)I(0.00)P(0.00)D(0.00)N(0.00)V(0.00)D(0.00)A(0.00)A(0.00)L(0.00)A(0.00)L(0.00)P(0.00)A(0.00)H(0.00)S(0.00)Y(0.00)S(0.00)G(0.00)R(0.00)	N1	1	N(13.65)I(0.00)S(0.00)D(0.00)G(0.00)F(0.00)D(0.00)G(0.00)I(0.00)P(0.00)D(0.00)N(0.00)V(0.00)D(0.00)A(0.00)A(0.00)L(0.00)A(0.00)L(0.00)P(0.00)A(0.00)H(0.00)S(0.00)Y(0.00)S(0.00)G(0.00)R(0.00)	N(1)I(0)S(0)D(0)G(0)F(0)D(0)G(0)I(0)P(0)D(0)N(0)V(0)D(0)A(0)A(0)L(0)A(0)L(0)P(0)A(0)H(0)S(0)Y(0)S(0)G(0)R(0)	38.433907	11	0	0	38.34224	11	13.651444	1	0	0	0	FALSE	FALSE	TRUE	sp|P04004|VTNC_HUMAN	P04004	VTNC_HUMAN	VTN	Vitronectin			50896	4488.928	51183	4456.409	4653.896	20.642	117
240419_ES_R00006_MG_c00001_SA_NPB_3_i2.50962.50962.5	D:\SHARE\Tim\25-12-03_GD_Dataset\GD_dataset\NPB_3_i2\interact.pep.xml	NISDGFDGIPDNVDAALALPAHSYSGR	N[2975]ISDGFDGIPDNVDAALALPAHSYSGR	VLDPDYPR.NISDGFDGIPDNVDAALALPAHSYSGR.ERVYFFKG	R	E	27	5	4472.5044	5634.3335	5634.33	1127.874	1127.8733	5632.3149	1127.4703	2.0151	9.00E-14	36.257	10.651	1	0	2	0	242	268	0	1N(2861.0000)	NA	HexNAc(5)Hex(6)NeuAc(3) % 2861.0000	3.24	0	nISDGFDGIPDNVDAALALPAHSYSGR	N(33.40)I(0.00)S(0.00)D(0.00)G(0.00)F(0.00)D(0.00)G(0.00)I(0.00)P(0.00)D(0.00)N(0.00)V(0.00)D(0.00)A(0.00)A(0.00)L(0.00)A(0.00)L(0.00)P(0.00)A(0.00)H(0.00)S(0.00)Y(0.00)S(0.00)G(0.00)R(0.00)	N1	1	N(7.53)I(0.00)S(0.00)D(0.00)G(0.00)F(0.00)D(0.00)G(0.00)I(0.00)P(0.00)D(0.00)N(0.00)V(0.00)D(0.00)A(0.00)A(0.00)L(0.00)A(0.00)L(0.00)P(0.00)A(0.00)H(0.00)S(0.00)Y(0.00)S(0.00)G(0.00)R(0.00)	N(0)I(0)S(0)D(0)G(0)F(0)D(0)G(0)I(0)P(0)D(0)N(0)V(0)D(0)A(0)A(0)L(0)A(0)L(0)P(0)A(0)H(0)S(0)Y(0)S(0)G(0)R(0)	33.39695	11	0	0	36.25744	13	7.525334	0	0	0	0	FALSE	FALSE	TRUE	sp|P04004|VTNC_HUMAN	P04004	VTNC_HUMAN	VTN	Vitronectin			50926	0	0	0	0	0	0
240419_ES_R00006_MG_c00001_SA_NPB_3_i2.50967.50967.3	D:\SHARE\Tim\25-12-03_GD_Dataset\GD_dataset\NPB_3_i2\interact.pep.xml	NISDGFDGIPDNVDAALALPAHSYSGR	N[2319]ISDGFDGIPDNVDAALALPAHSYSGR	VLDPDYPR.NISDGFDGIPDNVDAALALPAHSYSGR.ERVYFFKG	R	E	27	3	4472.8457	4977.062	4977.0815	1660.0279	1660.0344	4976.0874	1659.7031	0.9941	0	59.533	9.129	1	0	2	0	242	268	0	1N(2204.7725)	NA	HexNAc(4)Hex(5)NeuAc(2) % 2204.7724	3.67	0	nISDGFDGIPDNVDAALALPAHSYSGR	N(52.81)I(0.00)S(0.00)D(0.00)G(0.00)F(0.00)D(0.00)G(0.00)I(0.00)P(0.00)D(0.00)N(0.00)V(0.00)D(0.00)A(0.00)A(0.00)L(0.00)A(0.00)L(0.00)P(0.00)A(0.00)H(0.00)S(0.00)Y(0.00)S(0.00)G(0.00)R(0.00)	N1	1	N(9.56)I(0.00)S(0.00)D(0.00)G(0.00)F(0.00)D(0.00)G(0.00)I(0.00)P(0.00)D(0.00)N(0.00)V(0.00)D(0.00)A(0.00)A(0.00)L(0.00)A(0.00)L(0.00)P(0.00)A(0.00)H(0.00)S(0.00)Y(0.00)S(0.00)G(0.00)R(0.00)	N(1)I(0)S(0)D(0)G(0)F(0)D(0)G(0)I(0)P(0)D(0)N(0)V(0)D(0)A(0)A(0)L(0)A(0)L(0)P(0)A(0)H(0)S(0)Y(0)S(0)G(0)R(0)	52.80511	18	0	0	59.53377	22	9.562142	1	0	0	0	FALSE	FALSE	TRUE	sp|P04004|VTNC_HUMAN	P04004	VTNC_HUMAN	VTN	Vitronectin			50926	0	0	0	0	0	0
240419_ES_R00006_MG_c00001_SA_NPB_3_i2.50980.50980.4	D:\SHARE\Tim\25-12-03_GD_Dataset\GD_dataset\NPB_3_i2\interact.pep.xml	FEDGVLDPDYPRNISDGFDGIPDNVDAALALPAHSYSGR	FEDGVLDPDYPRN[2684]ISDGFDGIPDNVDAALALPAHSYSGR	FKGSQYWR.FEDGVLDPDYPRNISDGFDGIPDNVDAALALPAHSYSGR.ERVYFFKG	R	E	39	4	4473.908	6746.9194	6746.8887	1687.7371	1687.7295	6744.8555	1687.2212	2.0334	3.98E-07	32.099	25.339	1	0	2	1	230	268	0	13N(2569.9045)	NA	HexNAc(5)Hex(6)NeuAc(2) % 2569.9046	-3.52	0.005706874	FEDGVLDPDYPRnISDGFDGIPDNVDAALALPAHSYSGR	F(0.00)E(0.00)D(0.00)G(0.00)V(0.00)L(0.00)D(0.00)P(0.00)D(0.00)Y(0.00)P(0.00)R(0.00)N(32.10)I(0.00)S(0.00)D(0.00)G(0.00)F(0.00)D(0.00)G(0.00)I(0.00)P(0.00)D(0.00)N(0.00)V(0.00)D(0.00)A(0.00)A(0.00)L(0.00)A(0.00)L(0.00)P(0.00)A(0.00)H(0.00)S(0.00)Y(0.00)S(0.00)G(0.00)R(0.00)	N13	1	F(0.00)E(0.00)D(0.00)G(0.00)V(0.00)L(0.00)D(0.00)P(0.00)D(0.00)Y(0.00)P(0.00)R(0.00)N(2.26)I(0.00)S(0.00)D(0.00)G(0.00)F(0.00)D(0.00)G(0.00)I(0.00)P(0.00)D(0.00)N(0.00)V(0.00)D(0.00)A(0.00)A(0.00)L(0.00)A(0.00)L(0.00)P(0.00)A(0.00)H(0.00)S(0.00)Y(0.00)S(0.00)G(0.00)R(0.00)	F(0)E(0)D(0)G(0)V(0)L(0)D(0)P(0)D(0)Y(0)P(0)R(0)N(0)I(0)S(0)D(0)G(0)F(0)D(0)G(0)I(0)P(0)D(0)N(0)V(0)D(0)A(0)A(0)L(0)A(0)L(0)P(0)A(0)H(0)S(0)Y(0)S(0)G(0)R(0)	32.099957	14	0	0	32.099957	14	2.2606165	0	0	0	0	FALSE	FALSE	TRUE	sp|P04004|VTNC_HUMAN	P04004	VTNC_HUMAN	VTN	Vitronectin			50957	0	0	0	0	0	0
240419_ES_R00006_MG_c00001_SA_NPB_3_i2.50988.50988.3	D:\SHARE\Tim\25-12-03_GD_Dataset\GD_dataset\NPB_3_i2\interact.pep.xml	NISDGFDGIPDNVDAALALPAHSYSGR	N[2319]ISDGFDGIPDNVDAALALPAHSYSGR	VLDPDYPR.NISDGFDGIPDNVDAALALPAHSYSGR.ERVYFFKG	R	E	27	3	4474.454	4979.129	4979.1055	1660.7169	1660.7091	4976.0874	1659.7031	3.0181	2.39E-08	39.984	7.194	1	0	2	0	242	268	32674396	1N(2204.7725)	NA	HexNAc(4)Hex(5)NeuAc(2) % 2204.7724	0.97	0	nISDGFDGIPDNVDAALALPAHSYSGR	N(38.20)I(0.00)S(0.00)D(0.00)G(0.00)F(0.00)D(0.00)G(0.00)I(0.00)P(0.00)D(0.00)N(0.00)V(0.00)D(0.00)A(0.00)A(0.00)L(0.00)A(0.00)L(0.00)P(0.00)A(0.00)H(0.00)S(0.00)Y(0.00)S(0.00)G(0.00)R(0.00)	N1	1	N(7.85)I(0.00)S(0.00)D(0.00)G(0.00)F(0.00)D(0.00)G(0.00)I(0.00)P(0.00)D(0.00)N(0.00)V(0.00)D(0.00)A(0.00)A(0.00)L(0.00)A(0.00)L(0.00)P(0.00)A(0.00)H(0.00)S(0.00)Y(0.00)S(0.00)G(0.00)R(0.00)	N(1)I(0)S(0)D(0)G(0)F(0)D(0)G(0)I(0)P(0)D(0)N(0)V(0)D(0)A(0)A(0)L(0)A(0)L(0)P(0)A(0)H(0)S(0)Y(0)S(0)G(0)R(0)	38.195236	14	0	0	39.984116	15	7.852327	1	0	0	0	FALSE	FALSE	TRUE	sp|P04004|VTNC_HUMAN	P04004	VTNC_HUMAN	VTN	Vitronectin			50957	4499.103	51318	4469.787	4652.141	18.17	107
240419_ES_R00006_MG_c00001_SA_NPB_3_i2.50993.50993.5	D:\SHARE\Tim\25-12-03_GD_Dataset\GD_dataset\NPB_3_i2\interact.pep.xml	FEDGVLDPDYPRNISDGFDGIPDNVDAALALPAHSYSGR	FEDGVLDPDYPRN[2028]ISDGFDGIPDNVDAALALPAHSYSGR	FKGSQYWR.FEDGVLDPDYPRNISDGFDGIPDNVDAALALPAHSYSGR.ERVYFFKG	R	E	39	5	4474.796	6089.636	6089.6387	1218.9345	1218.935	6088.6279	1218.7329	1.0109	1.80E-13	44.286	8.479	1	0	2	1	230	268	0	13N(1913.6770)	NA	HexNAc(4)Hex(5)NeuAc(1) % 1913.6770	2.54	0	FEDGVLDPDYPRnISDGFDGIPDNVDAALALPAHSYSGR	F(0.00)E(0.00)D(0.00)G(0.00)V(0.00)L(0.00)D(0.00)P(0.00)D(0.00)Y(0.00)P(0.00)R(0.00)N(44.29)I(0.00)S(0.00)D(0.00)G(0.00)F(0.00)D(0.00)G(0.00)I(0.00)P(0.00)D(0.00)N(0.00)V(0.00)D(0.00)A(0.00)A(0.00)L(0.00)A(0.00)L(0.00)P(0.00)A(0.00)H(0.00)S(0.00)Y(0.00)S(0.00)G(0.00)R(0.00)	N13	1	F(0.00)E(0.00)D(0.00)G(0.00)V(0.00)L(0.00)D(0.00)P(0.00)D(0.00)Y(0.00)P(0.00)R(0.00)N(7.31)I(0.00)S(0.00)D(0.00)G(0.00)F(0.00)D(0.00)G(0.00)I(0.00)P(0.00)D(0.00)N(0.00)V(0.00)D(0.00)A(0.00)A(0.00)L(0.00)A(0.00)L(0.00)P(0.00)A(0.00)H(0.00)S(0.00)Y(0.00)S(0.00)G(0.00)R(0.00)	F(0)E(0)D(0)G(0)V(0)L(0)D(0)P(0)D(0)Y(0)P(0)R(0)N(0)I(0)S(0)D(0)G(0)F(0)D(0)G(0)I(0)P(0)D(0)N(0)V(0)D(0)A(0)A(0)L(0)A(0)L(0)P(0)A(0)H(0)S(0)Y(0)S(0)G(0)R(0)	44.286007	16	0	0	44.286007	16	7.311026	0	0	0	0	FALSE	FALSE	TRUE	sp|P04004|VTNC_HUMAN	P04004	VTNC_HUMAN	VTN	Vitronectin			50957	0	0	0	0	0	0
240419_ES_R00006_MG_c00001_SA_NPB_3_i2.51009.51009.5	D:\SHARE\Tim\25-12-03_GD_Dataset\GD_dataset\NPB_3_i2\interact.pep.xml	FEDGVLDPDYPRNISDGFDGIPDNVDAALALPAHSYSGR	FEDGVLDPDYPRN[2684]ISDGFDGIPDNVDAALALPAHSYSGR	FKGSQYWR.FEDGVLDPDYPRNISDGFDGIPDNVDAALALPAHSYSGR.ERVYFFKG	R	E	39	5	4475.9414	6744.8945	6744.8735	1349.9862	1349.982	6744.8555	1349.9784	0.0183	1.34E-08	38.986	0	1	0	2	1	230	268	0	13N(2569.9045)	NA	HexNAc(5)Hex(6)NeuAc(2) % 2569.9046	-1.75	0.001120448	FEDGVLDPDYPRnISDGFDGIPDNVDAALALPAHSYSGR	F(0.00)E(0.00)D(0.00)G(0.00)V(0.00)L(0.00)D(0.00)P(0.00)D(0.00)Y(0.00)P(0.00)R(0.00)N(38.99)I(0.00)S(0.00)D(0.00)G(0.00)F(0.00)D(0.00)G(0.00)I(0.00)P(0.00)D(0.00)N(0.00)V(0.00)D(0.00)A(0.00)A(0.00)L(0.00)A(0.00)L(0.00)P(0.00)A(0.00)H(0.00)S(0.00)Y(0.00)S(0.00)G(0.00)R(0.00)	N13	1	F(0.00)E(0.00)D(0.00)G(0.00)V(0.00)L(0.00)D(0.00)P(0.00)D(0.00)Y(0.00)P(0.00)R(0.00)N(3.23)I(0.00)S(0.00)D(0.00)G(0.00)F(0.00)D(0.00)G(0.00)I(0.00)P(0.00)D(0.00)N(0.00)V(0.00)D(0.00)A(0.00)A(0.00)L(0.00)A(0.00)L(0.00)P(0.00)A(0.00)H(0.00)S(0.00)Y(0.00)S(0.00)G(0.00)R(0.00)	F(0)E(0)D(0)G(0)V(0)L(0)D(0)P(0)D(0)Y(0)P(0)R(0)N(0)I(0)S(0)D(0)G(0)F(0)D(0)G(0)I(0)P(0)D(0)N(0)V(0)D(0)A(0)A(0)L(0)A(0)L(0)P(0)A(0)H(0)S(0)Y(0)S(0)G(0)R(0)	38.986023	15	0	0	38.986023	15	3.2344341	0	0	0	0	FALSE	FALSE	TRUE	sp|P04004|VTNC_HUMAN	P04004	VTNC_HUMAN	VTN	Vitronectin			50975	0	0	0	0	0	0
240419_ES_R00006_MG_c00001_SA_NPB_3_i2.51018.51018.3	D:\SHARE\Tim\25-12-03_GD_Dataset\GD_dataset\NPB_3_i2\interact.pep.xml	NISDGFDGIPDNVDAALALPAHSYSGR	N[2684]ISDGFDGIPDNVDAALALPAHSYSGR	VLDPDYPR.NISDGFDGIPDNVDAALALPAHSYSGR.ERVYFFKG	R	E	27	3	4476.682	5341.2573	5341.2407	1781.4264	1781.4208	5341.2197	1781.4139	0.0212	4.00E-14	46.738	7.295	1	0	2	0	242	268	158263360	1N(2569.9045)	NA	HexNAc(5)Hex(6)NeuAc(2) % 2569.9046	0.88	0	nISDGFDGIPDNVDAALALPAHSYSGR	N(43.53)I(0.00)S(0.00)D(0.00)G(0.00)F(0.00)D(0.00)G(0.00)I(0.00)P(0.00)D(0.00)N(0.00)V(0.00)D(0.00)A(0.00)A(0.00)L(0.00)A(0.00)L(0.00)P(0.00)A(0.00)H(0.00)S(0.00)Y(0.00)S(0.00)G(0.00)R(0.00)	N1	1	N(7.64)I(0.00)S(0.00)D(0.00)G(0.00)F(0.00)D(0.00)G(0.00)I(0.00)P(0.00)D(0.00)N(0.00)V(0.00)D(0.00)A(0.00)A(0.00)L(0.00)A(0.00)L(0.00)P(0.00)A(0.00)H(0.00)S(0.00)Y(0.00)S(0.00)G(0.00)R(0.00)	N(1)I(0)S(0)D(0)G(0)F(0)D(0)G(0)I(0)P(0)D(0)N(0)V(0)D(0)A(0)A(0)L(0)A(0)L(0)P(0)A(0)H(0)S(0)Y(0)S(0)G(0)R(0)	43.53137	16	0	0	46.738754	18	7.6416874	1	0	0	0	FALSE	FALSE	TRUE	sp|P04004|VTNC_HUMAN	P04004	VTNC_HUMAN	VTN	Vitronectin			50975	4492.646	51233	4467.5674	4516.9443	35.272003	23
240419_ES_R00006_MG_c00001_SA_NPB_3_i2.51023.51023.3	D:\SHARE\Tim\25-12-03_GD_Dataset\GD_dataset\NPB_3_i2\interact.pep.xml	NISDGFDGIPDNVDAALALPAHSYSGR	N[2028]ISDGFDGIPDNVDAALALPAHSYSGR	VLDPDYPR.NISDGFDGIPDNVDAALALPAHSYSGR.ERVYFFKG	R	E	27	3	4477.0234	4688.055	4688.0625	1563.6923	1563.6948	4684.9922	1562.6714	3.0706	0	40.785	6.45	1	0	2	0	242	268	0	1N(1913.6770)	NA	HexNAc(4)Hex(5)NeuAc(1) % 1913.6770	-2.6	0.001632209	nISDGFDGIPDNVDAALALPAHSYSGR	N(36.11)I(0.00)S(0.00)D(0.00)G(0.00)F(0.00)D(0.00)G(0.00)I(0.00)P(0.00)D(0.00)N(0.00)V(0.00)D(0.00)A(0.00)A(0.00)L(0.00)A(0.00)L(0.00)P(0.00)A(0.00)H(0.00)S(0.00)Y(0.00)S(0.00)G(0.00)R(0.00)	N1	1	N(4.01)I(0.00)S(0.00)D(0.00)G(0.00)F(0.00)D(0.00)G(0.00)I(0.00)P(0.00)D(0.00)N(0.00)V(0.00)D(0.00)A(0.00)A(0.00)L(0.00)A(0.00)L(0.00)P(0.00)A(0.00)H(0.00)S(0.00)Y(0.00)S(0.00)G(0.00)R(0.00)	N(0)I(0)S(0)D(0)G(0)F(0)D(0)G(0)I(0)P(0)D(0)N(0)V(0)D(0)A(0)A(0)L(0)A(0)L(0)P(0)A(0)H(0)S(0)Y(0)S(0)G(0)R(0)	36.108513	14	0	0	40.785126	17	4.009186	0	0	0	0	FALSE	FALSE	TRUE	sp|P04004|VTNC_HUMAN	P04004	VTNC_HUMAN	VTN	Vitronectin			50975	0	0	0	0	0	0
240419_ES_R00006_MG_c00001_SA_NPB_3_i2.51041.51041.3	D:\SHARE\Tim\25-12-03_GD_Dataset\GD_dataset\NPB_3_i2\interact.pep.xml	NISDGFDGIPDNVDAALALPAHSYSGR	N[2684]ISDGFDGIPDNVDAALALPAHSYSGR	VLDPDYPR.NISDGFDGIPDNVDAALALPAHSYSGR.ERVYFFKG	R	E	27	3	4478.4546	5341.232	5341.2344	1781.4179	1781.4187	5341.2197	1781.4139	0.0149	0	58.909	8.742	1	0	2	0	242	268	174684176	1N(2569.9045)	NA	HexNAc(5)Hex(6)NeuAc(2) % 2569.9046	1.87	0	nISDGFDGIPDNVDAALALPAHSYSGR	N(55.54)I(0.00)S(0.00)D(0.00)G(0.00)F(0.00)D(0.00)G(0.00)I(0.00)P(0.00)D(0.00)N(0.00)V(0.00)D(0.00)A(0.00)A(0.00)L(0.00)A(0.00)L(0.00)P(0.00)A(0.00)H(0.00)S(0.00)Y(0.00)S(0.00)G(0.00)R(0.00)	N1	1	N(8.75)I(0.00)S(0.00)D(0.00)G(0.00)F(0.00)D(0.00)G(0.00)I(0.00)P(0.00)D(0.00)N(0.00)V(0.00)D(0.00)A(0.00)A(0.00)L(0.00)A(0.00)L(0.00)P(0.00)A(0.00)H(0.00)S(0.00)Y(0.00)S(0.00)G(0.00)R(0.00)	N(1)I(0)S(0)D(0)G(0)F(0)D(0)G(0)I(0)P(0)D(0)N(0)V(0)D(0)A(0)A(0)L(0)A(0)L(0)P(0)A(0)H(0)S(0)Y(0)S(0)G(0)R(0)	55.539326	19	0	0	58.909767	21	8.748717	1	0	0	0	FALSE	FALSE	TRUE	sp|P04004|VTNC_HUMAN	P04004	VTNC_HUMAN	VTN	Vitronectin			51008	4490.5884	51205	4469.787	4519.9893	33.367	22
240419_ES_R00006_MG_c00001_SA_NPB_3_i2.51043.51043.4	D:\SHARE\Tim\25-12-03_GD_Dataset\GD_dataset\NPB_3_i2\interact.pep.xml	FEDGVLDPDYPRNISDGFDGIPDNVDAALALPAHSYSGR	FEDGVLDPDYPRN[2684]ISDGFDGIPDNVDAALALPAHSYSGR	FKGSQYWR.FEDGVLDPDYPRNISDGFDGIPDNVDAALALPAHSYSGR.ERVYFFKG	R	E	39	4	4478.591	6744.8975	6744.8975	1687.2317	1687.2317	6744.8555	1687.2212	0.0422	6.94E-07	31.134	0	1	0	2	1	230	268	0	13N(2569.9045)	NA	HexNAc(5)Hex(6)NeuAc(2) % 2569.9046	-2.45	0.001632209	FEDGVLDPDYPRnISDGFDGIPDNVDAALALPAHSYSGR	F(0.00)E(0.00)D(0.00)G(0.00)V(0.00)L(0.00)D(0.00)P(0.00)D(0.00)Y(0.00)P(0.00)R(0.00)N(31.13)I(0.00)S(0.00)D(0.00)G(0.00)F(0.00)D(0.00)G(0.00)I(0.00)P(0.00)D(0.00)N(0.00)V(0.00)D(0.00)A(0.00)A(0.00)L(0.00)A(0.00)L(0.00)P(0.00)A(0.00)H(0.00)S(0.00)Y(0.00)S(0.00)G(0.00)R(0.00)	N13	1	F(0.00)E(0.00)D(0.00)G(0.00)V(0.00)L(0.00)D(0.00)P(0.00)D(0.00)Y(0.00)P(0.00)R(0.00)N(4.78)I(0.00)S(0.00)D(0.00)G(0.00)F(0.00)D(0.00)G(0.00)I(0.00)P(0.00)D(0.00)N(0.00)V(0.00)D(0.00)A(0.00)A(0.00)L(0.00)A(0.00)L(0.00)P(0.00)A(0.00)H(0.00)S(0.00)Y(0.00)S(0.00)G(0.00)R(0.00)	F(0)E(0)D(0)G(0)V(0)L(0)D(0)P(0)D(0)Y(0)P(0)R(0)N(0)I(0)S(0)D(0)G(0)F(0)D(0)G(0)I(0)P(0)D(0)N(0)V(0)D(0)A(0)A(0)L(0)A(0)L(0)P(0)A(0)H(0)S(0)Y(0)S(0)G(0)R(0)	31.134945	11	0	0	31.134945	11	4.7794094	0	0	0	0	FALSE	FALSE	TRUE	sp|P04004|VTNC_HUMAN	P04004	VTNC_HUMAN	VTN	Vitronectin			51008	0	0	0	0	0	0
240419_ES_R00006_MG_c00001_SA_NPB_3_i2.51057.51057.5	D:\SHARE\Tim\25-12-03_GD_Dataset\GD_dataset\NPB_3_i2\interact.pep.xml	FEDGVLDPDYPRNISDGFDGIPDNVDAALALPAHSYSGR	FEDGVLDPDYPRN[2174]ISDGFDGIPDNVDAALALPAHSYSGR	FKGSQYWR.FEDGVLDPDYPRNISDGFDGIPDNVDAALALPAHSYSGR.ERVYFFKG	R	E	39	5	4479.57	6234.6367	6234.68	1247.9346	1247.9433	6234.6855	1247.9445	-0.0054	0.01189871	14.198	5.701	0.9956	0	2	1	230	268	0	13N(2059.7349)	NA	HexNAc(4)Hex(5)Fuc(1)NeuAc(1) % 2059.7349	-1.51	0.001120448	FEDGVLDPDYPRnISDGFDGIPDNVDAALALPAHSYSGR	F(0.00)E(0.00)D(0.00)G(0.00)V(0.00)L(0.00)D(0.00)P(0.00)D(0.00)Y(0.00)P(0.00)R(0.00)N(14.20)I(0.00)S(0.00)D(0.00)G(0.00)F(0.00)D(0.00)G(0.00)I(0.00)P(0.00)D(0.00)N(0.00)V(0.00)D(0.00)A(0.00)A(0.00)L(0.00)A(0.00)L(0.00)P(0.00)A(0.00)H(0.00)S(0.00)Y(0.00)S(0.00)G(0.00)R(0.00)	N13	1	F(0.00)E(0.00)D(0.00)G(0.00)V(0.00)L(0.00)D(0.00)P(0.00)D(0.00)Y(0.00)P(0.00)R(0.00)N(0.00)I(0.00)S(0.00)D(0.00)G(0.00)F(0.00)D(0.00)G(0.00)I(0.00)P(0.00)D(0.00)N(0.00)V(0.00)D(0.00)A(0.00)A(0.00)L(0.00)A(0.00)L(0.00)P(0.00)A(0.00)H(0.00)S(0.00)Y(0.00)S(0.00)G(0.00)R(0.00)	F(0)E(0)D(0)G(0)V(0)L(0)D(0)P(0)D(0)Y(0)P(0)R(0)N(0)I(0)S(0)D(0)G(0)F(0)D(0)G(0)I(0)P(0)D(0)N(0)V(0)D(0)A(0)A(0)L(0)A(0)L(0)P(0)A(0)H(0)S(0)Y(0)S(0)G(0)R(0)	14.198512	8	0	0	14.198512	8	0	0	0	0	0	FALSE	FALSE	TRUE	sp|P04004|VTNC_HUMAN	P04004	VTNC_HUMAN	VTN	Vitronectin			51008	0	0	0	0	0	0
240419_ES_R00006_MG_c00001_SA_NPB_3_i2.51103.51103.4	D:\SHARE\Tim\25-12-03_GD_Dataset\GD_dataset\NPB_3_i2\interact.pep.xml	NNATVHEQVGGPSLTSDLQAQSK	NN[2319]ATVHEQVGGPSLTSDLQAQSK	VYDDGEEK.NNATVHEQVGGPSLTSDLQAQSK.GNPEQTPV	K	G	23	4	4483.031	4584.9487	4584.9297	1147.2445	1147.2397	4584.9346	1147.241	-0.0046	0.000189234	23.392	8.094	1	0	2	0	85	107	35196168	2N(2204.7725)	NA	HexNAc(4)Hex(5)NeuAc(2) % 2204.7724	5.45	0	NnATVHEQVGGPSLTSDLQAQSK	N(0.00)N(20.68)A(0.00)T(0.00)V(0.00)H(0.00)E(0.00)Q(0.00)V(0.00)G(0.00)G(0.00)P(0.00)S(0.00)L(0.00)T(0.00)S(0.00)D(0.00)L(0.00)Q(0.00)A(0.00)Q(0.00)S(0.00)K(0.00)	N2	1	N(0.00)N(8.58)A(0.00)T(0.00)V(0.00)H(0.00)E(0.00)Q(0.00)V(0.00)G(0.00)G(0.00)P(0.00)S(0.00)L(0.00)T(0.00)S(0.00)D(0.00)L(0.00)Q(0.00)A(0.00)Q(0.00)S(0.00)K(0.00)	N(0)N(0)A(0)T(0)V(0)H(0)E(0)Q(0)V(0)G(0)G(0)P(0)S(0)L(0)T(0)S(0)D(0)L(0)Q(0)A(0)Q(0)S(0)K(0)	20.680513	6	0	0	23.392555	8	8.582846	0	0	0	0	FALSE	FALSE	FALSE	sp|P04004|VTNC_HUMAN	P04004	VTNC_HUMAN	VTN	Vitronectin		tr|F5GX75|F5GX75_HUMAN	51072	4492.646	51233	4198.6533	4514.1733	10.654	163
240419_ES_R00006_MG_c00001_SA_NPB_3_i2.51132.51132.3	D:\SHARE\Tim\25-12-03_GD_Dataset\GD_dataset\NPB_3_i2\interact.pep.xml	NISDGFDGIPDNVDAALALPAHSYSGR	N[2319]ISDGFDGIPDNVDAALALPAHSYSGR	VLDPDYPR.NISDGFDGIPDNVDAALALPAHSYSGR.ERVYFFKG	R	E	27	3	4485.191	4978.1274	4978.102	1660.3831	1660.3746	4976.0874	1659.7031	2.0146	0	51.671	9.001	1	0	2	0	242	268	0	1N(2204.7725)	NA	HexNAc(4)Hex(5)NeuAc(2) % 2204.7724	2.48	0	nISDGFDGIPDNVDAALALPAHSYSGR	N(49.94)I(0.00)S(0.00)D(0.00)G(0.00)F(0.00)D(0.00)G(0.00)I(0.00)P(0.00)D(0.00)N(0.00)V(0.00)D(0.00)A(0.00)A(0.00)L(0.00)A(0.00)L(0.00)P(0.00)A(0.00)H(0.00)S(0.00)Y(0.00)S(0.00)G(0.00)R(0.00)	N1	1	N(9.48)I(0.00)S(0.00)D(0.00)G(0.00)F(0.00)D(0.00)G(0.00)I(0.00)P(0.00)D(0.00)N(0.00)V(0.00)D(0.00)A(0.00)A(0.00)L(0.00)A(0.00)L(0.00)P(0.00)A(0.00)H(0.00)S(0.00)Y(0.00)S(0.00)G(0.00)R(0.00)	N(1)I(0)S(0)D(0)G(0)F(0)D(0)G(0)I(0)P(0)D(0)N(0)V(0)D(0)A(0)A(0)L(0)A(0)L(0)P(0)A(0)H(0)S(0)Y(0)S(0)G(0)R(0)	49.942024	17	0	0	51.671688	18	9.48403	1	0	0	0	FALSE	FALSE	TRUE	sp|P04004|VTNC_HUMAN	P04004	VTNC_HUMAN	VTN	Vitronectin			51096	0	0	0	0	0	0
240419_ES_R00006_MG_c00001_SA_NPB_3_i2.51133.51133.4	D:\SHARE\Tim\25-12-03_GD_Dataset\GD_dataset\NPB_3_i2\interact.pep.xml	NNATVHEQVGGPSLTSDLQAQSK	NN[2319]ATVHEQVGGPSLTSDLQAQSK	VYDDGEEK.NNATVHEQVGGPSLTSDLQAQSK.GNPEQTPV	K	G	23	4	4485.2593	4585.9487	4585.939	1147.4945	1147.492	4584.9346	1147.241	1.0046	0.000403181	22.078	0	1	0	2	0	85	107	35196168	2N(2204.7725)	NA	HexNAc(4)Hex(5)NeuAc(2) % 2204.7724	5.92	0	NnATVHEQVGGPSLTSDLQAQSK	N(0.00)N(20.74)A(0.00)T(0.00)V(0.00)H(0.00)E(0.00)Q(0.00)V(0.00)G(0.00)G(0.00)P(0.00)S(0.00)L(0.00)T(0.00)S(0.00)D(0.00)L(0.00)Q(0.00)A(0.00)Q(0.00)S(0.00)K(0.00)	N2	1	N(0.00)N(10.29)A(0.00)T(0.00)V(0.00)H(0.00)E(0.00)Q(0.00)V(0.00)G(0.00)G(0.00)P(0.00)S(0.00)L(0.00)T(0.00)S(0.00)D(0.00)L(0.00)Q(0.00)A(0.00)Q(0.00)S(0.00)K(0.00)	N(0)N(0)A(0)T(0)V(0)H(0)E(0)Q(0)V(0)G(0)G(0)P(0)S(0)L(0)T(0)S(0)D(0)L(0)Q(0)A(0)Q(0)S(0)K(0)	20.741995	5	0	0	22.078836	6	10.285958	0	0	0	0	FALSE	FALSE	FALSE	sp|P04004|VTNC_HUMAN	P04004	VTNC_HUMAN	VTN	Vitronectin		tr|F5GX75|F5GX75_HUMAN	51096	4492.646	51233	4198.6533	4514.1733	10.654	163
240419_ES_R00006_MG_c00001_SA_NPB_3_i2.51137.51137.4	D:\SHARE\Tim\25-12-03_GD_Dataset\GD_dataset\NPB_3_i2\interact.pep.xml	FEDGVLDPDYPRNISDGFDGIPDNVDAALALPAHSYSGR	FEDGVLDPDYPRN[2684]ISDGFDGIPDNVDAALALPAHSYSGR	FKGSQYWR.FEDGVLDPDYPRNISDGFDGIPDNVDAALALPAHSYSGR.ERVYFFKG	R	E	39	4	4485.5317	6746.817	6746.829	1687.7115	1687.7145	6744.8555	1687.2212	1.9739	0.002787726	18.719	0	0.9725	0.000230947	2	1	230	268	0	13N(2569.9045)	NA	HexNAc(5)Hex(6)NeuAc(2) % 2569.9046	-5.59	0.025911708	FEDGVLDPDYPRnISDGFDGIPDNVDAALALPAHSYSGR	F(0.00)E(0.00)D(0.00)G(0.00)V(0.00)L(0.00)D(0.00)P(0.00)D(0.00)Y(0.00)P(0.00)R(0.00)N(18.72)I(0.00)S(0.00)D(0.00)G(0.00)F(0.00)D(0.00)G(0.00)I(0.00)P(0.00)D(0.00)N(0.00)V(0.00)D(0.00)A(0.00)A(0.00)L(0.00)A(0.00)L(0.00)P(0.00)A(0.00)H(0.00)S(0.00)Y(0.00)S(0.00)G(0.00)R(0.00)	N13	1	F(0.00)E(0.00)D(0.00)G(0.00)V(0.00)L(0.00)D(0.00)P(0.00)D(0.00)Y(0.00)P(0.00)R(0.00)N(0.00)I(0.00)S(0.00)D(0.00)G(0.00)F(0.00)D(0.00)G(0.00)I(0.00)P(0.00)D(0.00)N(0.00)V(0.00)D(0.00)A(0.00)A(0.00)L(0.00)A(0.00)L(0.00)P(0.00)A(0.00)H(0.00)S(0.00)Y(0.00)S(0.00)G(0.00)R(0.00)	F(0)E(0)D(0)G(0)V(0)L(0)D(0)P(0)D(0)Y(0)P(0)R(0)N(0)I(0)S(0)D(0)G(0)F(0)D(0)G(0)I(0)P(0)D(0)N(0)V(0)D(0)A(0)A(0)L(0)A(0)L(0)P(0)A(0)H(0)S(0)Y(0)S(0)G(0)R(0)	18.719345	9	0	0	18.719345	9	0	0	0	0	0	FALSE	FALSE	TRUE	sp|P04004|VTNC_HUMAN	P04004	VTNC_HUMAN	VTN	Vitronectin			51096	0	0	0	0	0	0
240419_ES_R00006_MG_c00001_SA_NPB_3_i2.51167.51167.3	D:\SHARE\Tim\25-12-03_GD_Dataset\GD_dataset\NPB_3_i2\interact.pep.xml	NISDGFDGIPDNVDAALALPAHSYSGR	N[2319]ISDGFDGIPDNVDAALALPAHSYSGR	VLDPDYPR.NISDGFDGIPDNVDAALALPAHSYSGR.ERVYFFKG	R	E	27	3	4487.7427	4976.0728	4976.0728	1659.6982	1659.6982	4976.0874	1659.7031	-0.0146	0	61.111	9.13	1	0	2	0	242	268	0	1N(2204.7725)	NA	HexNAc(4)Hex(5)NeuAc(2) % 2204.7724	3.56	0	nISDGFDGIPDNVDAALALPAHSYSGR	N(55.81)I(0.00)S(0.00)D(0.00)G(0.00)F(0.00)D(0.00)G(0.00)I(0.00)P(0.00)D(0.00)N(0.00)V(0.00)D(0.00)A(0.00)A(0.00)L(0.00)A(0.00)L(0.00)P(0.00)A(0.00)H(0.00)S(0.00)Y(0.00)S(0.00)G(0.00)R(0.00)	N1	1	N(13.07)I(0.00)S(0.00)D(0.00)G(0.00)F(0.00)D(0.00)G(0.00)I(0.00)P(0.00)D(0.00)N(0.00)V(0.00)D(0.00)A(0.00)A(0.00)L(0.00)A(0.00)L(0.00)P(0.00)A(0.00)H(0.00)S(0.00)Y(0.00)S(0.00)G(0.00)R(0.00)	N(1)I(0)S(0)D(0)G(0)F(0)D(0)G(0)I(0)P(0)D(0)N(0)V(0)D(0)A(0)A(0)L(0)A(0)L(0)P(0)A(0)H(0)S(0)Y(0)S(0)G(0)R(0)	55.807392	17	0	0	61.111496	20	13.07229	1	0	0	0	FALSE	FALSE	TRUE	sp|P04004|VTNC_HUMAN	P04004	VTNC_HUMAN	VTN	Vitronectin			51127	0	0	0	0	0	0
240419_ES_R00006_MG_c00001_SA_NPB_3_i2.51172.51172.5	D:\SHARE\Tim\25-12-03_GD_Dataset\GD_dataset\NPB_3_i2\interact.pep.xml	FEDGVLDPDYPRNISDGFDGIPDNVDAALALPAHSYSGR	FEDGVLDPDYPRN[2174]ISDGFDGIPDNVDAALALPAHSYSGR	FKGSQYWR.FEDGVLDPDYPRNISDGFDGIPDNVDAALALPAHSYSGR.ERVYFFKG	R	E	39	5	4488.0835	6234.659	6234.6807	1247.9391	1247.9434	6234.6855	1247.9445	-0.0049	5.03E-07	32.695	12.116	1	0	2	1	230	268	1112772990	13N(2059.7349)	NA	HexNAc(4)Hex(5)Fuc(1)NeuAc(1) % 2059.7349	2.03	0	FEDGVLDPDYPRnISDGFDGIPDNVDAALALPAHSYSGR	F(0.00)E(0.00)D(0.00)G(0.00)V(0.00)L(0.00)D(0.00)P(0.00)D(0.00)Y(0.00)P(0.00)R(0.00)N(32.62)I(0.00)S(0.00)D(0.00)G(0.00)F(0.00)D(0.00)G(0.00)I(0.00)P(0.00)D(0.00)N(0.00)V(0.00)D(0.00)A(0.00)A(0.00)L(0.00)A(0.00)L(0.00)P(0.00)A(0.00)H(0.00)S(0.00)Y(0.00)S(0.00)G(0.00)R(0.00)	N13	1	F(0.00)E(0.00)D(0.00)G(0.00)V(0.00)L(0.00)D(0.00)P(0.00)D(0.00)Y(0.00)P(0.00)R(0.00)N(6.47)I(0.00)S(0.00)D(0.00)G(0.00)F(0.00)D(0.00)G(0.00)I(0.00)P(0.00)D(0.00)N(0.00)V(0.00)D(0.00)A(0.00)A(0.00)L(0.00)A(0.00)L(0.00)P(0.00)A(0.00)H(0.00)S(0.00)Y(0.00)S(0.00)G(0.00)R(0.00)	F(0)E(0)D(0)G(0)V(0)L(0)D(0)P(0)D(0)Y(0)P(0)R(0)N(1)I(0)S(0)D(0)G(0)F(0)D(0)G(0)I(0)P(0)D(0)N(0)V(0)D(0)A(0)A(0)L(0)A(0)L(0)P(0)A(0)H(0)S(0)Y(0)S(0)G(0)R(0)	32.621067	13	0	0	32.695747	13	6.4734225	1	0	0	0	FALSE	FALSE	TRUE	sp|P04004|VTNC_HUMAN	P04004	VTNC_HUMAN	VTN	Vitronectin			51127	4506.9834	51419	4473.494	4523.333	16.463001	27
240419_ES_R00006_MG_c00001_SA_NPB_3_i2.51206.51206.4	D:\SHARE\Tim\25-12-03_GD_Dataset\GD_dataset\NPB_3_i2\interact.pep.xml	FEDGVLDPDYPRNISDGFDGIPDNVDAALALPAHSYSGR	FEDGVLDPDYPRN[2174]ISDGFDGIPDNVDAALALPAHSYSGR	FKGSQYWR.FEDGVLDPDYPRNISDGFDGIPDNVDAALALPAHSYSGR.ERVYFFKG	R	E	39	4	4490.603	6234.684	6234.6885	1559.6783	1559.6794	6234.6855	1559.6787	0.0029	1.36E-08	38.969	0	1	0	2	1	230	268	1221656960	13N(2059.7349)	NA	HexNAc(4)Hex(5)Fuc(1)NeuAc(1) % 2059.7349	1.99	0	FEDGVLDPDYPRnISDGFDGIPDNVDAALALPAHSYSGR	F(0.00)E(0.00)D(0.00)G(0.00)V(0.00)L(0.00)D(0.00)P(0.00)D(0.00)Y(0.00)P(0.00)R(0.00)N(38.97)I(0.00)S(0.00)D(0.00)G(0.00)F(0.00)D(0.00)G(0.00)I(0.00)P(0.00)D(0.00)N(0.00)V(0.00)D(0.00)A(0.00)A(0.00)L(0.00)A(0.00)L(0.00)P(0.00)A(0.00)H(0.00)S(0.00)Y(0.00)S(0.00)G(0.00)R(0.00)	N13	1	F(0.00)E(0.00)D(0.00)G(0.00)V(0.00)L(0.00)D(0.00)P(0.00)D(0.00)Y(0.00)P(0.00)R(0.00)N(4.75)I(0.00)S(0.00)D(0.00)G(0.00)F(0.00)D(0.00)G(0.00)I(0.00)P(0.00)D(0.00)N(0.00)V(0.00)D(0.00)A(0.00)A(0.00)L(0.00)A(0.00)L(0.00)P(0.00)A(0.00)H(0.00)S(0.00)Y(0.00)S(0.00)G(0.00)R(0.00)	F(0)E(0)D(0)G(0)V(0)L(0)D(0)P(0)D(0)Y(0)P(0)R(0)N(0)I(0)S(0)D(0)G(0)F(0)D(0)G(0)I(0)P(0)D(0)N(0)V(0)D(0)A(0)A(0)L(0)A(0)L(0)P(0)A(0)H(0)S(0)Y(0)S(0)G(0)R(0)	38.969307	14	0	0	38.969307	14	4.7495823	0	0	0	0	FALSE	FALSE	TRUE	sp|P04004|VTNC_HUMAN	P04004	VTNC_HUMAN	VTN	Vitronectin			51183	4503.2534	51369	4482.477	4523.333	19.561	22
240419_ES_R00006_MG_c00001_SA_NPB_3_i2.51207.51207.4	D:\SHARE\Tim\25-12-03_GD_Dataset\GD_dataset\NPB_3_i2\interact.pep.xml	NISDGFDGIPDNVDAALALPAHSYSGR	N[2028]ISDGFDGIPDNVDAALALPAHSYSGR	VLDPDYPR.NISDGFDGIPDNVDAALALPAHSYSGR.ERVYFFKG	R	E	27	4	4490.7974	4686.04	4685.9863	1172.5173	1172.5039	4684.9922	1172.2554	0.9943	0	49.363	9.469	1	0	2	0	242	268	24967998	1N(1913.6770)	NA	HexNAc(4)Hex(5)NeuAc(1) % 1913.6770	2.24	0	nISDGFDGIPDNVDAALALPAHSYSGR	N(46.12)I(0.00)S(0.00)D(0.00)G(0.00)F(0.00)D(0.00)G(0.00)I(0.00)P(0.00)D(0.00)N(0.00)V(0.00)D(0.00)A(0.00)A(0.00)L(0.00)A(0.00)L(0.00)P(0.00)A(0.00)H(0.00)S(0.00)Y(0.00)S(0.00)G(0.00)R(0.00)	N1	1	N(10.72)I(0.00)S(0.00)D(0.00)G(0.00)F(0.00)D(0.00)G(0.00)I(0.00)P(0.00)D(0.00)N(0.00)V(0.00)D(0.00)A(0.00)A(0.00)L(0.00)A(0.00)L(0.00)P(0.00)A(0.00)H(0.00)S(0.00)Y(0.00)S(0.00)G(0.00)R(0.00)	N(1)I(0)S(0)D(0)G(0)F(0)D(0)G(0)I(0)P(0)D(0)N(0)V(0)D(0)A(0)A(0)L(0)A(0)L(0)P(0)A(0)H(0)S(0)Y(0)S(0)G(0)R(0)	46.12024	15	0	0	49.363117	17	10.71772	1	0	0	0	FALSE	FALSE	TRUE	sp|P04004|VTNC_HUMAN	P04004	VTNC_HUMAN	VTN	Vitronectin			51183	4492.646	51233	4482.477	4496.331	9.275001	3
240419_ES_R00006_MG_c00001_SA_NPB_3_i2.51234.51234.4	D:\SHARE\Tim\25-12-03_GD_Dataset\GD_dataset\NPB_3_i2\interact.pep.xml	NISDGFDGIPDNVDAALALPAHSYSGR	N[2465]ISDGFDGIPDNVDAALALPAHSYSGR	VLDPDYPR.NISDGFDGIPDNVDAALALPAHSYSGR.ERVYFFKG	R	E	27	4	4492.661	5122.151	5122.141	1281.545	1281.5425	5122.1455	1281.5437	-0.0042	5.82E-12	54.441	6.193	1	0	2	0	242	268	720921340	1N(2350.8303)	NA	HexNAc(4)Hex(5)Fuc(1)NeuAc(2) % 2350.8303	4.56	0	nISDGFDGIPDNVDAALALPAHSYSGR	N(52.58)I(0.00)S(0.00)D(0.00)G(0.00)F(0.00)D(0.00)G(0.00)I(0.00)P(0.00)D(0.00)N(0.00)V(0.00)D(0.00)A(0.00)A(0.00)L(0.00)A(0.00)L(0.00)P(0.00)A(0.00)H(0.00)S(0.00)Y(0.00)S(0.00)G(0.00)R(0.00)	N1	1	N(14.84)I(0.00)S(0.00)D(0.00)G(0.00)F(0.00)D(0.00)G(0.00)I(0.00)P(0.00)D(0.00)N(0.00)V(0.00)D(0.00)A(0.00)A(0.00)L(0.00)A(0.00)L(0.00)P(0.00)A(0.00)H(0.00)S(0.00)Y(0.00)S(0.00)G(0.00)R(0.00)	N(1)I(0)S(0)D(0)G(0)F(0)D(0)G(0)I(0)P(0)D(0)N(0)V(0)D(0)A(0)A(0)L(0)A(0)L(0)P(0)A(0)H(0)S(0)Y(0)S(0)G(0)R(0)	52.579273	15	0	0	54.441864	16	14.843961	1	0	0	0	FALSE	FALSE	TRUE	sp|P04004|VTNC_HUMAN	P04004	VTNC_HUMAN	VTN	Vitronectin			51205	4506.9834	51419	4482.477	4554.407	18.182001	55
240419_ES_R00006_MG_c00001_SA_NPB_3_i2.51235.51235.4	D:\SHARE\Tim\25-12-03_GD_Dataset\GD_dataset\NPB_3_i2\interact.pep.xml	FEDGVLDPDYPRNISDGFDGIPDNVDAALALPAHSYSGR	FEDGVLDPDYPRN[2174]ISDGFDGIPDNVDAALALPAHSYSGR	FKGSQYWR.FEDGVLDPDYPRNISDGFDGIPDNVDAALALPAHSYSGR.ERVYFFKG	R	E	39	4	4492.8555	6234.6953	6234.688	1559.6811	1559.6793	6234.6855	1559.6787	0.0024	4.34E-08	36.951	0	1	0	2	1	230	268	1128722050	13N(2059.7349)	NA	HexNAc(4)Hex(5)Fuc(1)NeuAc(1) % 2059.7349	2.39	0	FEDGVLDPDYPRnISDGFDGIPDNVDAALALPAHSYSGR	F(0.00)E(0.00)D(0.00)G(0.00)V(0.00)L(0.00)D(0.00)P(0.00)D(0.00)Y(0.00)P(0.00)R(0.00)N(36.95)I(0.00)S(0.00)D(0.00)G(0.00)F(0.00)D(0.00)G(0.00)I(0.00)P(0.00)D(0.00)N(0.00)V(0.00)D(0.00)A(0.00)A(0.00)L(0.00)A(0.00)L(0.00)P(0.00)A(0.00)H(0.00)S(0.00)Y(0.00)S(0.00)G(0.00)R(0.00)	N13	1	F(0.00)E(0.00)D(0.00)G(0.00)V(0.00)L(0.00)D(0.00)P(0.00)D(0.00)Y(0.00)P(0.00)R(0.00)N(4.61)I(0.00)S(0.00)D(0.00)G(0.00)F(0.00)D(0.00)G(0.00)I(0.00)P(0.00)D(0.00)N(0.00)V(0.00)D(0.00)A(0.00)A(0.00)L(0.00)A(0.00)L(0.00)P(0.00)A(0.00)H(0.00)S(0.00)Y(0.00)S(0.00)G(0.00)R(0.00)	F(0)E(0)D(0)G(0)V(0)L(0)D(0)P(0)D(0)Y(0)P(0)R(0)N(0)I(0)S(0)D(0)G(0)F(0)D(0)G(0)I(0)P(0)D(0)N(0)V(0)D(0)A(0)A(0)L(0)A(0)L(0)P(0)A(0)H(0)S(0)Y(0)S(0)G(0)R(0)	36.95134	14	0	0	36.95134	14	4.60962	0	0	0	0	FALSE	FALSE	TRUE	sp|P04004|VTNC_HUMAN	P04004	VTNC_HUMAN	VTN	Vitronectin			51205	4504.979	51392	4480.678	4522.498	19.561	22
240419_ES_R00006_MG_c00001_SA_NPB_3_i2.51236.51236.5	D:\SHARE\Tim\25-12-03_GD_Dataset\GD_dataset\NPB_3_i2\interact.pep.xml	NISDGFDGIPDNVDAALALPAHSYSGR	N[2319]ISDGFDGIPDNVDAALALPAHSYSGR	VLDPDYPR.NISDGFDGIPDNVDAALALPAHSYSGR.ERVYFFKG	R	E	27	5	4492.924	4976.0923	4976.087	996.2257	996.2247	4976.0874	996.2248	-5.00E-04	0	44.35	15.484	1	0	2	0	242	268	0	1N(2204.7725)	NA	HexNAc(4)Hex(5)NeuAc(2) % 2204.7724	7.67	0	nISDGFDGIPDNVDAALALPAHSYSGR	N(43.66)I(0.00)S(0.00)D(0.00)G(0.00)F(0.00)D(0.00)G(0.00)I(0.00)P(0.00)D(0.00)N(0.00)V(0.00)D(0.00)A(0.00)A(0.00)L(0.00)A(0.00)L(0.00)P(0.00)A(0.00)H(0.00)S(0.00)Y(0.00)S(0.00)G(0.00)R(0.00)	N1	1	N(11.07)I(0.00)S(0.00)D(0.00)G(0.00)F(0.00)D(0.00)G(0.00)I(0.00)P(0.00)D(0.00)N(0.00)V(0.00)D(0.00)A(0.00)A(0.00)L(0.00)A(0.00)L(0.00)P(0.00)A(0.00)H(0.00)S(0.00)Y(0.00)S(0.00)G(0.00)R(0.00)	N(1)I(0)S(0)D(0)G(0)F(0)D(0)G(0)I(0)P(0)D(0)N(0)V(0)D(0)A(0)A(0)L(0)A(0)L(0)P(0)A(0)H(0)S(0)Y(0)S(0)G(0)R(0)	43.664345	14	0	0	44.35024	14	11.068994	1	0	0	0	FALSE	FALSE	TRUE	sp|P04004|VTNC_HUMAN	P04004	VTNC_HUMAN	VTN	Vitronectin			51205	0	0	0	0	0	0
240419_ES_R00006_MG_c00001_SA_NPB_3_i2.51252.51252.5	D:\SHARE\Tim\25-12-03_GD_Dataset\GD_dataset\NPB_3_i2\interact.pep.xml	NISDGFDGIPDNVDAALALPAHSYSGR	N[2465]ISDGFDGIPDNVDAALALPAHSYSGR	VLDPDYPR.NISDGFDGIPDNVDAALALPAHSYSGR.ERVYFFKG	R	E	27	5	4494.021	5122.151	5122.143	1025.4375	1025.4359	5122.1455	1025.4364	-0.0022	2.55E-12	55.483	6.471	1	0	2	0	242	268	145878080	1N(2350.8303)	NA	HexNAc(4)Hex(5)Fuc(1)NeuAc(2) % 2350.8303	4.13	0	nISDGFDGIPDNVDAALALPAHSYSGR	N(53.00)I(0.00)S(0.00)D(0.00)G(0.00)F(0.00)D(0.00)G(0.00)I(0.00)P(0.00)D(0.00)N(0.00)V(0.00)D(0.00)A(0.00)A(0.00)L(0.00)A(0.00)L(0.00)P(0.00)A(0.00)H(0.00)S(0.00)Y(0.00)S(0.00)G(0.00)R(0.00)	N1	1	N(12.97)I(0.00)S(0.00)D(0.00)G(0.00)F(0.00)D(0.00)G(0.00)I(0.00)P(0.00)D(0.00)N(0.00)V(0.00)D(0.00)A(0.00)A(0.00)L(0.00)A(0.00)L(0.00)P(0.00)A(0.00)H(0.00)S(0.00)Y(0.00)S(0.00)G(0.00)R(0.00)	N(1)I(0)S(0)D(0)G(0)F(0)D(0)G(0)I(0)P(0)D(0)N(0)V(0)D(0)A(0)A(0)L(0)A(0)L(0)P(0)A(0)H(0)S(0)Y(0)S(0)G(0)R(0)	52.99566	16	0	0	55.483265	18	12.965065	1	0	0	0	FALSE	FALSE	TRUE	sp|P04004|VTNC_HUMAN	P04004	VTNC_HUMAN	VTN	Vitronectin			51205	4506.9834	51419	4487.056	4521.1	22.279001	17
240419_ES_R00006_MG_c00001_SA_NPB_3_i2.51289.51289.3	D:\SHARE\Tim\25-12-03_GD_Dataset\GD_dataset\NPB_3_i2\interact.pep.xml	NISDGFDGIPDNVDAALALPAHSYSGR	N[2465]ISDGFDGIPDNVDAALALPAHSYSGR	VLDPDYPR.NISDGFDGIPDNVDAALALPAHSYSGR.ERVYFFKG	R	E	27	3	4496.882	5122.1494	5122.1494	1708.3904	1708.3904	5122.1455	1708.3892	0.0042	8.21E-07	32.843	7.698	1	0	2	0	242	268	63557088	1N(2350.8303)	NA	HexNAc(4)Hex(5)Fuc(1)NeuAc(2) % 2350.8303	1.46	0	nISDGFDGIPDNVDAALALPAHSYSGR	N(32.84)I(0.00)S(0.00)D(0.00)G(0.00)F(0.00)D(0.00)G(0.00)I(0.00)P(0.00)D(0.00)N(0.00)V(0.00)D(0.00)A(0.00)A(0.00)L(0.00)A(0.00)L(0.00)P(0.00)A(0.00)H(0.00)S(0.00)Y(0.00)S(0.00)G(0.00)R(0.00)	N1	1	N(8.21)I(0.00)S(0.00)D(0.00)G(0.00)F(0.00)D(0.00)G(0.00)I(0.00)P(0.00)D(0.00)N(0.00)V(0.00)D(0.00)A(0.00)A(0.00)L(0.00)A(0.00)L(0.00)P(0.00)A(0.00)H(0.00)S(0.00)Y(0.00)S(0.00)G(0.00)R(0.00)	N(1)I(0)S(0)D(0)G(0)F(0)D(0)G(0)I(0)P(0)D(0)N(0)V(0)D(0)A(0)A(0)L(0)A(0)L(0)P(0)A(0)H(0)S(0)Y(0)S(0)G(0)R(0)	32.843777	12	0	0	31.032705	11	8.211355	1	0	0	0	FALSE	FALSE	TRUE	sp|P04004|VTNC_HUMAN	P04004	VTNC_HUMAN	VTN	Vitronectin			51257	4504.979	51392	4494.458	4521.1	22.279001	11
240419_ES_R00006_MG_c00001_SA_NPB_3_i2.51319.51319.4	D:\SHARE\Tim\25-12-03_GD_Dataset\GD_dataset\NPB_3_i2\interact.pep.xml	NISDGFDGIPDNVDAALALPAHSYSGR	N[2684]ISDGFDGIPDNVDAALALPAHSYSGR	VLDPDYPR.NISDGFDGIPDNVDAALALPAHSYSGR.ERVYFFKG	R	E	27	4	4499.118	5341.231	5341.2153	1336.315	1336.3111	5341.2197	1336.3123	-0.0042	8.65E-12	63.483	12.674	1	0	2	0	242	268	2609168380	1N(2569.9045)	NA	HexNAc(5)Hex(6)NeuAc(2) % 2569.9046	4.49	0	nISDGFDGIPDNVDAALALPAHSYSGR	N(58.65)I(0.00)S(0.00)D(0.00)G(0.00)F(0.00)D(0.00)G(0.00)I(0.00)P(0.00)D(0.00)N(0.00)V(0.00)D(0.00)A(0.00)A(0.00)L(0.00)A(0.00)L(0.00)P(0.00)A(0.00)H(0.00)S(0.00)Y(0.00)S(0.00)G(0.00)R(0.00)	N1	1	N(10.76)I(0.00)S(0.00)D(0.00)G(0.00)F(0.00)D(0.00)G(0.00)I(0.00)P(0.00)D(0.00)N(0.00)V(0.00)D(0.00)A(0.00)A(0.00)L(0.00)A(0.00)L(0.00)P(0.00)A(0.00)H(0.00)S(0.00)Y(0.00)S(0.00)G(0.00)R(0.00)	N(1)I(0)S(0)D(0)G(0)F(0)D(0)G(0)I(0)P(0)D(0)N(0)V(0)D(0)A(0)A(0)L(0)A(0)L(0)P(0)A(0)H(0)S(0)Y(0)S(0)G(0)R(0)	58.653725	19	0	0	63.483685	22	10.755691	1	0	0	0	FALSE	FALSE	TRUE	sp|P04004|VTNC_HUMAN	P04004	VTNC_HUMAN	VTN	Vitronectin			51300	4501.1094	51345	4441.935	4530.5054	33.226	48
240419_ES_R00006_MG_c00001_SA_NPB_3_i2.51347.51347.5	D:\SHARE\Tim\25-12-03_GD_Dataset\GD_dataset\NPB_3_i2\interact.pep.xml	FEDGVLDPDYPRNISDGFDGIPDNVDAALALPAHSYSGR	FEDGVLDPDYPRN[2028]ISDGFDGIPDNVDAALALPAHSYSGR	FKGSQYWR.FEDGVLDPDYPRNISDGFDGIPDNVDAALALPAHSYSGR.ERVYFFKG	R	E	39	5	4501.3184	6088.6567	6088.629	1218.7386	1218.7331	6088.6279	1218.7329	0.0012	1.18E-08	41.216	0	1	0	2	1	230	268	1915643780	13N(1913.6770)	NA	HexNAc(4)Hex(5)NeuAc(1) % 1913.6770	4.54	0	FEDGVLDPDYPRnISDGFDGIPDNVDAALALPAHSYSGR	F(0.00)E(0.00)D(0.00)G(0.00)V(0.00)L(0.00)D(0.00)P(0.00)D(0.00)Y(0.00)P(0.00)R(0.00)N(41.22)I(0.00)S(0.00)D(0.00)G(0.00)F(0.00)D(0.00)G(0.00)I(0.00)P(0.00)D(0.00)N(0.00)V(0.00)D(0.00)A(0.00)A(0.00)L(0.00)A(0.00)L(0.00)P(0.00)A(0.00)H(0.00)S(0.00)Y(0.00)S(0.00)G(0.00)R(0.00)	N13	1	F(0.00)E(0.00)D(0.00)G(0.00)V(0.00)L(0.00)D(0.00)P(0.00)D(0.00)Y(0.00)P(0.00)R(0.00)N(5.56)I(0.00)S(0.00)D(0.00)G(0.00)F(0.00)D(0.00)G(0.00)I(0.00)P(0.00)D(0.00)N(0.00)V(0.00)D(0.00)A(0.00)A(0.00)L(0.00)A(0.00)L(0.00)P(0.00)A(0.00)H(0.00)S(0.00)Y(0.00)S(0.00)G(0.00)R(0.00)	F(0)E(0)D(0)G(0)V(0)L(0)D(0)P(0)D(0)Y(0)P(0)R(0)N(1)I(0)S(0)D(0)G(0)F(0)D(0)G(0)I(0)P(0)D(0)N(0)V(0)D(0)A(0)A(0)L(0)A(0)L(0)P(0)A(0)H(0)S(0)Y(0)S(0)G(0)R(0)	41.21631	18	0	0	39.288742	17	5.5567884	1	0	0	0	FALSE	FALSE	TRUE	sp|P04004|VTNC_HUMAN	P04004	VTNC_HUMAN	VTN	Vitronectin			51318	4519.9893	51590	4460.0303	4661.616	19.67	119
240419_ES_R00006_MG_c00001_SA_NPB_3_i2.51395.51395.4	D:\SHARE\Tim\25-12-03_GD_Dataset\GD_dataset\NPB_3_i2\interact.pep.xml	FEDGVLDPDYPRNISDGFDGIPDNVDAALALPAHSYSGR	FEDGVLDPDYPRN[2028]ISDGFDGIPDNVDAALALPAHSYSGR	FKGSQYWR.FEDGVLDPDYPRNISDGFDGIPDNVDAALALPAHSYSGR.ERVYFFKG	R	E	39	4	4505.2563	6088.6377	6088.63	1523.1667	1523.1648	6088.6279	1523.1643	0.0022	0	40.546	7.932	1	0	2	1	230	268	2594444800	13N(1913.6770)	NA	HexNAc(4)Hex(5)NeuAc(1) % 1913.6770	1.17	0	FEDGVLDPDYPRnISDGFDGIPDNVDAALALPAHSYSGR	F(0.00)E(0.00)D(0.00)G(0.00)V(0.00)L(0.00)D(0.00)P(0.00)D(0.00)Y(0.00)P(0.00)R(0.00)N(40.55)I(0.00)S(0.00)D(0.00)G(0.00)F(0.00)D(0.00)G(0.00)I(0.00)P(0.00)D(0.00)N(0.00)V(0.00)D(0.00)A(0.00)A(0.00)L(0.00)A(0.00)L(0.00)P(0.00)A(0.00)H(0.00)S(0.00)Y(0.00)S(0.00)G(0.00)R(0.00)	N13	1	F(0.00)E(0.00)D(0.00)G(0.00)V(0.00)L(0.00)D(0.00)P(0.00)D(0.00)Y(0.00)P(0.00)R(0.00)N(0.00)I(0.00)S(0.00)D(0.00)G(0.00)F(0.00)D(0.00)G(0.00)I(0.00)P(0.00)D(0.00)N(0.00)V(0.00)D(0.00)A(0.00)A(0.00)L(0.00)A(0.00)L(0.00)P(0.00)A(0.00)H(0.00)S(0.00)Y(0.00)S(0.00)G(0.00)R(0.00)	F(0)E(0)D(0)G(0)V(0)L(0)D(0)P(0)D(0)Y(0)P(0)R(0)N(0)I(0)S(0)D(0)G(0)F(0)D(0)G(0)I(0)P(0)D(0)N(0)V(0)D(0)A(0)A(0)L(0)A(0)L(0)P(0)A(0)H(0)S(0)Y(0)S(0)G(0)R(0)	40.546825	20	0	0	40.546825	20	0	0	0	0	0	FALSE	FALSE	TRUE	sp|P04004|VTNC_HUMAN	P04004	VTNC_HUMAN	VTN	Vitronectin			51369	4516.9443	51550	4494.458	4634.1973	18.972	86
240419_ES_R00006_MG_c00001_SA_NPB_3_i2.51420.51420.5	D:\SHARE\Tim\25-12-03_GD_Dataset\GD_dataset\NPB_3_i2\interact.pep.xml	FEDGVLDPDYPRNISDGFDGIPDNVDAALALPAHSYSGR	FEDGVLDPDYPRN[2028]ISDGFDGIPDNVDAALALPAHSYSGR	FKGSQYWR.FEDGVLDPDYPRNISDGFDGIPDNVDAALALPAHSYSGR.ERVYFFKG	R	E	39	5	4506.9976	6088.643	6088.63	1218.7359	1218.7333	6088.6279	1218.7329	0.0022	0	52.684	8.636	1	0	2	1	230	268	1915643780	13N(1913.6770)	NA	HexNAc(4)Hex(5)NeuAc(1) % 1913.6770	4.71	0	FEDGVLDPDYPRnISDGFDGIPDNVDAALALPAHSYSGR	F(0.00)E(0.00)D(0.00)G(0.00)V(0.00)L(0.00)D(0.00)P(0.00)D(0.00)Y(0.00)P(0.00)R(0.00)N(52.68)I(0.00)S(0.00)D(0.00)G(0.00)F(0.00)D(0.00)G(0.00)I(0.00)P(0.00)D(0.00)N(0.00)V(0.00)D(0.00)A(0.00)A(0.00)L(0.00)A(0.00)L(0.00)P(0.00)A(0.00)H(0.00)S(0.00)Y(0.00)S(0.00)G(0.00)R(0.00)	N13	1	F(0.00)E(0.00)D(0.00)G(0.00)V(0.00)L(0.00)D(0.00)P(0.00)D(0.00)Y(0.00)P(0.00)R(0.00)N(5.81)I(0.00)S(0.00)D(0.00)G(0.00)F(0.00)D(0.00)G(0.00)I(0.00)P(0.00)D(0.00)N(0.00)V(0.00)D(0.00)A(0.00)A(0.00)L(0.00)A(0.00)L(0.00)P(0.00)A(0.00)H(0.00)S(0.00)Y(0.00)S(0.00)G(0.00)R(0.00)	F(0)E(0)D(0)G(0)V(0)L(0)D(0)P(0)D(0)Y(0)P(0)R(0)N(1)I(0)S(0)D(0)G(0)F(0)D(0)G(0)I(0)P(0)D(0)N(0)V(0)D(0)A(0)A(0)L(0)A(0)L(0)P(0)A(0)H(0)S(0)Y(0)S(0)G(0)R(0)	52.684727	22	0	0	50.77408	21	5.812733	1	0	0	0	FALSE	FALSE	TRUE	sp|P04004|VTNC_HUMAN	P04004	VTNC_HUMAN	VTN	Vitronectin			51392	4519.9893	51590	4460.0303	4655.7163	19.67	117
240419_ES_R00006_MG_c00001_SA_NPB_3_i2.51458.51458.3	D:\SHARE\Tim\25-12-03_GD_Dataset\GD_dataset\NPB_3_i2\interact.pep.xml	NISDGFDGIPDNVDAALALPAHSYSGR	N[1663]ISDGFDGIPDNVDAALALPAHSYSGR	VLDPDYPR.NISDGFDGIPDNVDAALALPAHSYSGR.ERVYFFKG	R	E	27	3	4509.9116	4319.8604	4319.8555	1440.9607	1440.9591	4319.8599	1440.9606	-0.0043	0	57.168	6.995	1	0	2	0	242	268	688890560	1N(1548.5448)	NA	HexNAc(3)Hex(4)NeuAc(1) % 1548.5448	4.01	0	nISDGFDGIPDNVDAALALPAHSYSGR	N(50.69)I(0.00)S(0.00)D(0.00)G(0.00)F(0.00)D(0.00)G(0.00)I(0.00)P(0.00)D(0.00)N(0.00)V(0.00)D(0.00)A(0.00)A(0.00)L(0.00)A(0.00)L(0.00)P(0.00)A(0.00)H(0.00)S(0.00)Y(0.00)S(0.00)G(0.00)R(0.00)	N1	1	N(7.01)I(0.00)S(0.00)D(0.00)G(0.00)F(0.00)D(0.00)G(0.00)I(0.00)P(0.00)D(0.00)N(0.00)V(0.00)D(0.00)A(0.00)A(0.00)L(0.00)A(0.00)L(0.00)P(0.00)A(0.00)H(0.00)S(0.00)Y(0.00)S(0.00)G(0.00)R(0.00)	N(0)I(0)S(0)D(0)G(0)F(0)D(0)G(0)I(0)P(0)D(0)N(0)V(0)D(0)A(0)A(0)L(0)A(0)L(0)P(0)A(0)H(0)S(0)Y(0)S(0)G(0)R(0)	50.691006	17	0	0	57.16815	21	7.0123963	0	0	0	0	FALSE	FALSE	TRUE	sp|P04004|VTNC_HUMAN	P04004	VTNC_HUMAN	VTN	Vitronectin			51419	4523.333	51630	4503.2534	4562.001	15.242001	45
240419_ES_R00006_MG_c00001_SA_NPB_3_i2.51479.51479.3	D:\SHARE\Tim\25-12-03_GD_Dataset\GD_dataset\NPB_3_i2\interact.pep.xml	NISDGFDGIPDNVDAALALPAHSYSGR	N[2465]ISDGFDGIPDNVDAALALPAHSYSGR	VLDPDYPR.NISDGFDGIPDNVDAALALPAHSYSGR.ERVYFFKG	R	E	27	3	4511.5435	5124.157	5124.1567	1709.0596	1709.0595	5122.1455	1708.3892	2.0115	0	47.191	11.159	1	0	2	0	242	268	57796244	1N(2350.8303)	NA	HexNAc(4)Hex(5)Fuc(1)NeuAc(2) % 2350.8303	0.4	0	nISDGFDGIPDNVDAALALPAHSYSGR	N(42.34)I(0.00)S(0.00)D(0.00)G(0.00)F(0.00)D(0.00)G(0.00)I(0.00)P(0.00)D(0.00)N(0.00)V(0.00)D(0.00)A(0.00)A(0.00)L(0.00)A(0.00)L(0.00)P(0.00)A(0.00)H(0.00)S(0.00)Y(0.00)S(0.00)G(0.00)R(0.00)	N1	1	N(9.33)I(0.00)S(0.00)D(0.00)G(0.00)F(0.00)D(0.00)G(0.00)I(0.00)P(0.00)D(0.00)N(0.00)V(0.00)D(0.00)A(0.00)A(0.00)L(0.00)A(0.00)L(0.00)P(0.00)A(0.00)H(0.00)S(0.00)Y(0.00)S(0.00)G(0.00)R(0.00)	N(0)I(0)S(0)D(0)G(0)F(0)D(0)G(0)I(0)P(0)D(0)N(0)V(0)D(0)A(0)A(0)L(0)A(0)L(0)P(0)A(0)H(0)S(0)Y(0)S(0)G(0)R(0)	42.338078	13	0	0	47.191357	16	9.334599	0	0	0	0	FALSE	FALSE	TRUE	sp|P04004|VTNC_HUMAN	P04004	VTNC_HUMAN	VTN	Vitronectin			51450	4503.2534	51369	4494.458	4521.7935	22.279001	11
240419_ES_R00006_MG_c00001_SA_NPB_3_i2.51495.51495.4	D:\SHARE\Tim\25-12-03_GD_Dataset\GD_dataset\NPB_3_i2\interact.pep.xml	NISDGFDGIPDNVDAALALPAHSYSGR	N[2830]ISDGFDGIPDNVDAALALPAHSYSGR	VLDPDYPR.NISDGFDGIPDNVDAALALPAHSYSGR.ERVYFFKG	R	E	27	4	4512.6714	5487.288	5487.274	1372.8293	1372.8258	5487.2773	1372.8267	-0.0034	0	51.084	9.221	1	0	2	0	242	268	2444977920	1N(2715.9624)	NA	HexNAc(5)Hex(6)Fuc(1)NeuAc(2) % 2715.9625	2.31	0	nISDGFDGIPDNVDAALALPAHSYSGR	N(49.49)I(0.00)S(0.00)D(0.00)G(0.00)F(0.00)D(0.00)G(0.00)I(0.00)P(0.00)D(0.00)N(0.00)V(0.00)D(0.00)A(0.00)A(0.00)L(0.00)A(0.00)L(0.00)P(0.00)A(0.00)H(0.00)S(0.00)Y(0.00)S(0.00)G(0.00)R(0.00)	N1	1	N(12.91)I(0.00)S(0.00)D(0.00)G(0.00)F(0.00)D(0.00)G(0.00)I(0.00)P(0.00)D(0.00)N(0.00)V(0.00)D(0.00)A(0.00)A(0.00)L(0.00)A(0.00)L(0.00)P(0.00)A(0.00)H(0.00)S(0.00)Y(0.00)S(0.00)G(0.00)R(0.00)	N(1)I(0)S(0)D(0)G(0)F(0)D(0)G(0)I(0)P(0)D(0)N(0)V(0)D(0)A(0)A(0)L(0)A(0)L(0)P(0)A(0)H(0)S(0)Y(0)S(0)G(0)R(0)	49.492332	15	0	0	51.08464	16	12.907965	1	0	0	0	FALSE	FALSE	TRUE	sp|P04004|VTNC_HUMAN	P04004	VTNC_HUMAN	VTN	Vitronectin			51475	4492.646	51233	4415.616	4526.3174	35.686	55
240419_ES_R00006_MG_c00001_SA_NPB_3_i2.51498.51498.3	D:\SHARE\Tim\25-12-03_GD_Dataset\GD_dataset\NPB_3_i2\interact.pep.xml	NISDGFDGIPDNVDAALALPAHSYSGR	N[1663]ISDGFDGIPDNVDAALALPAHSYSGR	VLDPDYPR.NISDGFDGIPDNVDAALALPAHSYSGR.ERVYFFKG	R	E	27	3	4513.0024	4319.866	4319.8555	1440.9626	1440.9591	4319.8599	1440.9606	-0.0043	0	74.922	9.205	1	0	2	0	242	268	784733760	1N(1548.5448)	NA	HexNAc(3)Hex(4)NeuAc(1) % 1548.5448	5.42	0	nISDGFDGIPDNVDAALALPAHSYSGR	N(69.10)I(0.00)S(0.00)D(0.00)G(0.00)F(0.00)D(0.00)G(0.00)I(0.00)P(0.00)D(0.00)N(0.00)V(0.00)D(0.00)A(0.00)A(0.00)L(0.00)A(0.00)L(0.00)P(0.00)A(0.00)H(0.00)S(0.00)Y(0.00)S(0.00)G(0.00)R(0.00)	N1	1	N(13.69)I(0.00)S(0.00)D(0.00)G(0.00)F(0.00)D(0.00)G(0.00)I(0.00)P(0.00)D(0.00)N(0.00)V(0.00)D(0.00)A(0.00)A(0.00)L(0.00)A(0.00)L(0.00)P(0.00)A(0.00)H(0.00)S(0.00)Y(0.00)S(0.00)G(0.00)R(0.00)	N(1)I(0)S(0)D(0)G(0)F(0)D(0)G(0)I(0)P(0)D(0)N(0)V(0)D(0)A(0)A(0)L(0)A(0)L(0)P(0)A(0)H(0)S(0)Y(0)S(0)G(0)R(0)	69.097626	21	0	0	74.92272	24	13.691908	1	0	0	0	FALSE	FALSE	TRUE	sp|P04004|VTNC_HUMAN	P04004	VTNC_HUMAN	VTN	Vitronectin			51475	4524.4395	51644	4503.2534	4558.896	15.242001	44
240419_ES_R00006_MG_c00001_SA_NPB_3_i2.51501.51501.3	D:\SHARE\Tim\25-12-03_GD_Dataset\GD_dataset\NPB_3_i2\interact.pep.xml	NISDGFDGIPDNVDAALALPAHSYSGR	N[2393]ISDGFDGIPDNVDAALALPAHSYSGR	VLDPDYPR.NISDGFDGIPDNVDAALALPAHSYSGR.ERVYFFKG	R	E	27	3	4513.207	5051.1396	5051.134	1684.7205	1684.7186	5050.124	1684.382	1.0098	0	56.072	9.712	1	0	2	0	242	268	0	1N(2278.8091)	NA	HexNAc(5)Hex(6)NeuAc(1) % 2278.8092	3.21	0	nISDGFDGIPDNVDAALALPAHSYSGR	N(51.50)I(0.00)S(0.00)D(0.00)G(0.00)F(0.00)D(0.00)G(0.00)I(0.00)P(0.00)D(0.00)N(0.00)V(0.00)D(0.00)A(0.00)A(0.00)L(0.00)A(0.00)L(0.00)P(0.00)A(0.00)H(0.00)S(0.00)Y(0.00)S(0.00)G(0.00)R(0.00)	N1	1	N(11.51)I(0.00)S(0.00)D(0.00)G(0.00)F(0.00)D(0.00)G(0.00)I(0.00)P(0.00)D(0.00)N(0.00)V(0.00)D(0.00)A(0.00)A(0.00)L(0.00)A(0.00)L(0.00)P(0.00)A(0.00)H(0.00)S(0.00)Y(0.00)S(0.00)G(0.00)R(0.00)	N(0)I(0)S(0)D(0)G(0)F(0)D(0)G(0)I(0)P(0)D(0)N(0)V(0)D(0)A(0)A(0)L(0)A(0)L(0)P(0)A(0)H(0)S(0)Y(0)S(0)G(0)R(0)	51.499172	15	0	0	56.0726	18	11.509747	0	0	0	0	FALSE	FALSE	TRUE	sp|P04004|VTNC_HUMAN	P04004	VTNC_HUMAN	VTN	Vitronectin			51475	0	0	0	0	0	0
240419_ES_R00006_MG_c00001_SA_NPB_3_i2.51515.51515.4	D:\SHARE\Tim\25-12-03_GD_Dataset\GD_dataset\NPB_3_i2\interact.pep.xml	NISDGFDGIPDNVDAALALPAHSYSGR	N[2319]ISDGFDGIPDNVDAALALPAHSYSGR	VLDPDYPR.NISDGFDGIPDNVDAALALPAHSYSGR.ERVYFFKG	R	E	27	4	4514.188	4976.0957	4976.0864	1245.0312	1245.0289	4976.0874	1245.0292	-0.001	0	63.873	9.559	1	0	2	0	242	268	25670271000	1N(2204.7725)	NA	HexNAc(4)Hex(5)NeuAc(2) % 2204.7724	6.96	0	nISDGFDGIPDNVDAALALPAHSYSGR	N(60.35)I(0.00)S(0.00)D(0.00)G(0.00)F(0.00)D(0.00)G(0.00)I(0.00)P(0.00)D(0.00)N(0.00)V(0.00)D(0.00)A(0.00)A(0.00)L(0.00)A(0.00)L(0.00)P(0.00)A(0.00)H(0.00)S(0.00)Y(0.00)S(0.00)G(0.00)R(0.00)	N1	1	N(12.67)I(0.00)S(0.00)D(0.00)G(0.00)F(0.00)D(0.00)G(0.00)I(0.00)P(0.00)D(0.00)N(0.00)V(0.00)D(0.00)A(0.00)A(0.00)L(0.00)A(0.00)L(0.00)P(0.00)A(0.00)H(0.00)S(0.00)Y(0.00)S(0.00)G(0.00)R(0.00)	N(2)I(0)S(0)D(0)G(0)F(0)D(0)G(0)I(0)P(0)D(0)N(0)V(0)D(0)A(0)A(0)L(0)A(0)L(0)P(0)A(0)H(0)S(0)Y(0)S(0)G(0)R(0)	60.347515	20	0	0	63.873196	22	12.666782	2	0	0	0	FALSE	FALSE	TRUE	sp|P04004|VTNC_HUMAN	P04004	VTNC_HUMAN	VTN	Vitronectin			51494	4528.9634	51699	4269.638	4783.02	11.306001	284
240419_ES_R00006_MG_c00001_SA_NPB_3_i2.51551.51551.4	D:\SHARE\Tim\25-12-03_GD_Dataset\GD_dataset\NPB_3_i2\interact.pep.xml	NISDGFDGIPDNVDAALALPAHSYSGR	N[2830]ISDGFDGIPDNVDAALALPAHSYSGR	VLDPDYPR.NISDGFDGIPDNVDAALALPAHSYSGR.ERVYFFKG	R	E	27	4	4516.959	5487.286	5487.274	1372.8288	1372.8258	5487.2773	1372.8267	-0.0034	2.11E-10	48.205	0	1	0	2	0	242	268	0	1N(2715.9624)	NA	HexNAc(5)Hex(6)Fuc(1)NeuAc(2) % 2715.9625	1.88	0	nISDGFDGIPDNVDAALALPAHSYSGR	N(46.43)I(0.00)S(0.00)D(0.00)G(0.00)F(0.00)D(0.00)G(0.00)I(0.00)P(0.00)D(0.00)N(0.00)V(0.00)D(0.00)A(0.00)A(0.00)L(0.00)A(0.00)L(0.00)P(0.00)A(0.00)H(0.00)S(0.00)Y(0.00)S(0.00)G(0.00)R(0.00)	N1	1	N(7.62)I(0.00)S(0.00)D(0.00)G(0.00)F(0.00)D(0.00)G(0.00)I(0.00)P(0.00)D(0.00)N(0.00)V(0.00)D(0.00)A(0.00)A(0.00)L(0.00)A(0.00)L(0.00)P(0.00)A(0.00)H(0.00)S(0.00)Y(0.00)S(0.00)G(0.00)R(0.00)	N(1)I(0)S(0)D(0)G(0)F(0)D(0)G(0)I(0)P(0)D(0)N(0)V(0)D(0)A(0)A(0)L(0)A(0)L(0)P(0)A(0)H(0)S(0)Y(0)S(0)G(0)R(0)	46.43335	17	0	0	48.20594	18	7.6199317	1	0	0	0	FALSE	FALSE	TRUE	sp|P04004|VTNC_HUMAN	P04004	VTNC_HUMAN	VTN	Vitronectin			51537	0	0	0	0	0	0
240419_ES_R00006_MG_c00001_SA_NPB_3_i2.51578.51578.4	D:\SHARE\Tim\25-12-03_GD_Dataset\GD_dataset\NPB_3_i2\interact.pep.xml	NISDGFDGIPDNVDAALALPAHSYSGR	N[1663]ISDGFDGIPDNVDAALALPAHSYSGR	VLDPDYPR.NISDGFDGIPDNVDAALALPAHSYSGR.ERVYFFKG	R	E	27	4	4519.0894	4319.876	4319.868	1080.9763	1080.9743	4319.8599	1080.9723	0.0084	0	70.568	8.789	1	0	2	0	242	268	0	1N(1548.5448)	NA	HexNAc(3)Hex(4)NeuAc(1) % 1548.5448	3.13	0	nISDGFDGIPDNVDAALALPAHSYSGR	N(66.76)I(0.00)S(0.00)D(0.00)G(0.00)F(0.00)D(0.00)G(0.00)I(0.00)P(0.00)D(0.00)N(0.00)V(0.00)D(0.00)A(0.00)A(0.00)L(0.00)A(0.00)L(0.00)P(0.00)A(0.00)H(0.00)S(0.00)Y(0.00)S(0.00)G(0.00)R(0.00)	N1	1	N(12.41)I(0.00)S(0.00)D(0.00)G(0.00)F(0.00)D(0.00)G(0.00)I(0.00)P(0.00)D(0.00)N(0.00)V(0.00)D(0.00)A(0.00)A(0.00)L(0.00)A(0.00)L(0.00)P(0.00)A(0.00)H(0.00)S(0.00)Y(0.00)S(0.00)G(0.00)R(0.00)	N(2)I(0)S(0)D(0)G(0)F(0)D(0)G(0)I(0)P(0)D(0)N(0)V(0)D(0)A(0)A(0)L(0)A(0)L(0)P(0)A(0)H(0)S(0)Y(0)S(0)G(0)R(0)	66.757126	22	0	0	70.56857	24	12.406395	2	0	0	0	FALSE	FALSE	TRUE	sp|P04004|VTNC_HUMAN	P04004	VTNC_HUMAN	VTN	Vitronectin			51550	0	0	0	0	0	0
240419_ES_R00006_MG_c00001_SA_NPB_3_i2.51606.51606.4	D:\SHARE\Tim\25-12-03_GD_Dataset\GD_dataset\NPB_3_i2\interact.pep.xml	NISDGFDGIPDNVDAALALPAHSYSGR	N[2465]ISDGFDGIPDNVDAALALPAHSYSGR	VLDPDYPR.NISDGFDGIPDNVDAALALPAHSYSGR.ERVYFFKG	R	E	27	4	4521.309	5122.1465	5122.1436	1281.5439	1281.5432	5122.1455	1281.5437	-0.0017	0	59.189	9.276	1	0	2	0	242	268	720921340	1N(2350.8303)	NA	HexNAc(4)Hex(5)Fuc(1)NeuAc(2) % 2350.8303	5.32	0	nISDGFDGIPDNVDAALALPAHSYSGR	N(55.95)I(0.00)S(0.00)D(0.00)G(0.00)F(0.00)D(0.00)G(0.00)I(0.00)P(0.00)D(0.00)N(0.00)V(0.00)D(0.00)A(0.00)A(0.00)L(0.00)A(0.00)L(0.00)P(0.00)A(0.00)H(0.00)S(0.00)Y(0.00)S(0.00)G(0.00)R(0.00)	N1	1	N(11.30)I(0.00)S(0.00)D(0.00)G(0.00)F(0.00)D(0.00)G(0.00)I(0.00)P(0.00)D(0.00)N(0.00)V(0.00)D(0.00)A(0.00)A(0.00)L(0.00)A(0.00)L(0.00)P(0.00)A(0.00)H(0.00)S(0.00)Y(0.00)S(0.00)G(0.00)R(0.00)	N(1)I(0)S(0)D(0)G(0)F(0)D(0)G(0)I(0)P(0)D(0)N(0)V(0)D(0)A(0)A(0)L(0)A(0)L(0)P(0)A(0)H(0)S(0)Y(0)S(0)G(0)R(0)	55.952496	18	0	0	59.189575	20	11.298273	1	0	0	0	FALSE	FALSE	TRUE	sp|P04004|VTNC_HUMAN	P04004	VTNC_HUMAN	VTN	Vitronectin			51590	4506.9834	51419	4487.056	4556.7563	18.182001	55
240419_ES_R00006_MG_c00001_SA_NPB_3_i2.51622.51622.4	D:\SHARE\Tim\25-12-03_GD_Dataset\GD_dataset\NPB_3_i2\interact.pep.xml	NISDGFDGIPDNVDAALALPAHSYSGR	N[2684]ISDGFDGIPDNVDAALALPAHSYSGR	VLDPDYPR.NISDGFDGIPDNVDAALALPAHSYSGR.ERVYFFKG	R	E	27	4	4522.707	5342.2334	5342.2163	1336.5656	1336.5614	5341.2197	1336.3123	0.9968	3.00E-14	49.805	9.635	1	0	2	0	242	268	2609168380	1N(2569.9045)	NA	HexNAc(5)Hex(6)NeuAc(2) % 2569.9046	4.25	0	nISDGFDGIPDNVDAALALPAHSYSGR	N(47.74)I(0.00)S(0.00)D(0.00)G(0.00)F(0.00)D(0.00)G(0.00)I(0.00)P(0.00)D(0.00)N(0.00)V(0.00)D(0.00)A(0.00)A(0.00)L(0.00)A(0.00)L(0.00)P(0.00)A(0.00)H(0.00)S(0.00)Y(0.00)S(0.00)G(0.00)R(0.00)	N1	1	N(8.97)I(0.00)S(0.00)D(0.00)G(0.00)F(0.00)D(0.00)G(0.00)I(0.00)P(0.00)D(0.00)N(0.00)V(0.00)D(0.00)A(0.00)A(0.00)L(0.00)A(0.00)L(0.00)P(0.00)A(0.00)H(0.00)S(0.00)Y(0.00)S(0.00)G(0.00)R(0.00)	N(2)I(0)S(0)D(0)G(0)F(0)D(0)G(0)I(0)P(0)D(0)N(0)V(0)D(0)A(0)A(0)L(0)A(0)L(0)P(0)A(0)H(0)S(0)Y(0)S(0)G(0)R(0)	47.74441	18	0	0	49.80576	19	8.968971	2	0	0	0	FALSE	FALSE	TRUE	sp|P04004|VTNC_HUMAN	P04004	VTNC_HUMAN	VTN	Vitronectin			51612	4501.1094	51345	4441.935	4529.666	33.226	48
240419_ES_R00006_MG_c00001_SA_NPB_3_i2.51637.51637.3	D:\SHARE\Tim\25-12-03_GD_Dataset\GD_dataset\NPB_3_i2\interact.pep.xml	NISDGFDGIPDNVDAALALPAHSYSGR	N[2028]ISDGFDGIPDNVDAALALPAHSYSGR	VLDPDYPR.NISDGFDGIPDNVDAALALPAHSYSGR.ERVYFFKG	R	E	27	3	4523.884	4685.9697	4685.9893	1562.9972	1563.0037	4684.9922	1562.6714	0.9973	0	59.745	12.808	1	0	2	0	242	268	117181640	1N(1913.6770)	NA	HexNAc(4)Hex(5)NeuAc(1) % 1913.6770	2.52	0	nISDGFDGIPDNVDAALALPAHSYSGR	N(51.50)I(0.00)S(0.00)D(0.00)G(0.00)F(0.00)D(0.00)G(0.00)I(0.00)P(0.00)D(0.00)N(0.00)V(0.00)D(0.00)A(0.00)A(0.00)L(0.00)A(0.00)L(0.00)P(0.00)A(0.00)H(0.00)S(0.00)Y(0.00)S(0.00)G(0.00)R(0.00)	N1	1	N(9.69)I(0.00)S(0.00)D(0.00)G(0.00)F(0.00)D(0.00)G(0.00)I(0.00)P(0.00)D(0.00)N(0.00)V(0.00)D(0.00)A(0.00)A(0.00)L(0.00)A(0.00)L(0.00)P(0.00)A(0.00)H(0.00)S(0.00)Y(0.00)S(0.00)G(0.00)R(0.00)	N(0)I(0)S(0)D(0)G(0)F(0)D(0)G(0)I(0)P(0)D(0)N(0)V(0)D(0)A(0)A(0)L(0)A(0)L(0)P(0)A(0)H(0)S(0)Y(0)S(0)G(0)R(0)	51.49852	16	0	0	59.745823	21	9.691692	0	0	0	0	FALSE	FALSE	TRUE	sp|P04004|VTNC_HUMAN	P04004	VTNC_HUMAN	VTN	Vitronectin			51620	4523.333	51630	4514.1733	4533.7812	4.379	10
240419_ES_R00006_MG_c00001_SA_NPB_3_i2.51658.51658.3	D:\SHARE\Tim\25-12-03_GD_Dataset\GD_dataset\NPB_3_i2\interact.pep.xml	NISDGFDGIPDNVDAALALPAHSYSGR	N[2319]ISDGFDGIPDNVDAALALPAHSYSGR	VLDPDYPR.NISDGFDGIPDNVDAALALPAHSYSGR.ERVYFFKG	R	E	27	3	4525.493	4976.0767	4976.0947	1659.6995	1659.7055	4976.0874	1659.7031	0.0073	0.2255537	10.087	0	0.8144	0.000230947	2	0	242	268	8726988800	1N(2204.7725)	NA	HexNAc(4)Hex(5)NeuAc(2) % 2204.7724	-1.41	0.001120448	nISDGFDGIPDNVDAALALPAHSYSGR	N(10.09)I(0.00)S(0.00)D(0.00)G(0.00)F(0.00)D(0.00)G(0.00)I(0.00)P(0.00)D(0.00)N(0.00)V(0.00)D(0.00)A(0.00)A(0.00)L(0.00)A(0.00)L(0.00)P(0.00)A(0.00)H(0.00)S(0.00)Y(0.00)S(0.00)G(0.00)R(0.00)	N1	1	N(0.00)I(0.00)S(0.00)D(0.00)G(0.00)F(0.00)D(0.00)G(0.00)I(0.00)P(0.00)D(0.00)N(0.00)V(0.00)D(0.00)A(0.00)A(0.00)L(0.00)A(0.00)L(0.00)P(0.00)A(0.00)H(0.00)S(0.00)Y(0.00)S(0.00)G(0.00)R(0.00)	N(0)I(0)S(0)D(0)G(0)F(0)D(0)G(0)I(0)P(0)D(0)N(0)V(0)D(0)A(0)A(0)L(0)A(0)L(0)P(0)A(0)H(0)S(0)Y(0)S(0)G(0)R(0)	10.087323	5	0	0	10.087323	5	0	0	0	0	0	FALSE	FALSE	TRUE	sp|P04004|VTNC_HUMAN	P04004	VTNC_HUMAN	VTN	Vitronectin			51644	4524.4395	51644	4484.7583	4624.9473	18.17	89
240419_ES_R00006_MG_c00001_SA_NPB_3_i2.51668.51668.3	D:\SHARE\Tim\25-12-03_GD_Dataset\GD_dataset\NPB_3_i2\interact.pep.xml	NISDGFDGIPDNVDAALALPAHSYSGR	N[2319]ISDGFDGIPDNVDAALALPAHSYSGR	VLDPDYPR.NISDGFDGIPDNVDAALALPAHSYSGR.ERVYFFKG	R	E	27	3	4526.3315	4976.093	4976.103	1659.7049	1659.7083	4976.0874	1659.7031	0.0156	0.000312788	22.519	0	1	0	2	0	242	268	8726988800	1N(2204.7725)	NA	HexNAc(4)Hex(5)NeuAc(2) % 2204.7724	-0.84	0	nISDGFDGIPDNVDAALALPAHSYSGR	N(22.47)I(0.00)S(0.00)D(0.00)G(0.00)F(0.00)D(0.00)G(0.00)I(0.00)P(0.00)D(0.00)N(0.00)V(0.00)D(0.00)A(0.00)A(0.00)L(0.00)A(0.00)L(0.00)P(0.00)A(0.00)H(0.00)S(0.00)Y(0.00)S(0.00)G(0.00)R(0.00)	N1	1	N(5.15)I(0.00)S(0.00)D(0.00)G(0.00)F(0.00)D(0.00)G(0.00)I(0.00)P(0.00)D(0.00)N(0.00)V(0.00)D(0.00)A(0.00)A(0.00)L(0.00)A(0.00)L(0.00)P(0.00)A(0.00)H(0.00)S(0.00)Y(0.00)S(0.00)G(0.00)R(0.00)	N(1)I(0)S(0)D(0)G(0)F(0)D(0)G(0)I(0)P(0)D(0)N(0)V(0)D(0)A(0)A(0)L(0)A(0)L(0)P(0)A(0)H(0)S(0)Y(0)S(0)G(0)R(0)	22.474777	10	0	0	22.519733	10	5.1546435	1	0	0	0	FALSE	FALSE	TRUE	sp|P04004|VTNC_HUMAN	P04004	VTNC_HUMAN	VTN	Vitronectin			51657	4524.4395	51644	4484.7583	4622.952	18.17	89
240419_ES_R00006_MG_c00001_SA_NPB_3_i2.51672.51672.3	D:\SHARE\Tim\25-12-03_GD_Dataset\GD_dataset\NPB_3_i2\interact.pep.xml	NISDGFDGIPDNVDAALALPAHSYSGR	N[2028]ISDGFDGIPDNVDAALALPAHSYSGR	VLDPDYPR.NISDGFDGIPDNVDAALALPAHSYSGR.ERVYFFKG	R	E	27	3	4526.7305	4685.026	4685.023	1562.6826	1562.6816	4684.9922	1562.6714	0.031	0	55.724	8.3	1	0	2	0	242	268	0	1N(1913.6770)	NA	HexNAc(4)Hex(5)NeuAc(1) % 1913.6770	0.35	0	nISDGFDGIPDNVDAALALPAHSYSGR	N(52.33)I(0.00)S(0.00)D(0.00)G(0.00)F(0.00)D(0.00)G(0.00)I(0.00)P(0.00)D(0.00)N(0.00)V(0.00)D(0.00)A(0.00)A(0.00)L(0.00)A(0.00)L(0.00)P(0.00)A(0.00)H(0.00)S(0.00)Y(0.00)S(0.00)G(0.00)R(0.00)	N1	1	N(10.14)I(0.00)S(0.00)D(0.00)G(0.00)F(0.00)D(0.00)G(0.00)I(0.00)P(0.00)D(0.00)N(0.00)V(0.00)D(0.00)A(0.00)A(0.00)L(0.00)A(0.00)L(0.00)P(0.00)A(0.00)H(0.00)S(0.00)Y(0.00)S(0.00)G(0.00)R(0.00)	N(1)I(0)S(0)D(0)G(0)F(0)D(0)G(0)I(0)P(0)D(0)N(0)V(0)D(0)A(0)A(0)L(0)A(0)L(0)P(0)A(0)H(0)S(0)Y(0)S(0)G(0)R(0)	52.333237	17	0	0	55.724937	19	10.137073	1	0	0	0	FALSE	FALSE	TRUE	sp|P04004|VTNC_HUMAN	P04004	VTNC_HUMAN	VTN	Vitronectin			51657	0	0	0	0	0	0
240419_ES_R00006_MG_c00001_SA_NPB_3_i2.51685.51685.3	D:\SHARE\Tim\25-12-03_GD_Dataset\GD_dataset\NPB_3_i2\interact.pep.xml	NISDGFDGIPDNVDAALALPAHSYSGR	N[2028]ISDGFDGIPDNVDAALALPAHSYSGR	VLDPDYPR.NISDGFDGIPDNVDAALALPAHSYSGR.ERVYFFKG	R	E	27	3	4527.772	4685.974	4685.9805	1562.9986	1563.0008	4684.9922	1562.6714	0.9885	0	59.47	9.995	1	0	2	0	242	268	0	1N(1913.6770)	NA	HexNAc(4)Hex(5)NeuAc(1) % 1913.6770	1.63	0	nISDGFDGIPDNVDAALALPAHSYSGR	N(57.24)I(0.00)S(0.00)D(0.00)G(0.00)F(0.00)D(0.00)G(0.00)I(0.00)P(0.00)D(0.00)N(0.00)V(0.00)D(0.00)A(0.00)A(0.00)L(0.00)A(0.00)L(0.00)P(0.00)A(0.00)H(0.00)S(0.00)Y(0.00)S(0.00)G(0.00)R(0.00)	N1	1	N(12.64)I(0.00)S(0.00)D(0.00)G(0.00)F(0.00)D(0.00)G(0.00)I(0.00)P(0.00)D(0.00)N(0.00)V(0.00)D(0.00)A(0.00)A(0.00)L(0.00)A(0.00)L(0.00)P(0.00)A(0.00)H(0.00)S(0.00)Y(0.00)S(0.00)G(0.00)R(0.00)	N(2)I(0)S(0)D(0)G(0)F(0)D(0)G(0)I(0)P(0)D(0)N(0)V(0)D(0)A(0)A(0)L(0)A(0)L(0)P(0)A(0)H(0)S(0)Y(0)S(0)G(0)R(0)	57.24035	19	0	0	59.47014	20	12.635585	2	0	0	0	FALSE	FALSE	TRUE	sp|P04004|VTNC_HUMAN	P04004	VTNC_HUMAN	VTN	Vitronectin			51667	0	0	0	0	0	0
240419_ES_R00006_MG_c00001_SA_NPB_3_i2.51709.51709.4	D:\SHARE\Tim\25-12-03_GD_Dataset\GD_dataset\NPB_3_i2\interact.pep.xml	NISDGFDGIPDNVDAALALPAHSYSGR	N[2028]ISDGFDGIPDNVDAALALPAHSYSGR	VLDPDYPR.NISDGFDGIPDNVDAALALPAHSYSGR.ERVYFFKG	R	E	27	4	4529.8745	4685.004	4684.9863	1172.2583	1172.2539	4684.9922	1172.2554	-0.0057	0	66.936	11.21	1	0	2	0	242	268	258891040	1N(1913.6770)	NA	HexNAc(4)Hex(5)NeuAc(1) % 1913.6770	2.6	0	nISDGFDGIPDNVDAALALPAHSYSGR	N(62.95)I(0.00)S(0.00)D(0.00)G(0.00)F(0.00)D(0.00)G(0.00)I(0.00)P(0.00)D(0.00)N(0.00)V(0.00)D(0.00)A(0.00)A(0.00)L(0.00)A(0.00)L(0.00)P(0.00)A(0.00)H(0.00)S(0.00)Y(0.00)S(0.00)G(0.00)R(0.00)	N1	1	N(14.02)I(0.00)S(0.00)D(0.00)G(0.00)F(0.00)D(0.00)G(0.00)I(0.00)P(0.00)D(0.00)N(0.00)V(0.00)D(0.00)A(0.00)A(0.00)L(0.00)A(0.00)L(0.00)P(0.00)A(0.00)H(0.00)S(0.00)Y(0.00)S(0.00)G(0.00)R(0.00)	N(2)I(0)S(0)D(0)G(0)F(0)D(0)G(0)I(0)P(0)D(0)N(0)V(0)D(0)A(0)A(0)L(0)A(0)L(0)P(0)A(0)H(0)S(0)Y(0)S(0)G(0)R(0)	62.94896	20	0	0	66.93669	22	14.018531	2	0	0	0	FALSE	FALSE	TRUE	sp|P04004|VTNC_HUMAN	P04004	VTNC_HUMAN	VTN	Vitronectin			51699	4530.5054	51717	4521.7935	4532.9424	6.5600004	13
240419_ES_R00006_MG_c00001_SA_NPB_3_i2.51729.51729.4	D:\SHARE\Tim\25-12-03_GD_Dataset\GD_dataset\NPB_3_i2\interact.pep.xml	FEDGVLDPDYPRNISDGFDGIPDNVDAALALPAHSYSGR	FEDGVLDPDYPRN[2028]ISDGFDGIPDNVDAALALPAHSYSGR	FKGSQYWR.FEDGVLDPDYPRNISDGFDGIPDNVDAALALPAHSYSGR.ERVYFFKG	R	E	39	4	4531.417	6088.639	6088.631	1523.167	1523.165	6088.6279	1523.1643	0.0031	0	52.96	8.61	1	0	2	1	230	268	2532249860	13N(1913.6770)	NA	HexNAc(4)Hex(5)NeuAc(1) % 1913.6770	3.09	0	FEDGVLDPDYPRnISDGFDGIPDNVDAALALPAHSYSGR	F(0.00)E(0.00)D(0.00)G(0.00)V(0.00)L(0.00)D(0.00)P(0.00)D(0.00)Y(0.00)P(0.00)R(0.00)N(51.76)I(0.00)S(0.00)D(0.00)G(0.00)F(0.00)D(0.00)G(0.00)I(0.00)P(0.00)D(0.00)N(0.00)V(0.00)D(0.00)A(0.00)A(0.00)L(0.00)A(0.00)L(0.00)P(0.00)A(0.00)H(0.00)S(0.00)Y(0.00)S(0.00)G(0.00)R(0.00)	N13	1	F(0.00)E(0.00)D(0.00)G(0.00)V(0.00)L(0.00)D(0.00)P(0.00)D(0.00)Y(0.00)P(0.00)R(0.00)N(8.35)I(0.00)S(0.00)D(0.00)G(0.00)F(0.00)D(0.00)G(0.00)I(0.00)P(0.00)D(0.00)N(0.00)V(0.00)D(0.00)A(0.00)A(0.00)L(0.00)A(0.00)L(0.00)P(0.00)A(0.00)H(0.00)S(0.00)Y(0.00)S(0.00)G(0.00)R(0.00)	F(0)E(0)D(0)G(0)V(0)L(0)D(0)P(0)D(0)Y(0)P(0)R(0)N(0)I(0)S(0)D(0)G(0)F(0)D(0)G(0)I(0)P(0)D(0)N(0)V(0)D(0)A(0)A(0)L(0)A(0)L(0)P(0)A(0)H(0)S(0)Y(0)S(0)G(0)R(0)	51.755684	17	0	0	52.960373	18	8.352309	0	0	0	0	FALSE	FALSE	TRUE	sp|P04004|VTNC_HUMAN	P04004	VTNC_HUMAN	VTN	Vitronectin			51717	4515.892	51537	4492.646	4634.1973	18.972	86
240419_ES_R00006_MG_c00001_SA_NPB_3_i2.51782.51782.5	D:\SHARE\Tim\25-12-03_GD_Dataset\GD_dataset\NPB_3_i2\interact.pep.xml	NISDGFDGIPDNVDAALALPAHSYSGR	N[2319]ISDGFDGIPDNVDAALALPAHSYSGR	VLDPDYPR.NISDGFDGIPDNVDAALALPAHSYSGR.ERVYFFKG	R	E	27	5	4535.971	4976.097	4976.087	996.2267	996.2247	4976.0874	996.2248	-5.00E-04	1.40E-13	64.376	12.804	1	0	2	0	242	268	6419174900	1N(2204.7725)	NA	HexNAc(4)Hex(5)NeuAc(2) % 2204.7724	7.98	0	nISDGFDGIPDNVDAALALPAHSYSGR	N(63.84)I(0.00)S(0.00)D(0.00)G(0.00)F(0.00)D(0.00)G(0.00)I(0.00)P(0.00)D(0.00)N(0.00)V(0.00)D(0.00)A(0.00)A(0.00)L(0.00)A(0.00)L(0.00)P(0.00)A(0.00)H(0.00)S(0.00)Y(0.00)S(0.00)G(0.00)R(0.00)	N1	1	N(14.75)I(0.00)S(0.00)D(0.00)G(0.00)F(0.00)D(0.00)G(0.00)I(0.00)P(0.00)D(0.00)N(0.00)V(0.00)D(0.00)A(0.00)A(0.00)L(0.00)A(0.00)L(0.00)P(0.00)A(0.00)H(0.00)S(0.00)Y(0.00)S(0.00)G(0.00)R(0.00)	N(2)I(0)S(0)D(0)G(0)F(0)D(0)G(0)I(0)P(0)D(0)N(0)V(0)D(0)A(0)A(0)L(0)A(0)L(0)P(0)A(0)H(0)S(0)Y(0)S(0)G(0)R(0)	63.837017	20	0	0	64.37641	20	14.754333	2	0	0	0	FALSE	FALSE	TRUE	sp|P04004|VTNC_HUMAN	P04004	VTNC_HUMAN	VTN	Vitronectin			51771	4528.265	51691	4457.954	4635.844	20.642	108
240419_ES_R00006_MG_c00001_SA_NPB_3_i2.51810.51810.3	D:\SHARE\Tim\25-12-03_GD_Dataset\GD_dataset\NPB_3_i2\interact.pep.xml	NISDGFDGIPDNVDAALALPAHSYSGR	N[2028]ISDGFDGIPDNVDAALALPAHSYSGR	VLDPDYPR.NISDGFDGIPDNVDAALALPAHSYSGR.ERVYFFKG	R	E	27	3	4538.486	4687.05	4687.0303	1563.3573	1563.3507	4684.9922	1562.6714	2.0383	0	57.694	8.953	1	0	2	0	242	268	0	1N(1913.6770)	NA	HexNAc(4)Hex(5)NeuAc(1) % 1913.6770	1.24	0	nISDGFDGIPDNVDAALALPAHSYSGR	N(54.11)I(0.00)S(0.00)D(0.00)G(0.00)F(0.00)D(0.00)G(0.00)I(0.00)P(0.00)D(0.00)N(0.00)V(0.00)D(0.00)A(0.00)A(0.00)L(0.00)A(0.00)L(0.00)P(0.00)A(0.00)H(0.00)S(0.00)Y(0.00)S(0.00)G(0.00)R(0.00)	N1	1	N(10.81)I(0.00)S(0.00)D(0.00)G(0.00)F(0.00)D(0.00)G(0.00)I(0.00)P(0.00)D(0.00)N(0.00)V(0.00)D(0.00)A(0.00)A(0.00)L(0.00)A(0.00)L(0.00)P(0.00)A(0.00)H(0.00)S(0.00)Y(0.00)S(0.00)G(0.00)R(0.00)	N(2)I(0)S(0)D(0)G(0)F(0)D(0)G(0)I(0)P(0)D(0)N(0)V(0)D(0)A(0)A(0)L(0)A(0)L(0)P(0)A(0)H(0)S(0)Y(0)S(0)G(0)R(0)	54.112473	19	0	0	57.694065	21	10.807409	2	0	0	0	FALSE	FALSE	TRUE	sp|P04004|VTNC_HUMAN	P04004	VTNC_HUMAN	VTN	Vitronectin			51799	0	0	0	0	0	0
240419_ES_R00006_MG_c00001_SA_NPB_3_i2.51883.51883.3	D:\SHARE\Tim\25-12-03_GD_Dataset\GD_dataset\NPB_3_i2\interact.pep.xml	DLQSLEDILHQVENK	DLQSLEDILHQVEN[2028]K	TYQTKVDK.DLQSLEDILHQVENK.TSEVKQLI	K	T	15	3	4544.623	3693.5469	3693.5762	1232.1896	1232.1993	3693.5771	1232.1996	-0.001	9.38E-06	16.672	8.325	1	0	2	0	65	79	45823956	14N(1913.6770)	NA	HexNAc(4)Hex(5)NeuAc(1) % 1913.6770	3.85	0	DLQSLEDILHQVEnK	D(0.00)L(0.00)Q(0.00)S(0.00)L(0.00)E(0.00)D(0.00)I(0.00)L(0.00)H(0.00)Q(0.00)V(0.00)E(0.00)N(16.63)K(0.00)	N14	1	D(0.00)L(0.00)Q(0.00)S(0.00)L(0.00)E(0.00)D(0.00)I(0.00)L(0.00)H(0.00)Q(0.00)V(0.00)E(0.00)N(8.58)K(0.00)	D(0)L(0)Q(0)S(0)L(0)E(0)D(0)I(0)L(0)H(0)Q(0)V(0)E(0)N(1)K(0)	16.630447	6	0	0	16.672237	6	8.578228	1	0	0	0	FALSE	FALSE	FALSE	tr|C9JC84|C9JC84_HUMAN	C9JC84	C9JC84_HUMAN	FGG	Fibrinogen gamma chain		"sp|P02679|FIBG_HUMAN, tr|C9JEU5|C9JEU5_HUMAN"	51858	4546.9053	51910	4539.645	4549.519	4.7450004	4
240419_ES_R00006_MG_c00001_SA_NPB_3_i2.51885.51885.5	D:\SHARE\Tim\25-12-03_GD_Dataset\GD_dataset\NPB_3_i2\interact.pep.xml	FEDGVLDPDYPRNISDGFDGIPDNVDAALALPAHSYSGR	FEDGVLDPDYPRN[2028]ISDGFDGIPDNVDAALALPAHSYSGR	FKGSQYWR.FEDGVLDPDYPRNISDGFDGIPDNVDAALALPAHSYSGR.ERVYFFKG	R	E	39	5	4544.7886	6088.6353	6088.629	1218.7343	1218.7331	6088.6279	1218.7329	0.0012	8.41E-11	49.801	8.669	1	0	2	1	230	268	1443931260	13N(1913.6770)	NA	HexNAc(4)Hex(5)NeuAc(1) % 1913.6770	4.37	0	FEDGVLDPDYPRnISDGFDGIPDNVDAALALPAHSYSGR	F(0.00)E(0.00)D(0.00)G(0.00)V(0.00)L(0.00)D(0.00)P(0.00)D(0.00)Y(0.00)P(0.00)R(0.00)N(49.80)I(0.00)S(0.00)D(0.00)G(0.00)F(0.00)D(0.00)G(0.00)I(0.00)P(0.00)D(0.00)N(0.00)V(0.00)D(0.00)A(0.00)A(0.00)L(0.00)A(0.00)L(0.00)P(0.00)A(0.00)H(0.00)S(0.00)Y(0.00)S(0.00)G(0.00)R(0.00)	N13	1	F(0.00)E(0.00)D(0.00)G(0.00)V(0.00)L(0.00)D(0.00)P(0.00)D(0.00)Y(0.00)P(0.00)R(0.00)N(7.80)I(0.00)S(0.00)D(0.00)G(0.00)F(0.00)D(0.00)G(0.00)I(0.00)P(0.00)D(0.00)N(0.00)V(0.00)D(0.00)A(0.00)A(0.00)L(0.00)A(0.00)L(0.00)P(0.00)A(0.00)H(0.00)S(0.00)Y(0.00)S(0.00)G(0.00)R(0.00)	F(0)E(0)D(0)G(0)V(0)L(0)D(0)P(0)D(0)Y(0)P(0)R(0)N(1)I(0)S(0)D(0)G(0)F(0)D(0)G(0)I(0)P(0)D(0)N(0)V(0)D(0)A(0)A(0)L(0)A(0)L(0)P(0)A(0)H(0)S(0)Y(0)S(0)G(0)R(0)	49.80172	20	0	0	47.868626	19	7.7984133	1	0	0	0	FALSE	FALSE	TRUE	sp|P04004|VTNC_HUMAN	P04004	VTNC_HUMAN	VTN	Vitronectin			51877	4527.221	51678	4496.331	4653.896	19.67	102
240419_ES_R00006_MG_c00001_SA_NPB_3_i2.51888.51888.3	D:\SHARE\Tim\25-12-03_GD_Dataset\GD_dataset\NPB_3_i2\interact.pep.xml	DLQSLEDILHQVENK	DLQSLEDILHQVEN[2028]K	TYQTKVDK.DLQSLEDILHQVENK.TSEVKQLI	K	T	15	3	4545.1196	3693.582	3693.5764	1232.2013	1232.1994	3693.5771	1232.1996	-9.00E-04	1.00E-06	34.494	5.964	1	0	2	0	65	79	3441622020	14N(1913.6770)	NA	HexNAc(4)Hex(5)NeuAc(1) % 1913.6770	5.5	0	DLQSLEDILHQVEnK	D(0.00)L(0.00)Q(0.00)S(0.00)L(0.00)E(0.00)D(0.00)I(0.00)L(0.00)H(0.00)Q(0.00)V(0.00)E(0.00)N(32.52)K(0.00)	N14	1	D(0.00)L(0.00)Q(0.00)S(0.00)L(0.00)E(0.00)D(0.00)I(0.00)L(0.00)H(0.00)Q(0.00)V(0.00)E(0.00)N(11.23)K(0.00)	D(0)L(0)Q(0)S(0)L(0)E(0)D(0)I(0)L(0)H(0)Q(0)V(0)E(0)N(1)K(0)	32.52434	12	0	0	34.4948	13	11.232631	1	0	0	0	FALSE	FALSE	FALSE	tr|C9JC84|C9JC84_HUMAN	C9JC84	C9JC84_HUMAN	FGG	Fibrinogen gamma chain		"sp|P02679|FIBG_HUMAN, tr|C9JEU5|C9JEU5_HUMAN"	51877	4567.7725	52186	4539.645	4707.701	20.806002	92
240419_ES_R00006_MG_c00001_SA_NPB_3_i2.51896.51896.3	D:\SHARE\Tim\25-12-03_GD_Dataset\GD_dataset\NPB_3_i2\interact.pep.xml	DLQSLEDILHQVENK	DLQSLEDILHQVEN[2028]K	TYQTKVDK.DLQSLEDILHQVENK.TSEVKQLI	K	T	15	3	4545.696	3693.5884	3693.5764	1232.2034	1232.1994	3693.5771	1232.1996	-9.00E-04	8.56E-08	38.771	7.615	1	0	2	0	65	79	3441622020	14N(1913.6770)	NA	HexNAc(4)Hex(5)NeuAc(1) % 1913.6770	5.52	0	DLQSLEDILHQVEnK	D(0.00)L(0.00)Q(0.00)S(0.00)L(0.00)E(0.00)D(0.00)I(0.00)L(0.00)H(0.00)Q(0.00)V(0.00)E(0.00)N(32.01)K(0.00)	N14	1	D(0.00)L(0.00)Q(0.00)S(0.00)L(0.00)E(0.00)D(0.00)I(0.00)L(0.00)H(0.00)Q(0.00)V(0.00)E(0.00)N(13.24)K(0.00)	D(0)L(0)Q(0)S(0)L(0)E(0)D(0)I(0)L(0)H(0)Q(0)V(0)E(0)N(2)K(0)	32.009605	12	0	0	38.771835	15	13.2353945	2	0	0	0	FALSE	FALSE	FALSE	tr|C9JC84|C9JC84_HUMAN	C9JC84	C9JC84_HUMAN	FGG	Fibrinogen gamma chain		"sp|P02679|FIBG_HUMAN, tr|C9JEU5|C9JEU5_HUMAN"	51884	4567.7725	52186	4539.645	4707.701	20.806002	92
240419_ES_R00006_MG_c00001_SA_NPB_3_i2.51900.51900.4	D:\SHARE\Tim\25-12-03_GD_Dataset\GD_dataset\NPB_3_i2\interact.pep.xml	DLQSLEDILHQVENK	DLQSLEDILHQVEN[2028]K	TYQTKVDK.DLQSLEDILHQVENK.TSEVKQLI	K	T	15	4	4546.0947	3693.5889	3693.5771	924.4045	924.4016	3693.5771	924.4016	0	2.36E-06	26.313	10.16	0.9999	0	2	0	65	79	1124970750	14N(1913.6770)	NA	HexNAc(4)Hex(5)NeuAc(1) % 1913.6770	8.94	0	DLQSLEDILHQVEnK	D(0.00)L(0.00)Q(0.00)S(0.00)L(0.00)E(0.00)D(0.00)I(0.00)L(0.00)H(0.00)Q(0.00)V(0.00)E(0.00)N(22.26)K(0.00)	N14	1	D(0.00)L(0.00)Q(0.00)S(0.00)L(0.00)E(0.00)D(0.00)I(0.00)L(0.00)H(0.00)Q(0.00)V(0.00)E(0.00)N(12.12)K(0.00)	D(0)L(0)Q(0)S(0)L(0)E(0)D(0)I(0)L(0)H(0)Q(0)V(0)E(0)N(0)K(0)	22.257313	6	0	0	26.313799	8	12.117498	0	0	0	0	FALSE	FALSE	FALSE	tr|C9JC84|C9JC84_HUMAN	C9JC84	C9JC84_HUMAN	FGG	Fibrinogen gamma chain		"sp|P02679|FIBG_HUMAN, tr|C9JEU5|C9JEU5_HUMAN"	51884	4564.013	52137	4540.4854	4648.8374	23.416	57
240419_ES_R00006_MG_c00001_SA_NPB_3_i2.51940.51940.5	D:\SHARE\Tim\25-12-03_GD_Dataset\GD_dataset\NPB_3_i2\interact.pep.xml	NISDGFDGIPDNVDAALALPAHSYSGR	N[2028]ISDGFDGIPDNVDAALALPAHSYSGR	VLDPDYPR.NISDGFDGIPDNVDAALALPAHSYSGR.ERVYFFKG	R	E	27	5	4549.2305	4685.9976	4685.994	938.2068	938.2061	4684.9922	938.0057	1.0022	0.005040805	19.69	0	0.9997	0	2	0	242	268	0	1N(1913.6770)	NA	HexNAc(4)Hex(5)NeuAc(1) % 1913.6770	5.15	0	nISDGFDGIPDNVDAALALPAHSYSGR	N(19.69)I(0.00)S(0.00)D(0.00)G(0.00)F(0.00)D(0.00)G(0.00)I(0.00)P(0.00)D(0.00)N(0.00)V(0.00)D(0.00)A(0.00)A(0.00)L(0.00)A(0.00)L(0.00)P(0.00)A(0.00)H(0.00)S(0.00)Y(0.00)S(0.00)G(0.00)R(0.00)	N1	1	N(6.90)I(0.00)S(0.00)D(0.00)G(0.00)F(0.00)D(0.00)G(0.00)I(0.00)P(0.00)D(0.00)N(0.00)V(0.00)D(0.00)A(0.00)A(0.00)L(0.00)A(0.00)L(0.00)P(0.00)A(0.00)H(0.00)S(0.00)Y(0.00)S(0.00)G(0.00)R(0.00)	N(0)I(0)S(0)D(0)G(0)F(0)D(0)G(0)I(0)P(0)D(0)N(0)V(0)D(0)A(0)A(0)L(0)A(0)L(0)P(0)A(0)H(0)S(0)Y(0)S(0)G(0)R(0)	19.690868	6	0	0	19.690868	6	6.897996	0	0	0	0	FALSE	FALSE	TRUE	sp|P04004|VTNC_HUMAN	P04004	VTNC_HUMAN	VTN	Vitronectin			51910	0	0	0	0	0	0
240419_ES_R00006_MG_c00001_SA_NPB_3_i2.51948.51948.5	D:\SHARE\Tim\25-12-03_GD_Dataset\GD_dataset\NPB_3_i2\interact.pep.xml	NISDGFDGIPDNVDAALALPAHSYSGR	N[2028]ISDGFDGIPDNVDAALALPAHSYSGR	VLDPDYPR.NISDGFDGIPDNVDAALALPAHSYSGR.ERVYFFKG	R	E	27	5	4549.9326	4686.0786	4686.0713	938.223	938.2215	4684.9922	938.0057	1.0793	0.2805433	8.708	0	0.9519	0.000230947	2	0	242	268	0	1N(1913.6770)	NA	HexNAc(4)Hex(5)NeuAc(1) % 1913.6770	-3.47	0.00520156	nISDGFDGIPDNVDAALALPAHSYSGR	N(6.82)I(0.00)S(0.00)D(0.00)G(0.00)F(0.00)D(0.00)G(0.00)I(0.00)P(0.00)D(0.00)N(0.00)V(0.00)D(0.00)A(0.00)A(0.00)L(0.00)A(0.00)L(0.00)P(0.00)A(0.00)H(0.00)S(0.00)Y(0.00)S(0.00)G(0.00)R(0.00)	N1	1	N(2.22)I(0.00)S(0.00)D(0.00)G(0.00)F(0.00)D(0.00)G(0.00)I(0.00)P(0.00)D(0.00)N(0.00)V(0.00)D(0.00)A(0.00)A(0.00)L(0.00)A(0.00)L(0.00)P(0.00)A(0.00)H(0.00)S(0.00)Y(0.00)S(0.00)G(0.00)R(0.00)	N(0)I(0)S(0)D(0)G(0)F(0)D(0)G(0)I(0)P(0)D(0)N(0)V(0)D(0)A(0)A(0)L(0)A(0)L(0)P(0)A(0)H(0)S(0)Y(0)S(0)G(0)R(0)	6.8218837	3	0	0	8.708347	4	2.2174628	0	0	0	0	FALSE	FALSE	TRUE	sp|P04004|VTNC_HUMAN	P04004	VTNC_HUMAN	VTN	Vitronectin			51923	0	0	0	0	0	0
240419_ES_R00006_MG_c00001_SA_NPB_3_i2.51960.51960.4	D:\SHARE\Tim\25-12-03_GD_Dataset\GD_dataset\NPB_3_i2\interact.pep.xml	NNATVHEQVGGPSLTSDLQAQSK	NN[2319]ATVHEQVGGPSLTSDLQAQSK	VYDDGEEK.NNATVHEQVGGPSLTSDLQAQSK.GNPEQTPV	K	G	23	4	4550.907	4584.9463	4584.936	1147.2439	1147.2413	4584.9346	1147.241	0.0017	3.21E-06	31.472	0	0.9999	0	2	0	85	107	29246074	2N(2204.7725)	NA	HexNAc(4)Hex(5)NeuAc(2) % 2204.7724	6.15	0	NnATVHEQVGGPSLTSDLQAQSK	N(0.00)N(30.29)A(0.00)T(0.00)V(0.00)H(0.00)E(0.00)Q(0.00)V(0.00)G(0.00)G(0.00)P(0.00)S(0.00)L(0.00)T(0.00)S(0.00)D(0.00)L(0.00)Q(0.00)A(0.00)Q(0.00)S(0.00)K(0.00)	N2	1	N(0.00)N(9.55)A(0.00)T(0.00)V(0.00)H(0.00)E(0.00)Q(0.00)V(0.00)G(0.00)G(0.00)P(0.00)S(0.00)L(0.00)T(0.00)S(0.00)D(0.00)L(0.00)Q(0.00)A(0.00)Q(0.00)S(0.00)K(0.00)	N(0)N(0)A(0)T(0)V(0)H(0)E(0)Q(0)V(0)G(0)G(0)P(0)S(0)L(0)T(0)S(0)D(0)L(0)Q(0)A(0)Q(0)S(0)K(0)	30.285805	9	0	0	31.472122	10	9.546078	0	0	0	0	FALSE	FALSE	FALSE	sp|P04004|VTNC_HUMAN	P04004	VTNC_HUMAN	VTN	Vitronectin		tr|F5GX75|F5GX75_HUMAN	51943	4540.4854	51833	4535.1143	4784.491	3.0270002	135
240419_ES_R00006_MG_c00001_SA_NPB_3_i2.52014.52014.4	D:\SHARE\Tim\25-12-03_GD_Dataset\GD_dataset\NPB_3_i2\interact.pep.xml	FEDGVLDPDYPRNISDGFDGIPDNVDAALALPAHSYSGR	FEDGVLDPDYPRN[2174]ISDGFDGIPDNVDAALALPAHSYSGR	FKGSQYWR.FEDGVLDPDYPRNISDGFDGIPDNVDAALALPAHSYSGR.ERVYFFKG	R	E	39	4	4554.969	6234.6714	6234.6396	1559.6751	1559.6672	6234.6855	1559.6787	-0.0459	0.000103217	22.445	0	1	0	2	1	230	268	0	13N(2059.7349)	NA	HexNAc(4)Hex(5)Fuc(1)NeuAc(1) % 2059.7349	-2.33	0.001632209	FEDGVLDPDYPRnISDGFDGIPDNVDAALALPAHSYSGR	F(0.00)E(0.00)D(0.00)G(0.00)V(0.00)L(0.00)D(0.00)P(0.00)D(0.00)Y(0.00)P(0.00)R(0.00)N(22.45)I(0.00)S(0.00)D(0.00)G(0.00)F(0.00)D(0.00)G(0.00)I(0.00)P(0.00)D(0.00)N(0.00)V(0.00)D(0.00)A(0.00)A(0.00)L(0.00)A(0.00)L(0.00)P(0.00)A(0.00)H(0.00)S(0.00)Y(0.00)S(0.00)G(0.00)R(0.00)	N13	1	F(0.00)E(0.00)D(0.00)G(0.00)V(0.00)L(0.00)D(0.00)P(0.00)D(0.00)Y(0.00)P(0.00)R(0.00)N(2.21)I(0.00)S(0.00)D(0.00)G(0.00)F(0.00)D(0.00)G(0.00)I(0.00)P(0.00)D(0.00)N(0.00)V(0.00)D(0.00)A(0.00)A(0.00)L(0.00)A(0.00)L(0.00)P(0.00)A(0.00)H(0.00)S(0.00)Y(0.00)S(0.00)G(0.00)R(0.00)	F(0)E(0)D(0)G(0)V(0)L(0)D(0)P(0)D(0)Y(0)P(0)R(0)N(0)I(0)S(0)D(0)G(0)F(0)D(0)G(0)I(0)P(0)D(0)N(0)V(0)D(0)A(0)A(0)L(0)A(0)L(0)P(0)A(0)H(0)S(0)Y(0)S(0)G(0)R(0)	22.44524	10	0	0	22.44524	10	2.2088237	0	0	0	0	FALSE	FALSE	TRUE	sp|P04004|VTNC_HUMAN	P04004	VTNC_HUMAN	VTN	Vitronectin			51983	0	0	0	0	0	0
240419_ES_R00006_MG_c00001_SA_NPB_3_i2.52073.52073.4	D:\SHARE\Tim\25-12-03_GD_Dataset\GD_dataset\NPB_3_i2\interact.pep.xml	NNATVHEQVGGPSLTSDLQAQSK	NN[2319]ATVHEQVGGPSLTSDLQAQSK	VYDDGEEK.NNATVHEQVGGPSLTSDLQAQSK.GNPEQTPV	K	G	23	4	4559.3784	4584.941	4584.931	1147.2425	1147.24	4584.9346	1147.241	-0.0032	4.00E-14	51.932	15.711	1	0	2	0	85	107	29246074	2N(2204.7725)	NA	HexNAc(4)Hex(5)NeuAc(2) % 2204.7724	6.37	0	NnATVHEQVGGPSLTSDLQAQSK	N(0.00)N(50.50)A(0.00)T(0.00)V(0.00)H(0.00)E(0.00)Q(0.00)V(0.00)G(0.00)G(0.00)P(0.00)S(0.00)L(0.00)T(0.00)S(0.00)D(0.00)L(0.00)Q(0.00)A(0.00)Q(0.00)S(0.00)K(0.00)	N2	1	N(0.00)N(14.52)A(0.00)T(0.00)V(0.00)H(0.00)E(0.00)Q(0.00)V(0.00)G(0.00)G(0.00)P(0.00)S(0.00)L(0.00)T(0.00)S(0.00)D(0.00)L(0.00)Q(0.00)A(0.00)Q(0.00)S(0.00)K(0.00)	N(0)N(2)A(0)T(0)V(0)H(0)E(0)Q(0)V(0)G(0)G(0)P(0)S(0)L(0)T(0)S(0)D(0)L(0)Q(0)A(0)Q(0)S(0)K(0)	50.504143	16	0	0	51.932655	17	14.524943	2	0	0	0	FALSE	FALSE	FALSE	sp|P04004|VTNC_HUMAN	P04004	VTNC_HUMAN	VTN	Vitronectin		tr|F5GX75|F5GX75_HUMAN	52039	4540.4854	51833	4537.5083	5328.786	3.0270002	524
240419_ES_R00006_MG_c00001_SA_NPB_3_i2.52085.52085.4	D:\SHARE\Tim\25-12-03_GD_Dataset\GD_dataset\NPB_3_i2\interact.pep.xml	NISDGFDGIPDNVDAALALPAHSYSGR	N[2028]ISDGFDGIPDNVDAALALPAHSYSGR	VLDPDYPR.NISDGFDGIPDNVDAALALPAHSYSGR.ERVYFFKG	R	E	27	4	4560.198	4685	4684.9805	1172.2573	1172.2524	4684.9922	1172.2554	-0.0115	8.68E-12	44.82	9.013	1	0	2	0	242	268	37125812	1N(1913.6770)	NA	HexNAc(4)Hex(5)NeuAc(1) % 1913.6770	2.69	0	nISDGFDGIPDNVDAALALPAHSYSGR	N(43.27)I(0.00)S(0.00)D(0.00)G(0.00)F(0.00)D(0.00)G(0.00)I(0.00)P(0.00)D(0.00)N(0.00)V(0.00)D(0.00)A(0.00)A(0.00)L(0.00)A(0.00)L(0.00)P(0.00)A(0.00)H(0.00)S(0.00)Y(0.00)S(0.00)G(0.00)R(0.00)	N1	1	N(9.15)I(0.00)S(0.00)D(0.00)G(0.00)F(0.00)D(0.00)G(0.00)I(0.00)P(0.00)D(0.00)N(0.00)V(0.00)D(0.00)A(0.00)A(0.00)L(0.00)A(0.00)L(0.00)P(0.00)A(0.00)H(0.00)S(0.00)Y(0.00)S(0.00)G(0.00)R(0.00)	N(1)I(0)S(0)D(0)G(0)F(0)D(0)G(0)I(0)P(0)D(0)N(0)V(0)D(0)A(0)A(0)L(0)A(0)L(0)P(0)A(0)H(0)S(0)Y(0)S(0)G(0)R(0)	43.267403	15	0	0	44.820915	16	9.151495	1	0	0	0	FALSE	FALSE	TRUE	sp|P04004|VTNC_HUMAN	P04004	VTNC_HUMAN	VTN	Vitronectin			52039	4542.6724	51858	4503.2534	4564.013	6.5600004	48
240419_ES_R00006_MG_c00001_SA_NPB_3_i2.52086.52086.3	D:\SHARE\Tim\25-12-03_GD_Dataset\GD_dataset\NPB_3_i2\interact.pep.xml	DLQSLEDILHQVENK	DLQSLEDILHQVEN[1737]K	TYQTKVDK.DLQSLEDILHQVENK.TSEVKQLI	K	T	15	3	4560.2666	3402.4897	3402.4849	1135.1705	1135.1689	3402.4817	1135.1678	0.0032	1.44E-07	38.866	8.252	1	0	2	0	65	79	18127436	14N(1622.5815)	NA	HexNAc(4)Hex(5) % 1622.5816	3.35	0	DLQSLEDILHQVEnK	D(0.00)L(0.00)Q(0.00)S(0.00)L(0.00)E(0.00)D(0.00)I(0.00)L(0.00)H(0.00)Q(0.00)V(0.00)E(0.00)N(32.58)K(0.00)	N14	1	D(0.00)L(0.00)Q(0.00)S(0.00)L(0.00)E(0.00)D(0.00)I(0.00)L(0.00)H(0.00)Q(0.00)V(0.00)E(0.00)N(11.31)K(0.00)	D(0)L(0)Q(0)S(0)L(0)E(0)D(0)I(0)L(0)H(0)Q(0)V(0)E(0)N(1)K(0)	32.58379	12	0	0	38.86661	15	11.31093	1	0	0	0	FALSE	FALSE	FALSE	tr|C9JC84|C9JC84_HUMAN	C9JC84	C9JC84_HUMAN	FGG	Fibrinogen gamma chain		"sp|P02679|FIBG_HUMAN, tr|C9JEU5|C9JEU5_HUMAN"	52039	4567.7725	52186	4552.584	4590.038	18.666	15
240419_ES_R00006_MG_c00001_SA_NPB_3_i2.52138.52138.3	D:\SHARE\Tim\25-12-03_GD_Dataset\GD_dataset\NPB_3_i2\interact.pep.xml	DLQSLEDILHQVENK	DLQSLEDILHQVEN[1737]K	TYQTKVDK.DLQSLEDILHQVENK.TSEVKQLI	K	T	15	3	4564.028	3402.4775	3402.4849	1135.1664	1135.1689	3402.4817	1135.1678	0.0032	3.87E-06	31.149	5.759	1	0	2	0	65	79	18127436	14N(1622.5815)	NA	HexNAc(4)Hex(5) % 1622.5816	3.35	0	DLQSLEDILHQVEnK	D(0.00)L(0.00)Q(0.00)S(0.00)L(0.00)E(0.00)D(0.00)I(0.00)L(0.00)H(0.00)Q(0.00)V(0.00)E(0.00)N(27.08)K(0.00)	N14	1	D(0.00)L(0.00)Q(0.00)S(0.00)L(0.00)E(0.00)D(0.00)I(0.00)L(0.00)H(0.00)Q(0.00)V(0.00)E(0.00)N(11.06)K(0.00)	D(0)L(0)Q(0)S(0)L(0)E(0)D(0)I(0)L(0)H(0)Q(0)V(0)E(0)N(1)K(0)	27.07985	10	0	0	31.149027	12	11.059029	1	0	0	0	FALSE	FALSE	FALSE	tr|C9JC84|C9JC84_HUMAN	C9JC84	C9JC84_HUMAN	FGG	Fibrinogen gamma chain		"sp|P02679|FIBG_HUMAN, tr|C9JEU5|C9JEU5_HUMAN"	52110	4567.7725	52186	4552.584	4588.0864	18.666	14
240419_ES_R00006_MG_c00001_SA_NPB_3_i2.52143.52143.4	D:\SHARE\Tim\25-12-03_GD_Dataset\GD_dataset\NPB_3_i2\interact.pep.xml	NISDGFDGIPDNVDAALALPAHSYSGR	N[2684]ISDGFDGIPDNVDAALALPAHSYSGR	VLDPDYPR.NISDGFDGIPDNVDAALALPAHSYSGR.ERVYFFKG	R	E	27	4	4564.495	5341.2266	5341.2104	1336.3139	1336.3099	5341.2197	1336.3123	-0.009	3.30E-12	31.798	10.988	1	0	2	0	242	268	0	1N(2569.9045)	NA	HexNAc(5)Hex(6)NeuAc(2) % 2569.9046	2.51	0	nISDGFDGIPDNVDAALALPAHSYSGR	N(31.78)I(0.00)S(0.00)D(0.00)G(0.00)F(0.00)D(0.00)G(0.00)I(0.00)P(0.00)D(0.00)N(0.00)V(0.00)D(0.00)A(0.00)A(0.00)L(0.00)A(0.00)L(0.00)P(0.00)A(0.00)H(0.00)S(0.00)Y(0.00)S(0.00)G(0.00)R(0.00)	N1	1	N(9.77)I(0.00)S(0.00)D(0.00)G(0.00)F(0.00)D(0.00)G(0.00)I(0.00)P(0.00)D(0.00)N(0.00)V(0.00)D(0.00)A(0.00)A(0.00)L(0.00)A(0.00)L(0.00)P(0.00)A(0.00)H(0.00)S(0.00)Y(0.00)S(0.00)G(0.00)R(0.00)	N(0)I(0)S(0)D(0)G(0)F(0)D(0)G(0)I(0)P(0)D(0)N(0)V(0)D(0)A(0)A(0)L(0)A(0)L(0)P(0)A(0)H(0)S(0)Y(0)S(0)G(0)R(0)	31.775854	9	0	0	31.798594	10	9.77367	0	0	0	0	FALSE	FALSE	TRUE	sp|P04004|VTNC_HUMAN	P04004	VTNC_HUMAN	VTN	Vitronectin			52110	0	0	0	0	0	0
240419_ES_R00006_MG_c00001_SA_NPB_3_i2.52230.52230.4	D:\SHARE\Tim\25-12-03_GD_Dataset\GD_dataset\NPB_3_i2\interact.pep.xml	FEDGVLDPDYPRNISDGFDGIPDNVDAALALPAHSYSGR	FEDGVLDPDYPRN[2028]ISDGFDGIPDNVDAALALPAHSYSGR	FKGSQYWR.FEDGVLDPDYPRNISDGFDGIPDNVDAALALPAHSYSGR.ERVYFFKG	R	E	39	4	4571.186	6088.643	6088.6353	1523.168	1523.1661	6088.6279	1523.1643	0.0074	6.39E-10	38.044	7.766	1	0	2	1	230	268	46190876	13N(1913.6770)	NA	HexNAc(4)Hex(5)NeuAc(1) % 1913.6770	1.41	0	FEDGVLDPDYPRnISDGFDGIPDNVDAALALPAHSYSGR	F(0.00)E(0.00)D(0.00)G(0.00)V(0.00)L(0.00)D(0.00)P(0.00)D(0.00)Y(0.00)P(0.00)R(0.00)N(38.04)I(0.00)S(0.00)D(0.00)G(0.00)F(0.00)D(0.00)G(0.00)I(0.00)P(0.00)D(0.00)N(0.00)V(0.00)D(0.00)A(0.00)A(0.00)L(0.00)A(0.00)L(0.00)P(0.00)A(0.00)H(0.00)S(0.00)Y(0.00)S(0.00)G(0.00)R(0.00)	N13	1	F(0.00)E(0.00)D(0.00)G(0.00)V(0.00)L(0.00)D(0.00)P(0.00)D(0.00)Y(0.00)P(0.00)R(0.00)N(2.32)I(0.00)S(0.00)D(0.00)G(0.00)F(0.00)D(0.00)G(0.00)I(0.00)P(0.00)D(0.00)N(0.00)V(0.00)D(0.00)A(0.00)A(0.00)L(0.00)A(0.00)L(0.00)P(0.00)A(0.00)H(0.00)S(0.00)Y(0.00)S(0.00)G(0.00)R(0.00)	F(0)E(0)D(0)G(0)V(0)L(0)D(0)P(0)D(0)Y(0)P(0)R(0)N(0)I(0)S(0)D(0)G(0)F(0)D(0)G(0)I(0)P(0)D(0)N(0)V(0)D(0)A(0)A(0)L(0)A(0)L(0)P(0)A(0)H(0)S(0)Y(0)S(0)G(0)R(0)	38.044415	15	0	0	38.044415	15	2.3227797	0	0	0	0	FALSE	FALSE	TRUE	sp|P04004|VTNC_HUMAN	P04004	VTNC_HUMAN	VTN	Vitronectin			52198	4567.7725	52186	4492.646	4609.894	18.972	78
240419_ES_R00006_MG_c00001_SA_NPB_3_i2.52261.52261.3	D:\SHARE\Tim\25-12-03_GD_Dataset\GD_dataset\NPB_3_i2\interact.pep.xml	NISDGFDGIPDNVDAALALPAHSYSGR	N[1663]ISDGFDGIPDNVDAALALPAHSYSGR	VLDPDYPR.NISDGFDGIPDNVDAALALPAHSYSGR.ERVYFFKG	R	E	27	3	4573.4805	4321.8315	4321.798	1441.6178	1441.6066	4319.8599	1440.9606	1.9381	4.90E-13	36.39	13.017	1	0	2	0	242	268	0	1N(1548.5448)	NA	HexNAc(3)Hex(4)NeuAc(1) % 1548.5448	1.4	0	nISDGFDGIPDNVDAALALPAHSYSGR	N(32.92)I(0.00)S(0.00)D(0.00)G(0.00)F(0.00)D(0.00)G(0.00)I(0.00)P(0.00)D(0.00)N(0.00)V(0.00)D(0.00)A(0.00)A(0.00)L(0.00)A(0.00)L(0.00)P(0.00)A(0.00)H(0.00)S(0.00)Y(0.00)S(0.00)G(0.00)R(0.00)	N1	1	N(7.34)I(0.00)S(0.00)D(0.00)G(0.00)F(0.00)D(0.00)G(0.00)I(0.00)P(0.00)D(0.00)N(0.00)V(0.00)D(0.00)A(0.00)A(0.00)L(0.00)A(0.00)L(0.00)P(0.00)A(0.00)H(0.00)S(0.00)Y(0.00)S(0.00)G(0.00)R(0.00)	N(0)I(0)S(0)D(0)G(0)F(0)D(0)G(0)I(0)P(0)D(0)N(0)V(0)D(0)A(0)A(0)L(0)A(0)L(0)P(0)A(0)H(0)S(0)Y(0)S(0)G(0)R(0)	32.91863	11	0	0	36.390907	13	7.3440366	0	0	0	0	FALSE	FALSE	TRUE	sp|P04004|VTNC_HUMAN	P04004	VTNC_HUMAN	VTN	Vitronectin			52228	0	0	0	0	0	0
240419_ES_R00006_MG_c00001_SA_NPB_3_i2.52270.52270.5	D:\SHARE\Tim\25-12-03_GD_Dataset\GD_dataset\NPB_3_i2\interact.pep.xml	FEDGVLDPDYPRNISDGFDGIPDNVDAALALPAHSYSGR	FEDGVLDPDYPRN[2028]ISDGFDGIPDNVDAALALPAHSYSGR	FKGSQYWR.FEDGVLDPDYPRNISDGFDGIPDNVDAALALPAHSYSGR.ERVYFFKG	R	E	39	5	4574.2456	6088.647	6088.6323	1218.7367	1218.7337	6088.6279	1218.7329	0.0046	0	49.152	8.777	1	0	2	1	230	268	57345752	13N(1913.6770)	NA	HexNAc(4)Hex(5)NeuAc(1) % 1913.6770	3.11	0	FEDGVLDPDYPRnISDGFDGIPDNVDAALALPAHSYSGR	F(0.00)E(0.00)D(0.00)G(0.00)V(0.00)L(0.00)D(0.00)P(0.00)D(0.00)Y(0.00)P(0.00)R(0.00)N(49.15)I(0.00)S(0.00)D(0.00)G(0.00)F(0.00)D(0.00)G(0.00)I(0.00)P(0.00)D(0.00)N(0.00)V(0.00)D(0.00)A(0.00)A(0.00)L(0.00)A(0.00)L(0.00)P(0.00)A(0.00)H(0.00)S(0.00)Y(0.00)S(0.00)G(0.00)R(0.00)	N13	1	F(0.00)E(0.00)D(0.00)G(0.00)V(0.00)L(0.00)D(0.00)P(0.00)D(0.00)Y(0.00)P(0.00)R(0.00)N(9.53)I(0.00)S(0.00)D(0.00)G(0.00)F(0.00)D(0.00)G(0.00)I(0.00)P(0.00)D(0.00)N(0.00)V(0.00)D(0.00)A(0.00)A(0.00)L(0.00)A(0.00)L(0.00)P(0.00)A(0.00)H(0.00)S(0.00)Y(0.00)S(0.00)G(0.00)R(0.00)	F(0)E(0)D(0)G(0)V(0)L(0)D(0)P(0)D(0)Y(0)P(0)R(0)N(1)I(0)S(0)D(0)G(0)F(0)D(0)G(0)I(0)P(0)D(0)N(0)V(0)D(0)A(0)A(0)L(0)A(0)L(0)P(0)A(0)H(0)S(0)Y(0)S(0)G(0)R(0)	49.152534	18	0	0	47.568565	17	9.527708	1	0	0	0	FALSE	FALSE	TRUE	sp|P04004|VTNC_HUMAN	P04004	VTNC_HUMAN	VTN	Vitronectin			52243	4556.7563	52039	4494.458	4661.616	19.67	105
240419_ES_R00006_MG_c00001_SA_NPB_3_i2.52315.52315.4	D:\SHARE\Tim\25-12-03_GD_Dataset\GD_dataset\NPB_3_i2\interact.pep.xml	NISDGFDGIPDNVDAALALPAHSYSGR	N[2319]ISDGFDGIPDNVDAALALPAHSYSGR	VLDPDYPR.NISDGFDGIPDNVDAALALPAHSYSGR.ERVYFFKG	R	E	27	4	4577.5776	4976.0977	4976.086	1245.0317	1245.0288	4976.0874	1245.0292	-0.0015	0	56.086	9.417	1	0	2	0	242	268	317659776	1N(2204.7725)	NA	HexNAc(4)Hex(5)NeuAc(2) % 2204.7724	6.75	0	nISDGFDGIPDNVDAALALPAHSYSGR	N(51.39)I(0.00)S(0.00)D(0.00)G(0.00)F(0.00)D(0.00)G(0.00)I(0.00)P(0.00)D(0.00)N(0.00)V(0.00)D(0.00)A(0.00)A(0.00)L(0.00)A(0.00)L(0.00)P(0.00)A(0.00)H(0.00)S(0.00)Y(0.00)S(0.00)G(0.00)R(0.00)	N1	1	N(8.26)I(0.00)S(0.00)D(0.00)G(0.00)F(0.00)D(0.00)G(0.00)I(0.00)P(0.00)D(0.00)N(0.00)V(0.00)D(0.00)A(0.00)A(0.00)L(0.00)A(0.00)L(0.00)P(0.00)A(0.00)H(0.00)S(0.00)Y(0.00)S(0.00)G(0.00)R(0.00)	N(0)I(0)S(0)D(0)G(0)F(0)D(0)G(0)I(0)P(0)D(0)N(0)V(0)D(0)A(0)A(0)L(0)A(0)L(0)P(0)A(0)H(0)S(0)Y(0)S(0)G(0)R(0)	51.38873	17	0	0	56.086624	20	8.261723	0	0	0	0	FALSE	FALSE	TRUE	sp|P04004|VTNC_HUMAN	P04004	VTNC_HUMAN	VTN	Vitronectin			52284	4577.562	52314	4525.479	4783.02	13.361001	152
240419_ES_R00006_MG_c00001_SA_NPB_3_i2.52318.52318.5	D:\SHARE\Tim\25-12-03_GD_Dataset\GD_dataset\NPB_3_i2\interact.pep.xml	FEDGVLDPDYPRNISDGFDGIPDNVDAALALPAHSYSGR	FEDGVLDPDYPRN[2028]ISDGFDGIPDNVDAALALPAHSYSGR	FKGSQYWR.FEDGVLDPDYPRNISDGFDGIPDNVDAALALPAHSYSGR.ERVYFFKG	R	E	39	5	4577.9087	6089.622	6089.631	1218.9317	1218.9335	6088.6279	1218.7329	1.0031	8.59E-09	41.765	7.294	1	0	2	1	230	268	57345752	13N(1913.6770)	NA	HexNAc(4)Hex(5)NeuAc(1) % 1913.6770	4.81	0	FEDGVLDPDYPRnISDGFDGIPDNVDAALALPAHSYSGR	F(0.00)E(0.00)D(0.00)G(0.00)V(0.00)L(0.00)D(0.00)P(0.00)D(0.00)Y(0.00)P(0.00)R(0.00)N(41.77)I(0.00)S(0.00)D(0.00)G(0.00)F(0.00)D(0.00)G(0.00)I(0.00)P(0.00)D(0.00)N(0.00)V(0.00)D(0.00)A(0.00)A(0.00)L(0.00)A(0.00)L(0.00)P(0.00)A(0.00)H(0.00)S(0.00)Y(0.00)S(0.00)G(0.00)R(0.00)	N13	1	F(0.00)E(0.00)D(0.00)G(0.00)V(0.00)L(0.00)D(0.00)P(0.00)D(0.00)Y(0.00)P(0.00)R(0.00)N(6.01)I(0.00)S(0.00)D(0.00)G(0.00)F(0.00)D(0.00)G(0.00)I(0.00)P(0.00)D(0.00)N(0.00)V(0.00)D(0.00)A(0.00)A(0.00)L(0.00)A(0.00)L(0.00)P(0.00)A(0.00)H(0.00)S(0.00)Y(0.00)S(0.00)G(0.00)R(0.00)	F(0)E(0)D(0)G(0)V(0)L(0)D(0)P(0)D(0)Y(0)P(0)R(0)N(0)I(0)S(0)D(0)G(0)F(0)D(0)G(0)I(0)P(0)D(0)N(0)V(0)D(0)A(0)A(0)L(0)A(0)L(0)P(0)A(0)H(0)S(0)Y(0)S(0)G(0)R(0)	41.765038	16	0	0	41.765038	16	6.012237	0	0	0	0	FALSE	FALSE	TRUE	sp|P04004|VTNC_HUMAN	P04004	VTNC_HUMAN	VTN	Vitronectin			52284	4556.7563	52039	4496.331	4661.616	19.67	104
240419_ES_R00006_MG_c00001_SA_NPB_3_i2.52391.52391.3	D:\SHARE\Tim\25-12-03_GD_Dataset\GD_dataset\NPB_3_i2\interact.pep.xml	DLQSLEDILHQVENK	DLQSLEDILHQVEN[1737]K	TYQTKVDK.DLQSLEDILHQVENK.TSEVKQLI	K	T	15	3	4583.3306	3404.4976	3404.4878	1135.8398	1135.8365	3402.4817	1135.1678	2.0061	0.0225424	17.088	0	0.9655	0.000230947	2	0	65	79	18127436	14N(1622.5815)	NA	HexNAc(4)Hex(5) % 1622.5816	3.12	0	DLQSLEDILHQVEnK	D(0.00)L(0.00)Q(0.00)S(0.00)L(0.00)E(0.00)D(0.00)I(0.00)L(0.00)H(0.00)Q(0.00)V(0.00)E(0.00)N(15.44)K(0.00)	N14	1	D(0.00)L(0.00)Q(0.00)S(0.00)L(0.00)E(0.00)D(0.00)I(0.00)L(0.00)H(0.00)Q(0.00)V(0.00)E(0.00)N(7.53)K(0.00)	D(0)L(0)Q(0)S(0)L(0)E(0)D(0)I(0)L(0)H(0)Q(0)V(0)E(0)N(0)K(0)	15.439271	5	0	0	17.088612	6	7.5299435	0	0	0	0	FALSE	FALSE	FALSE	tr|C9JC84|C9JC84_HUMAN	C9JC84	C9JC84_HUMAN	FGG	Fibrinogen gamma chain		"sp|P02679|FIBG_HUMAN, tr|C9JEU5|C9JEU5_HUMAN"	52349	4567.7725	52186	4550.698	4588.0864	18.666	15
240419_ES_R00006_MG_c00001_SA_NPB_3_i2.52431.52431.4	D:\SHARE\Tim\25-12-03_GD_Dataset\GD_dataset\NPB_3_i2\interact.pep.xml	FEDGVLDPDYPRNISDGFDGIPDNVDAALALPAHSYSGR	FEDGVLDPDYPRN[2028]ISDGFDGIPDNVDAALALPAHSYSGR	FKGSQYWR.FEDGVLDPDYPRNISDGFDGIPDNVDAALALPAHSYSGR.ERVYFFKG	R	E	39	4	4586.266	6090.66	6090.6343	1523.6723	1523.6659	6088.6279	1523.1643	2.0065	1.00E-14	36.773	6.962	1	0	2	1	230	268	46190876	13N(1913.6770)	NA	HexNAc(4)Hex(5)NeuAc(1) % 1913.6770	2.04	0	FEDGVLDPDYPRnISDGFDGIPDNVDAALALPAHSYSGR	F(0.00)E(0.00)D(0.00)G(0.00)V(0.00)L(0.00)D(0.00)P(0.00)D(0.00)Y(0.00)P(0.00)R(0.00)N(35.26)I(0.00)S(0.00)D(0.00)G(0.00)F(0.00)D(0.00)G(0.00)I(0.00)P(0.00)D(0.00)N(0.00)V(0.00)D(0.00)A(0.00)A(0.00)L(0.00)A(0.00)L(0.00)P(0.00)A(0.00)H(0.00)S(0.00)Y(0.00)S(0.00)G(0.00)R(0.00)	N13	1	F(0.00)E(0.00)D(0.00)G(0.00)V(0.00)L(0.00)D(0.00)P(0.00)D(0.00)Y(0.00)P(0.00)R(0.00)N(2.78)I(0.00)S(0.00)D(0.00)G(0.00)F(0.00)D(0.00)G(0.00)I(0.00)P(0.00)D(0.00)N(0.00)V(0.00)D(0.00)A(0.00)A(0.00)L(0.00)A(0.00)L(0.00)P(0.00)A(0.00)H(0.00)S(0.00)Y(0.00)S(0.00)G(0.00)R(0.00)	F(0)E(0)D(0)G(0)V(0)L(0)D(0)P(0)D(0)Y(0)P(0)R(0)N(0)I(0)S(0)D(0)G(0)F(0)D(0)G(0)I(0)P(0)D(0)N(0)V(0)D(0)A(0)A(0)L(0)A(0)L(0)P(0)A(0)H(0)S(0)Y(0)S(0)G(0)R(0)	35.2582	16	0	0	36.77385	17	2.780371	0	0	0	0	FALSE	FALSE	TRUE	sp|P04004|VTNC_HUMAN	P04004	VTNC_HUMAN	VTN	Vitronectin			52405	4567.7725	52186	4494.458	4634.1973	18.972	86
240419_ES_R00006_MG_c00001_SA_NPB_3_i2.52519.52519.3	D:\SHARE\Tim\25-12-03_GD_Dataset\GD_dataset\NPB_3_i2\interact.pep.xml	NNATVHEQVGGPSLTSDLQAQSK	NN[2319]ATVHEQVGGPSLTSDLQAQSK	VYDDGEEK.NNATVHEQVGGPSLTSDLQAQSK.GNPEQTPV	K	G	23	3	4592.958	4585.9644	4585.9644	1529.6621	1529.6621	4584.9346	1529.3188	1.03	2.22E-05	17.897	13.633	1	0	2	0	85	107	0	2N(2204.7725)	NA	HexNAc(4)Hex(5)NeuAc(2) % 2204.7724	2.94	0	NnATVHEQVGGPSLTSDLQAQSK	N(0.00)N(17.90)A(0.00)T(0.00)V(0.00)H(0.00)E(0.00)Q(0.00)V(0.00)G(0.00)G(0.00)P(0.00)S(0.00)L(0.00)T(0.00)S(0.00)D(0.00)L(0.00)Q(0.00)A(0.00)Q(0.00)S(0.00)K(0.00)	N2	1	N(0.00)N(9.65)A(0.00)T(0.00)V(0.00)H(0.00)E(0.00)Q(0.00)V(0.00)G(0.00)G(0.00)P(0.00)S(0.00)L(0.00)T(0.00)S(0.00)D(0.00)L(0.00)Q(0.00)A(0.00)Q(0.00)S(0.00)K(0.00)	N(0)N(0)A(0)T(0)V(0)H(0)E(0)Q(0)V(0)G(0)G(0)P(0)S(0)L(0)T(0)S(0)D(0)L(0)Q(0)A(0)Q(0)S(0)K(0)	17.897251	4	0	0	17.897251	4	9.649565	0	0	0	0	FALSE	FALSE	FALSE	sp|P04004|VTNC_HUMAN	P04004	VTNC_HUMAN	VTN	Vitronectin		tr|F5GX75|F5GX75_HUMAN	52480	0	0	0	0	0	0
240419_ES_R00006_MG_c00001_SA_NPB_3_i2.52568.52568.3	D:\SHARE\Tim\25-12-03_GD_Dataset\GD_dataset\NPB_3_i2\interact.pep.xml	NISDGFDGIPDNVDAALALPAHSYSGR	N[2319]ISDGFDGIPDNVDAALALPAHSYSGR	VLDPDYPR.NISDGFDGIPDNVDAALALPAHSYSGR.ERVYFFKG	R	E	27	3	4597.1885	4976.0967	4976.1045	1659.7062	1659.7088	4976.0874	1659.7031	0.0171	0	48.115	9.374	1	0	2	0	242	268	29172278	1N(2204.7725)	NA	HexNAc(4)Hex(5)NeuAc(2) % 2204.7724	2.3	0	nISDGFDGIPDNVDAALALPAHSYSGR	N(45.03)I(0.00)S(0.00)D(0.00)G(0.00)F(0.00)D(0.00)G(0.00)I(0.00)P(0.00)D(0.00)N(0.00)V(0.00)D(0.00)A(0.00)A(0.00)L(0.00)A(0.00)L(0.00)P(0.00)A(0.00)H(0.00)S(0.00)Y(0.00)S(0.00)G(0.00)R(0.00)	N1	1	N(7.53)I(0.00)S(0.00)D(0.00)G(0.00)F(0.00)D(0.00)G(0.00)I(0.00)P(0.00)D(0.00)N(0.00)V(0.00)D(0.00)A(0.00)A(0.00)L(0.00)A(0.00)L(0.00)P(0.00)A(0.00)H(0.00)S(0.00)Y(0.00)S(0.00)G(0.00)R(0.00)	N(0)I(0)S(0)D(0)G(0)F(0)D(0)G(0)I(0)P(0)D(0)N(0)V(0)D(0)A(0)A(0)L(0)A(0)L(0)P(0)A(0)H(0)S(0)Y(0)S(0)G(0)R(0)	45.026367	15	0	0	48.11595	17	7.5286674	0	0	0	0	FALSE	FALSE	TRUE	sp|P04004|VTNC_HUMAN	P04004	VTNC_HUMAN	VTN	Vitronectin			52542	4577.562	52314	4484.7583	4624.9473	18.17	91
240419_ES_R00006_MG_c00001_SA_NPB_3_i2.52598.52598.4	D:\SHARE\Tim\25-12-03_GD_Dataset\GD_dataset\NPB_3_i2\interact.pep.xml	FEDGVLDPDYPRNISDGFDGIPDNVDAALALPAHSYSGR	FEDGVLDPDYPRN[2028]ISDGFDGIPDNVDAALALPAHSYSGR	FKGSQYWR.FEDGVLDPDYPRNISDGFDGIPDNVDAALALPAHSYSGR.ERVYFFKG	R	E	39	4	4599.397	6089.6494	6089.631	1523.4196	1523.415	6088.6279	1523.1643	1.0031	6.17E-07	34.339	0	1	0	2	1	230	268	20678436	13N(1913.6770)	NA	HexNAc(4)Hex(5)NeuAc(1) % 1913.6770	3.76	0	FEDGVLDPDYPRnISDGFDGIPDNVDAALALPAHSYSGR	F(0.00)E(0.00)D(0.00)G(0.00)V(0.00)L(0.00)D(0.00)P(0.00)D(0.00)Y(0.00)P(0.00)R(0.00)N(34.34)I(0.00)S(0.00)D(0.00)G(0.00)F(0.00)D(0.00)G(0.00)I(0.00)P(0.00)D(0.00)N(0.00)V(0.00)D(0.00)A(0.00)A(0.00)L(0.00)A(0.00)L(0.00)P(0.00)A(0.00)H(0.00)S(0.00)Y(0.00)S(0.00)G(0.00)R(0.00)	N13	1	F(0.00)E(0.00)D(0.00)G(0.00)V(0.00)L(0.00)D(0.00)P(0.00)D(0.00)Y(0.00)P(0.00)R(0.00)N(2.94)I(0.00)S(0.00)D(0.00)G(0.00)F(0.00)D(0.00)G(0.00)I(0.00)P(0.00)D(0.00)N(0.00)V(0.00)D(0.00)A(0.00)A(0.00)L(0.00)A(0.00)L(0.00)P(0.00)A(0.00)H(0.00)S(0.00)Y(0.00)S(0.00)G(0.00)R(0.00)	F(0)E(0)D(0)G(0)V(0)L(0)D(0)P(0)D(0)Y(0)P(0)R(0)N(0)I(0)S(0)D(0)G(0)F(0)D(0)G(0)I(0)P(0)D(0)N(0)V(0)D(0)A(0)A(0)L(0)A(0)L(0)P(0)A(0)H(0)S(0)Y(0)S(0)G(0)R(0)	34.339558	16	0	0	34.339558	16	2.9443862	0	0	0	0	FALSE	FALSE	TRUE	sp|P04004|VTNC_HUMAN	P04004	VTNC_HUMAN	VTN	Vitronectin			52566	4584.371	52405	4492.646	4634.1973	18.972	86
240419_ES_R00006_MG_c00001_SA_NPB_3_i2.52625.52625.5	D:\SHARE\Tim\25-12-03_GD_Dataset\GD_dataset\NPB_3_i2\interact.pep.xml	NISDGFDGIPDNVDAALALPAHSYSGR	N[2319]ISDGFDGIPDNVDAALALPAHSYSGR	VLDPDYPR.NISDGFDGIPDNVDAALALPAHSYSGR.ERVYFFKG	R	E	27	5	4601.321	4976.099	4976.086	996.2271	996.2245	4976.0874	996.2248	-0.0015	8.82E-09	31.791	16.369	1	0	2	0	242	268	23503890	1N(2204.7725)	NA	HexNAc(4)Hex(5)NeuAc(2) % 2204.7724	6.71	0	nISDGFDGIPDNVDAALALPAHSYSGR	N(30.31)I(0.00)S(0.00)D(0.00)G(0.00)F(0.00)D(0.00)G(0.00)I(0.00)P(0.00)D(0.00)N(0.00)V(0.00)D(0.00)A(0.00)A(0.00)L(0.00)A(0.00)L(0.00)P(0.00)A(0.00)H(0.00)S(0.00)Y(0.00)S(0.00)G(0.00)R(0.00)	N1	1	N(11.85)I(0.00)S(0.00)D(0.00)G(0.00)F(0.00)D(0.00)G(0.00)I(0.00)P(0.00)D(0.00)N(0.00)V(0.00)D(0.00)A(0.00)A(0.00)L(0.00)A(0.00)L(0.00)P(0.00)A(0.00)H(0.00)S(0.00)Y(0.00)S(0.00)G(0.00)R(0.00)	N(1)I(0)S(0)D(0)G(0)F(0)D(0)G(0)I(0)P(0)D(0)N(0)V(0)D(0)A(0)A(0)L(0)A(0)L(0)P(0)A(0)H(0)S(0)Y(0)S(0)G(0)R(0)	30.314972	9	0	0	31.791779	10	11.84898	1	0	0	0	FALSE	FALSE	TRUE	sp|P04004|VTNC_HUMAN	P04004	VTNC_HUMAN	VTN	Vitronectin			52593	4594.934	52542	4456.409	4655.7163	20.642	117
240419_ES_R00006_MG_c00001_SA_NPB_3_i2.52708.52708.5	D:\SHARE\Tim\25-12-03_GD_Dataset\GD_dataset\NPB_3_i2\interact.pep.xml	NISDGFDGIPDNVDAALALPAHSYSGR	N[2319]ISDGFDGIPDNVDAALALPAHSYSGR	VLDPDYPR.NISDGFDGIPDNVDAALALPAHSYSGR.ERVYFFKG	R	E	27	5	4607.9995	4976.0996	4976.0874	996.2272	996.2248	4976.0874	996.2248	0	5.83E-08	37.438	15.788	1	0	2	0	242	268	23503890	1N(2204.7725)	NA	HexNAc(4)Hex(5)NeuAc(2) % 2204.7724	10.92	0	nISDGFDGIPDNVDAALALPAHSYSGR	N(35.70)I(0.00)S(0.00)D(0.00)G(0.00)F(0.00)D(0.00)G(0.00)I(0.00)P(0.00)D(0.00)N(0.00)V(0.00)D(0.00)A(0.00)A(0.00)L(0.00)A(0.00)L(0.00)P(0.00)A(0.00)H(0.00)S(0.00)Y(0.00)S(0.00)G(0.00)R(0.00)	N1	1	N(11.88)I(0.00)S(0.00)D(0.00)G(0.00)F(0.00)D(0.00)G(0.00)I(0.00)P(0.00)D(0.00)N(0.00)V(0.00)D(0.00)A(0.00)A(0.00)L(0.00)A(0.00)L(0.00)P(0.00)A(0.00)H(0.00)S(0.00)Y(0.00)S(0.00)G(0.00)R(0.00)	N(1)I(0)S(0)D(0)G(0)F(0)D(0)G(0)I(0)P(0)D(0)N(0)V(0)D(0)A(0)A(0)L(0)A(0)L(0)P(0)A(0)H(0)S(0)Y(0)S(0)G(0)R(0)	35.697773	11	0	0	37.438774	12	11.877356	1	0	0	0	FALSE	FALSE	TRUE	sp|P04004|VTNC_HUMAN	P04004	VTNC_HUMAN	VTN	Vitronectin			52673	4594.934	52542	4456.409	4653.896	20.642	117
240419_ES_R00006_MG_c00001_SA_NPB_3_i2.52718.52718.3	D:\SHARE\Tim\25-12-03_GD_Dataset\GD_dataset\NPB_3_i2\interact.pep.xml	NNATVHEQVGGPSLTSDLQAQSK	NN[2319]ATVHEQVGGPSLTSDLQAQSK	VYDDGEEK.NNATVHEQVGGPSLTSDLQAQSK.GNPEQTPV	K	G	23	3	4608.682	4586.9478	4586.9453	1529.9899	1529.989	4584.9346	1529.3188	2.011	0.01590377	15.694	0	0.9554	0.000230947	2	0	85	107	0	2N(2204.7725)	NA	HexNAc(4)Hex(5)NeuAc(2) % 2204.7724	3.34	0	NnATVHEQVGGPSLTSDLQAQSK	N(0.00)N(15.69)A(0.00)T(0.00)V(0.00)H(0.00)E(0.00)Q(0.00)V(0.00)G(0.00)G(0.00)P(0.00)S(0.00)L(0.00)T(0.00)S(0.00)D(0.00)L(0.00)Q(0.00)A(0.00)Q(0.00)S(0.00)K(0.00)	N2	1	N(0.00)N(8.05)A(0.00)T(0.00)V(0.00)H(0.00)E(0.00)Q(0.00)V(0.00)G(0.00)G(0.00)P(0.00)S(0.00)L(0.00)T(0.00)S(0.00)D(0.00)L(0.00)Q(0.00)A(0.00)Q(0.00)S(0.00)K(0.00)	N(0)N(0)A(0)T(0)V(0)H(0)E(0)Q(0)V(0)G(0)G(0)P(0)S(0)L(0)T(0)S(0)D(0)L(0)Q(0)A(0)Q(0)S(0)K(0)	15.694481	4	0	0	15.694481	4	8.048307	0	0	0	0	FALSE	FALSE	FALSE	sp|P04004|VTNC_HUMAN	P04004	VTNC_HUMAN	VTN	Vitronectin		tr|F5GX75|F5GX75_HUMAN	52673	0	0	0	0	0	0
240419_ES_R00006_MG_c00001_SA_NPB_3_i2.52735.52735.3	D:\SHARE\Tim\25-12-03_GD_Dataset\GD_dataset\NPB_3_i2\interact.pep.xml	DLQSLEDILHQVENK	DLQSLEDILHQVEN[2028]K	TYQTKVDK.DLQSLEDILHQVENK.TSEVKQLI	K	T	15	3	4609.909	3693.5928	3693.5762	1232.2049	1232.1993	3693.5771	1232.1996	-0.001	4.94E-06	35.852	7.758	1	0	2	0	65	79	51543216	14N(1913.6770)	NA	HexNAc(4)Hex(5)NeuAc(1) % 1913.6770	6.08	0	DLQSLEDILHQVEnK	D(0.00)L(0.00)Q(0.00)S(0.00)L(0.00)E(0.00)D(0.00)I(0.00)L(0.00)H(0.00)Q(0.00)V(0.00)E(0.00)N(31.54)K(0.00)	N14	1	D(0.00)L(0.00)Q(0.00)S(0.00)L(0.00)E(0.00)D(0.00)I(0.00)L(0.00)H(0.00)Q(0.00)V(0.00)E(0.00)N(13.05)K(0.00)	D(0)L(0)Q(0)S(0)L(0)E(0)D(0)I(0)L(0)H(0)Q(0)V(0)E(0)N(1)K(0)	31.537159	11	0	0	35.85259	13	13.052295	1	0	0	0	FALSE	FALSE	FALSE	tr|C9JC84|C9JC84_HUMAN	C9JC84	C9JC84_HUMAN	FGG	Fibrinogen gamma chain		"sp|P02679|FIBG_HUMAN, tr|C9JEU5|C9JEU5_HUMAN"	52704	4634.1973	53044	4538.8403	4705.459	20.806002	91
240419_ES_R00006_MG_c00001_SA_NPB_3_i2.52741.52741.3	D:\SHARE\Tim\25-12-03_GD_Dataset\GD_dataset\NPB_3_i2\interact.pep.xml	NISDGFDGIPDNVDAALALPAHSYSGR	N[2319]ISDGFDGIPDNVDAALALPAHSYSGR	VLDPDYPR.NISDGFDGIPDNVDAALALPAHSYSGR.ERVYFFKG	R	E	27	3	4610.4453	4977.1094	4977.099	1660.0437	1660.0403	4976.0874	1659.7031	1.0117	0	38.287	6.754	1	0	2	0	242	268	16031068	1N(2204.7725)	NA	HexNAc(4)Hex(5)NeuAc(2) % 2204.7724	2.3	0	nISDGFDGIPDNVDAALALPAHSYSGR	N(36.42)I(0.00)S(0.00)D(0.00)G(0.00)F(0.00)D(0.00)G(0.00)I(0.00)P(0.00)D(0.00)N(0.00)V(0.00)D(0.00)A(0.00)A(0.00)L(0.00)A(0.00)L(0.00)P(0.00)A(0.00)H(0.00)S(0.00)Y(0.00)S(0.00)G(0.00)R(0.00)	N1	1	N(4.88)I(0.00)S(0.00)D(0.00)G(0.00)F(0.00)D(0.00)G(0.00)I(0.00)P(0.00)D(0.00)N(0.00)V(0.00)D(0.00)A(0.00)A(0.00)L(0.00)A(0.00)L(0.00)P(0.00)A(0.00)H(0.00)S(0.00)Y(0.00)S(0.00)G(0.00)R(0.00)	N(0)I(0)S(0)D(0)G(0)F(0)D(0)G(0)I(0)P(0)D(0)N(0)V(0)D(0)A(0)A(0)L(0)A(0)L(0)P(0)A(0)H(0)S(0)Y(0)S(0)G(0)R(0)	36.420628	14	0	0	38.287804	15	4.88039	0	0	0	0	FALSE	FALSE	TRUE	sp|P04004|VTNC_HUMAN	P04004	VTNC_HUMAN	VTN	Vitronectin			52704	4590.038	52480	4469.787	4624.9473	18.17	95
240419_ES_R00006_MG_c00001_SA_NPB_3_i2.52761.52761.5	D:\SHARE\Tim\25-12-03_GD_Dataset\GD_dataset\NPB_3_i2\interact.pep.xml	FEDGVLDPDYPRNISDGFDGIPDNVDAALALPAHSYSGR	FEDGVLDPDYPRN[2319]ISDGFDGIPDNVDAALALPAHSYSGR	FKGSQYWR.FEDGVLDPDYPRNISDGFDGIPDNVDAALALPAHSYSGR.ERVYFFKG	R	E	39	5	4611.981	6379.753	6379.7354	1276.9579	1276.9544	6379.7231	1276.9519	0.0122	2.39E-06	30.988	0	1	0	2	1	230	268	19941330	13N(2204.7725)	NA	HexNAc(4)Hex(5)NeuAc(2) % 2204.7724	4.21	0	FEDGVLDPDYPRnISDGFDGIPDNVDAALALPAHSYSGR	F(0.00)E(0.00)D(0.00)G(0.00)V(0.00)L(0.00)D(0.00)P(0.00)D(0.00)Y(0.00)P(0.00)R(0.00)N(30.99)I(0.00)S(0.00)D(0.00)G(0.00)F(0.00)D(0.00)G(0.00)I(0.00)P(0.00)D(0.00)N(0.00)V(0.00)D(0.00)A(0.00)A(0.00)L(0.00)A(0.00)L(0.00)P(0.00)A(0.00)H(0.00)S(0.00)Y(0.00)S(0.00)G(0.00)R(0.00)	N13	1	F(0.00)E(0.00)D(0.00)G(0.00)V(0.00)L(0.00)D(0.00)P(0.00)D(0.00)Y(0.00)P(0.00)R(0.00)N(5.54)I(0.00)S(0.00)D(0.00)G(0.00)F(0.00)D(0.00)G(0.00)I(0.00)P(0.00)D(0.00)N(0.00)V(0.00)D(0.00)A(0.00)A(0.00)L(0.00)A(0.00)L(0.00)P(0.00)A(0.00)H(0.00)S(0.00)Y(0.00)S(0.00)G(0.00)R(0.00)	F(0)E(0)D(0)G(0)V(0)L(0)D(0)P(0)D(0)Y(0)P(0)R(0)N(0)I(0)S(0)D(0)G(0)F(0)D(0)G(0)I(0)P(0)D(0)N(0)V(0)D(0)A(0)A(0)L(0)A(0)L(0)P(0)A(0)H(0)S(0)Y(0)S(0)G(0)R(0)	30.988464	12	0	0	30.988464	12	5.5409107	0	0	0	0	FALSE	FALSE	TRUE	sp|P04004|VTNC_HUMAN	P04004	VTNC_HUMAN	VTN	Vitronectin			52734	4622.952	52900	4580.1724	4661.616	29.492	40
240419_ES_R00006_MG_c00001_SA_NPB_3_i2.52836.52836.5	D:\SHARE\Tim\25-12-03_GD_Dataset\GD_dataset\NPB_3_i2\interact.pep.xml	FEDGVLDPDYPRNISDGFDGIPDNVDAALALPAHSYSGR	FEDGVLDPDYPRN[2319]ISDGFDGIPDNVDAALALPAHSYSGR	FKGSQYWR.FEDGVLDPDYPRNISDGFDGIPDNVDAALALPAHSYSGR.ERVYFFKG	R	E	39	5	4618.124	6382.7485	6382.725	1277.557	1277.5523	6379.7231	1276.9519	3.002	7.63E-07	34.971	0	1	0	2	1	230	268	18157588	13N(2204.7725)	NA	HexNAc(4)Hex(5)NeuAc(2) % 2204.7724	2.42	0	FEDGVLDPDYPRnISDGFDGIPDNVDAALALPAHSYSGR	F(0.00)E(0.00)D(0.00)G(0.00)V(0.00)L(0.00)D(0.00)P(0.00)D(0.00)Y(0.00)P(0.00)R(0.00)N(34.97)I(0.00)S(0.00)D(0.00)G(0.00)F(0.00)D(0.00)G(0.00)I(0.00)P(0.00)D(0.00)N(0.00)V(0.00)D(0.00)A(0.00)A(0.00)L(0.00)A(0.00)L(0.00)P(0.00)A(0.00)H(0.00)S(0.00)Y(0.00)S(0.00)G(0.00)R(0.00)	N13	1	F(0.00)E(0.00)D(0.00)G(0.00)V(0.00)L(0.00)D(0.00)P(0.00)D(0.00)Y(0.00)P(0.00)R(0.00)N(4.52)I(0.00)S(0.00)D(0.00)G(0.00)F(0.00)D(0.00)G(0.00)I(0.00)P(0.00)D(0.00)N(0.00)V(0.00)D(0.00)A(0.00)A(0.00)L(0.00)A(0.00)L(0.00)P(0.00)A(0.00)H(0.00)S(0.00)Y(0.00)S(0.00)G(0.00)R(0.00)	F(0)E(0)D(0)G(0)V(0)L(0)D(0)P(0)D(0)Y(0)P(0)R(0)N(1)I(0)S(0)D(0)G(0)F(0)D(0)G(0)I(0)P(0)D(0)N(0)V(0)D(0)A(0)A(0)L(0)A(0)L(0)P(0)A(0)H(0)S(0)Y(0)S(0)G(0)R(0)	34.971863	16	0	0	33.349174	15	4.518505	1	0	0	0	FALSE	FALSE	TRUE	sp|P04004|VTNC_HUMAN	P04004	VTNC_HUMAN	VTN	Vitronectin			52804	4626.685	52945	4580.1724	4661.616	29.492	40
240419_ES_R00006_MG_c00001_SA_NPB_3_i2.52857.52857.5	D:\SHARE\Tim\25-12-03_GD_Dataset\GD_dataset\NPB_3_i2\interact.pep.xml	FEDGVLDPDYPRNISDGFDGIPDNVDAALALPAHSYSGR	FEDGVLDPDYPRN[2319]ISDGFDGIPDNVDAALALPAHSYSGR	FKGSQYWR.FEDGVLDPDYPRNISDGFDGIPDNVDAALALPAHSYSGR.ERVYFFKG	R	E	39	5	4619.7144	6379.7417	6379.7285	1276.9556	1276.953	6379.7231	1276.9519	0.0054	1.36E-09	40.403	8.401	1	0	2	1	230	268	19941330	13N(2204.7725)	NA	HexNAc(4)Hex(5)NeuAc(2) % 2204.7724	4.78	0	FEDGVLDPDYPRnISDGFDGIPDNVDAALALPAHSYSGR	F(0.00)E(0.00)D(0.00)G(0.00)V(0.00)L(0.00)D(0.00)P(0.00)D(0.00)Y(0.00)P(0.00)R(0.00)N(40.40)I(0.00)S(0.00)D(0.00)G(0.00)F(0.00)D(0.00)G(0.00)I(0.00)P(0.00)D(0.00)N(0.00)V(0.00)D(0.00)A(0.00)A(0.00)L(0.00)A(0.00)L(0.00)P(0.00)A(0.00)H(0.00)S(0.00)Y(0.00)S(0.00)G(0.00)R(0.00)	N13	1	F(0.00)E(0.00)D(0.00)G(0.00)V(0.00)L(0.00)D(0.00)P(0.00)D(0.00)Y(0.00)P(0.00)R(0.00)N(6.17)I(0.00)S(0.00)D(0.00)G(0.00)F(0.00)D(0.00)G(0.00)I(0.00)P(0.00)D(0.00)N(0.00)V(0.00)D(0.00)A(0.00)A(0.00)L(0.00)A(0.00)L(0.00)P(0.00)A(0.00)H(0.00)S(0.00)Y(0.00)S(0.00)G(0.00)R(0.00)	F(0)E(0)D(0)G(0)V(0)L(0)D(0)P(0)D(0)Y(0)P(0)R(0)N(1)I(0)S(0)D(0)G(0)F(0)D(0)G(0)I(0)P(0)D(0)N(0)V(0)D(0)A(0)A(0)L(0)A(0)L(0)P(0)A(0)H(0)S(0)Y(0)S(0)G(0)R(0)	40.40342	16	0	0	39.400337	15	6.1741138	1	0	0	0	FALSE	FALSE	TRUE	sp|P04004|VTNC_HUMAN	P04004	VTNC_HUMAN	VTN	Vitronectin			52833	4622.952	52900	4580.1724	4659.625	29.492	39
240419_ES_R00006_MG_c00001_SA_NPB_3_i2.52903.52903.4	D:\SHARE\Tim\25-12-03_GD_Dataset\GD_dataset\NPB_3_i2\interact.pep.xml	NNATVHEQVGGPSLTSDLQAQSK	NN[2319]ATVHEQVGGPSLTSDLQAQSK	VYDDGEEK.NNATVHEQVGGPSLTSDLQAQSK.GNPEQTPV	K	G	23	4	4623.2305	4584.9487	4584.934	1147.2445	1147.2408	4584.9346	1147.241	-2.00E-04	2.22E-06	35.054	0	1	0	2	0	85	107	20860138	2N(2204.7725)	NA	HexNAc(4)Hex(5)NeuAc(2) % 2204.7724	9.21	0	NnATVHEQVGGPSLTSDLQAQSK	N(0.00)N(32.08)A(0.00)T(0.00)V(0.00)H(0.00)E(0.00)Q(0.00)V(0.00)G(0.00)G(0.00)P(0.00)S(0.00)L(0.00)T(0.00)S(0.00)D(0.00)L(0.00)Q(0.00)A(0.00)Q(0.00)S(0.00)K(0.00)	N2	1	N(0.00)N(11.49)A(0.00)T(0.00)V(0.00)H(0.00)E(0.00)Q(0.00)V(0.00)G(0.00)G(0.00)P(0.00)S(0.00)L(0.00)T(0.00)S(0.00)D(0.00)L(0.00)Q(0.00)A(0.00)Q(0.00)S(0.00)K(0.00)	N(0)N(1)A(0)T(0)V(0)H(0)E(0)Q(0)V(0)G(0)G(0)P(0)S(0)L(0)T(0)S(0)D(0)L(0)Q(0)A(0)Q(0)S(0)K(0)	32.078568	10	0	0	35.054356	12	11.486532	1	0	0	0	FALSE	FALSE	FALSE	sp|P04004|VTNC_HUMAN	P04004	VTNC_HUMAN	VTN	Vitronectin		tr|F5GX75|F5GX75_HUMAN	52874	4626.685	52945	4535.1143	5361.823	3.0270002	550
240419_ES_R00006_MG_c00001_SA_NPB_3_i2.53013.53013.3	D:\SHARE\Tim\25-12-03_GD_Dataset\GD_dataset\NPB_3_i2\interact.pep.xml	DLQSLEDILHQVENK	DLQSLEDILHQVEN[2028]K	TYQTKVDK.DLQSLEDILHQVENK.TSEVKQLI	K	T	15	3	4631.8423	3693.569	3693.5757	1232.1969	1232.1992	3693.5771	1232.1996	-0.0015	0.1056817	9.404	7.048	0.9736	0.000230947	2	0	65	79	51543216	14N(1913.6770)	NA	HexNAc(4)Hex(5)NeuAc(1) % 1913.6770	3.86	0	DLQSLEDILHQVEnK	D(0.00)L(0.00)Q(0.00)S(0.00)L(0.00)E(0.00)D(0.00)I(0.00)L(0.00)H(0.00)Q(0.00)V(0.00)E(0.00)N(5.42)K(0.00)	N14	1	D(0.00)L(0.00)Q(0.00)S(0.00)L(0.00)E(0.00)D(0.00)I(0.00)L(0.00)H(0.00)Q(0.00)V(0.00)E(0.00)N(1.77)K(0.00)	D(0)L(0)Q(0)S(0)L(0)E(0)D(0)I(0)L(0)H(0)Q(0)V(0)E(0)N(0)K(0)	5.4199414	3	0	0	9.404791	6	1.7698547	0	0	0	0	FALSE	FALSE	FALSE	tr|C9JC84|C9JC84_HUMAN	C9JC84	C9JC84_HUMAN	FGG	Fibrinogen gamma chain		"sp|P02679|FIBG_HUMAN, tr|C9JEU5|C9JEU5_HUMAN"	52988	4634.1973	53044	4540.4854	4707.701	20.806002	92
240419_ES_R00006_MG_c00001_SA_NPB_3_i2.53047.53047.5	D:\SHARE\Tim\25-12-03_GD_Dataset\GD_dataset\NPB_3_i2\interact.pep.xml	FEDGVLDPDYPRNISDGFDGIPDNVDAALALPAHSYSGR	FEDGVLDPDYPRN[2319]ISDGFDGIPDNVDAALALPAHSYSGR	FKGSQYWR.FEDGVLDPDYPRNISDGFDGIPDNVDAALALPAHSYSGR.ERVYFFKG	R	E	39	5	4634.475	6379.748	6379.7217	1276.9569	1276.9516	6379.7231	1276.9519	-0.0015	0	34.905	7.018	1	0	2	1	230	268	18157588	13N(2204.7725)	NA	HexNAc(4)Hex(5)NeuAc(2) % 2204.7724	5.82	0	FEDGVLDPDYPRnISDGFDGIPDNVDAALALPAHSYSGR	F(0.00)E(0.00)D(0.00)G(0.00)V(0.00)L(0.00)D(0.00)P(0.00)D(0.00)Y(0.00)P(0.00)R(0.00)N(33.84)I(0.00)S(0.00)D(0.00)G(0.00)F(0.00)D(0.00)G(0.00)I(0.00)P(0.00)D(0.00)N(0.00)V(0.00)D(0.00)A(0.00)A(0.00)L(0.00)A(0.00)L(0.00)P(0.00)A(0.00)H(0.00)S(0.00)Y(0.00)S(0.00)G(0.00)R(0.00)	N13	1	F(0.00)E(0.00)D(0.00)G(0.00)V(0.00)L(0.00)D(0.00)P(0.00)D(0.00)Y(0.00)P(0.00)R(0.00)N(3.93)I(0.00)S(0.00)D(0.00)G(0.00)F(0.00)D(0.00)G(0.00)I(0.00)P(0.00)D(0.00)N(0.00)V(0.00)D(0.00)A(0.00)A(0.00)L(0.00)A(0.00)L(0.00)P(0.00)A(0.00)H(0.00)S(0.00)Y(0.00)S(0.00)G(0.00)R(0.00)	F(0)E(0)D(0)G(0)V(0)L(0)D(0)P(0)D(0)Y(0)P(0)R(0)N(0)I(0)S(0)D(0)G(0)F(0)D(0)G(0)I(0)P(0)D(0)N(0)V(0)D(0)A(0)A(0)L(0)A(0)L(0)P(0)A(0)H(0)S(0)Y(0)S(0)G(0)R(0)	33.838566	13	0	0	34.9056	14	3.9319432	0	0	0	0	FALSE	FALSE	TRUE	sp|P04004|VTNC_HUMAN	P04004	VTNC_HUMAN	VTN	Vitronectin			53012	4626.685	52945	4580.1724	4659.625	29.492	39
240419_ES_R00006_MG_c00001_SA_NPB_3_i2.53075.53075.3	D:\SHARE\Tim\25-12-03_GD_Dataset\GD_dataset\NPB_3_i2\interact.pep.xml	NNATVHEQVGGPSLTSDLQAQSK	NN[2319]ATVHEQVGGPSLTSDLQAQSK	VYDDGEEK.NNATVHEQVGGPSLTSDLQAQSK.GNPEQTPV	K	G	23	3	4636.6006	4584.938	4584.932	1529.3199	1529.3179	4584.9346	1529.3188	-0.0022	0.001198809	20.185	0	1	0	2	0	85	107	0	2N(2204.7725)	NA	HexNAc(4)Hex(5)NeuAc(2) % 2204.7724	4.63	0	NnATVHEQVGGPSLTSDLQAQSK	N(0.00)N(20.19)A(0.00)T(0.00)V(0.00)H(0.00)E(0.00)Q(0.00)V(0.00)G(0.00)G(0.00)P(0.00)S(0.00)L(0.00)T(0.00)S(0.00)D(0.00)L(0.00)Q(0.00)A(0.00)Q(0.00)S(0.00)K(0.00)	N2	1	N(0.00)N(11.44)A(0.00)T(0.00)V(0.00)H(0.00)E(0.00)Q(0.00)V(0.00)G(0.00)G(0.00)P(0.00)S(0.00)L(0.00)T(0.00)S(0.00)D(0.00)L(0.00)Q(0.00)A(0.00)Q(0.00)S(0.00)K(0.00)	N(0)N(0)A(0)T(0)V(0)H(0)E(0)Q(0)V(0)G(0)G(0)P(0)S(0)L(0)T(0)S(0)D(0)L(0)Q(0)A(0)Q(0)S(0)K(0)	20.185326	4	0	0	20.185326	4	11.442654	0	0	0	0	FALSE	FALSE	FALSE	sp|P04004|VTNC_HUMAN	P04004	VTNC_HUMAN	VTN	Vitronectin		tr|F5GX75|F5GX75_HUMAN	53044	0	0	0	0	0	0
240419_ES_R00006_MG_c00001_SA_NPB_3_i2.53090.53090.3	D:\SHARE\Tim\25-12-03_GD_Dataset\GD_dataset\NPB_3_i2\interact.pep.xml	DLQSLEDILHQVENK	DLQSLEDILHQVEN[2028]K	TYQTKVDK.DLQSLEDILHQVENK.TSEVKQLI	K	T	15	3	4637.808	3693.5708	3693.5757	1232.1975	1232.1992	3693.5771	1232.1996	-0.0015	1.04E-05	28.437	7.017	1	0	2	0	65	79	49524800	14N(1913.6770)	NA	HexNAc(4)Hex(5)NeuAc(1) % 1913.6770	4.64	0	DLQSLEDILHQVEnK	D(0.00)L(0.00)Q(0.00)S(0.00)L(0.00)E(0.00)D(0.00)I(0.00)L(0.00)H(0.00)Q(0.00)V(0.00)E(0.00)N(22.00)K(0.00)	N14	1	D(0.00)L(0.00)Q(0.00)S(0.00)L(0.00)E(0.00)D(0.00)I(0.00)L(0.00)H(0.00)Q(0.00)V(0.00)E(0.00)N(10.42)K(0.00)	D(0)L(0)Q(0)S(0)L(0)E(0)D(0)I(0)L(0)H(0)Q(0)V(0)E(0)N(2)K(0)	22.003971	9	0	0	28.43702	12	10.420337	2	0	0	0	FALSE	FALSE	FALSE	tr|C9JC84|C9JC84_HUMAN	C9JC84	C9JC84_HUMAN	FGG	Fibrinogen gamma chain		"sp|P02679|FIBG_HUMAN, tr|C9JEU5|C9JEU5_HUMAN"	53065	4635.844	53065	4539.645	4707.701	20.806002	92
240419_ES_R00006_MG_c00001_SA_NPB_3_i2.53097.53097.3	D:\SHARE\Tim\25-12-03_GD_Dataset\GD_dataset\NPB_3_i2\interact.pep.xml	NISDGFDGIPDNVDAALALPAHSYSGR	N[2319]ISDGFDGIPDNVDAALALPAHSYSGR	VLDPDYPR.NISDGFDGIPDNVDAALALPAHSYSGR.ERVYFFKG	R	E	27	3	4638.285	4977.075	4977.0977	1660.0323	1660.0398	4976.0874	1659.7031	1.0103	2.99E-05	25.596	0	1	0	2	0	242	268	0	1N(2204.7725)	NA	HexNAc(4)Hex(5)NeuAc(2) % 2204.7724	3.38	0	nISDGFDGIPDNVDAALALPAHSYSGR	N(23.28)I(0.00)S(0.00)D(0.00)G(0.00)F(0.00)D(0.00)G(0.00)I(0.00)P(0.00)D(0.00)N(0.00)V(0.00)D(0.00)A(0.00)A(0.00)L(0.00)A(0.00)L(0.00)P(0.00)A(0.00)H(0.00)S(0.00)Y(0.00)S(0.00)G(0.00)R(0.00)	N1	1	N(9.80)I(0.00)S(0.00)D(0.00)G(0.00)F(0.00)D(0.00)G(0.00)I(0.00)P(0.00)D(0.00)N(0.00)V(0.00)D(0.00)A(0.00)A(0.00)L(0.00)A(0.00)L(0.00)P(0.00)A(0.00)H(0.00)S(0.00)Y(0.00)S(0.00)G(0.00)R(0.00)	N(0)I(0)S(0)D(0)G(0)F(0)D(0)G(0)I(0)P(0)D(0)N(0)V(0)D(0)A(0)A(0)L(0)A(0)L(0)P(0)A(0)H(0)S(0)Y(0)S(0)G(0)R(0)	23.281637	6	0	0	25.596645	7	9.797987	0	0	0	0	FALSE	FALSE	TRUE	sp|P04004|VTNC_HUMAN	P04004	VTNC_HUMAN	VTN	Vitronectin			53065	0	0	0	0	0	0
240419_ES_R00006_MG_c00001_SA_NPB_3_i2.53112.53112.4	D:\SHARE\Tim\25-12-03_GD_Dataset\GD_dataset\NPB_3_i2\interact.pep.xml	NISDGFDGIPDNVDAALALPAHSYSGR	N[2319]ISDGFDGIPDNVDAALALPAHSYSGR	VLDPDYPR.NISDGFDGIPDNVDAALALPAHSYSGR.ERVYFFKG	R	E	27	4	4639.402	4976.1016	4976.0854	1245.0327	1245.0286	4976.0874	1245.0292	-0.002	0	59.434	9.541	1	0	2	0	242	268	74238840	1N(2204.7725)	NA	HexNAc(4)Hex(5)NeuAc(2) % 2204.7724	6.35	0	nISDGFDGIPDNVDAALALPAHSYSGR	N(56.28)I(0.00)S(0.00)D(0.00)G(0.00)F(0.00)D(0.00)G(0.00)I(0.00)P(0.00)D(0.00)N(0.00)V(0.00)D(0.00)A(0.00)A(0.00)L(0.00)A(0.00)L(0.00)P(0.00)A(0.00)H(0.00)S(0.00)Y(0.00)S(0.00)G(0.00)R(0.00)	N1	1	N(13.71)I(0.00)S(0.00)D(0.00)G(0.00)F(0.00)D(0.00)G(0.00)I(0.00)P(0.00)D(0.00)N(0.00)V(0.00)D(0.00)A(0.00)A(0.00)L(0.00)A(0.00)L(0.00)P(0.00)A(0.00)H(0.00)S(0.00)Y(0.00)S(0.00)G(0.00)R(0.00)	N(1)I(0)S(0)D(0)G(0)F(0)D(0)G(0)I(0)P(0)D(0)N(0)V(0)D(0)A(0)A(0)L(0)A(0)L(0)P(0)A(0)H(0)S(0)Y(0)S(0)G(0)R(0)	56.27982	17	0	0	59.434105	19	13.714922	1	0	0	0	FALSE	FALSE	TRUE	sp|P04004|VTNC_HUMAN	P04004	VTNC_HUMAN	VTN	Vitronectin			53088	4622.952	52900	4524.4395	4783.02	13.361001	152
240419_ES_R00006_MG_c00001_SA_NPB_3_i2.53123.53123.3	D:\SHARE\Tim\25-12-03_GD_Dataset\GD_dataset\NPB_3_i2\interact.pep.xml	NNATVHEQVGGPSLTSDLQAQSK	NN[2319]ATVHEQVGGPSLTSDLQAQSK	VYDDGEEK.NNATVHEQVGGPSLTSDLQAQSK.GNPEQTPV	K	G	23	3	4640.279	4585.915	4585.9204	1529.6456	1529.6474	4584.9346	1529.3188	0.9861	0.08421554	20.412	7.801	0.8582	0.000230947	2	0	85	107	0	2N(2204.7725)	NA	HexNAc(4)Hex(5)NeuAc(2) % 2204.7724	3.43	0	NnATVHEQVGGPSLTSDLQAQSK	N(0.00)N(20.41)A(0.00)T(0.00)V(0.00)H(0.00)E(0.00)Q(0.00)V(0.00)G(0.00)G(0.00)P(0.00)S(0.00)L(0.00)T(0.00)S(0.00)D(0.00)L(0.00)Q(0.00)A(0.00)Q(0.00)S(0.00)K(0.00)	N2	1	N(0.00)N(11.66)A(0.00)T(0.00)V(0.00)H(0.00)E(0.00)Q(0.00)V(0.00)G(0.00)G(0.00)P(0.00)S(0.00)L(0.00)T(0.00)S(0.00)D(0.00)L(0.00)Q(0.00)A(0.00)Q(0.00)S(0.00)K(0.00)	N(0)N(0)A(0)T(0)V(0)H(0)E(0)Q(0)V(0)G(0)G(0)P(0)S(0)L(0)T(0)S(0)D(0)L(0)Q(0)A(0)Q(0)S(0)K(0)	20.412521	4	0	0	20.412521	4	11.661351	0	0	0	0	FALSE	FALSE	FALSE	sp|P04004|VTNC_HUMAN	P04004	VTNC_HUMAN	VTN	Vitronectin		tr|F5GX75|F5GX75_HUMAN	53088	0	0	0	0	0	0
240419_ES_R00006_MG_c00001_SA_NPB_3_i2.53302.53302.4	D:\SHARE\Tim\25-12-03_GD_Dataset\GD_dataset\NPB_3_i2\interact.pep.xml	NNATVHEQVGGPSLTSDLQAQSK	NN[2028]ATVHEQVGGPSLTSDLQAQSK	VYDDGEEK.NNATVHEQVGGPSLTSDLQAQSK.GNPEQTPV	K	G	23	4	4654.3105	4295.852	4295.845	1074.9703	1074.9685	4293.8389	1074.467	2.0063	2.07E-08	25.654	8.155	1	0	2	0	85	107	0	2N(1913.6770)	NA	HexNAc(4)Hex(5)NeuAc(1) % 1913.6770	3.59	0	NnATVHEQVGGPSLTSDLQAQSK	N(0.00)N(25.65)A(0.00)T(0.00)V(0.00)H(0.00)E(0.00)Q(0.00)V(0.00)G(0.00)G(0.00)P(0.00)S(0.00)L(0.00)T(0.00)S(0.00)D(0.00)L(0.00)Q(0.00)A(0.00)Q(0.00)S(0.00)K(0.00)	N2	1	N(0.00)N(12.04)A(0.00)T(0.00)V(0.00)H(0.00)E(0.00)Q(0.00)V(0.00)G(0.00)G(0.00)P(0.00)S(0.00)L(0.00)T(0.00)S(0.00)D(0.00)L(0.00)Q(0.00)A(0.00)Q(0.00)S(0.00)K(0.00)	N(0)N(0)A(0)T(0)V(0)H(0)E(0)Q(0)V(0)G(0)G(0)P(0)S(0)L(0)T(0)S(0)D(0)L(0)Q(0)A(0)Q(0)S(0)K(0)	25.654442	6	0	0	25.654442	6	12.040966	0	0	0	0	FALSE	FALSE	FALSE	sp|P04004|VTNC_HUMAN	P04004	VTNC_HUMAN	VTN	Vitronectin		tr|F5GX75|F5GX75_HUMAN	53274	0	0	0	0	0	0
240419_ES_R00006_MG_c00001_SA_NPB_3_i2.53488.53488.5	D:\SHARE\Tim\25-12-03_GD_Dataset\GD_dataset\NPB_3_i2\interact.pep.xml	FEDGVLDPDYPRNISDGFDGIPDNVDAALALPAHSYSGR	FEDGVLDPDYPRN[2319]ISDGFDGIPDNVDAALALPAHSYSGR	FKGSQYWR.FEDGVLDPDYPRNISDGFDGIPDNVDAALALPAHSYSGR.ERVYFFKG	R	E	39	5	4671.131	6381.6875	6381.706	1277.3448	1277.3485	6379.7231	1276.9519	1.9829	0.003081413	17.545	0	0.9989	0	2	1	230	268	0	13N(2204.7725)	NA	HexNAc(4)Hex(5)NeuAc(2) % 2204.7724	0.71	0	FEDGVLDPDYPRnISDGFDGIPDNVDAALALPAHSYSGR	F(0.00)E(0.00)D(0.00)G(0.00)V(0.00)L(0.00)D(0.00)P(0.00)D(0.00)Y(0.00)P(0.00)R(0.00)N(16.15)I(0.00)S(0.00)D(0.00)G(0.00)F(0.00)D(0.00)G(0.00)I(0.00)P(0.00)D(0.00)N(0.00)V(0.00)D(0.00)A(0.00)A(0.00)L(0.00)A(0.00)L(0.00)P(0.00)A(0.00)H(0.00)S(0.00)Y(0.00)S(0.00)G(0.00)R(0.00)	N13	1	F(0.00)E(0.00)D(0.00)G(0.00)V(0.00)L(0.00)D(0.00)P(0.00)D(0.00)Y(0.00)P(0.00)R(0.00)N(0.00)I(0.00)S(0.00)D(0.00)G(0.00)F(0.00)D(0.00)G(0.00)I(0.00)P(0.00)D(0.00)N(0.00)V(0.00)D(0.00)A(0.00)A(0.00)L(0.00)A(0.00)L(0.00)P(0.00)A(0.00)H(0.00)S(0.00)Y(0.00)S(0.00)G(0.00)R(0.00)	F(0)E(0)D(0)G(0)V(0)L(0)D(0)P(0)D(0)Y(0)P(0)R(0)N(0)I(0)S(0)D(0)G(0)F(0)D(0)G(0)I(0)P(0)D(0)N(0)V(0)D(0)A(0)A(0)L(0)A(0)L(0)P(0)A(0)H(0)S(0)Y(0)S(0)G(0)R(0)	16.154709	8	0	0	17.545736	9	0	0	0	0	0	FALSE	FALSE	TRUE	sp|P04004|VTNC_HUMAN	P04004	VTNC_HUMAN	VTN	Vitronectin			53453	0	0	0	0	0	0
240419_ES_R00006_MG_c00001_SA_NPB_3_i2.53505.53505.3	D:\SHARE\Tim\25-12-03_GD_Dataset\GD_dataset\NPB_3_i2\interact.pep.xml	DLQSLEDILHQVENK	DLQSLEDILHQVEN[2028]K	TYQTKVDK.DLQSLEDILHQVENK.TSEVKQLI	K	T	15	3	4672.487	3693.584	3693.5723	1232.2019	1232.198	3693.5771	1232.1996	-0.0049	0.00937421	15.566	0	0.9978	0	2	0	65	79	18547780	14N(1913.6770)	NA	HexNAc(4)Hex(5)NeuAc(1) % 1913.6770	4.58	0	DLQSLEDILHQVEnK	D(0.00)L(0.00)Q(0.00)S(0.00)L(0.00)E(0.00)D(0.00)I(0.00)L(0.00)H(0.00)Q(0.00)V(0.00)E(0.00)N(13.90)K(0.00)	N14	1	D(0.00)L(0.00)Q(0.00)S(0.00)L(0.00)E(0.00)D(0.00)I(0.00)L(0.00)H(0.00)Q(0.00)V(0.00)E(0.00)N(7.51)K(0.00)	D(0)L(0)Q(0)S(0)L(0)E(0)D(0)I(0)L(0)H(0)Q(0)V(0)E(0)N(0)K(0)	13.903681	4	0	0	15.5661745	5	7.5092344	0	0	0	0	FALSE	FALSE	FALSE	tr|C9JC84|C9JC84_HUMAN	C9JC84	C9JC84_HUMAN	FGG	Fibrinogen gamma chain		"sp|P02679|FIBG_HUMAN, tr|C9JEU5|C9JEU5_HUMAN"	53480	4650.6284	53255	4538.8403	4707.701	20.806002	92
240419_ES_R00006_MG_c00001_SA_NPB_3_i2.53509.53509.3	D:\SHARE\Tim\25-12-03_GD_Dataset\GD_dataset\NPB_3_i2\interact.pep.xml	NISDGFDGIPDNVDAALALPAHSYSGR	N[2319]ISDGFDGIPDNVDAALALPAHSYSGR	VLDPDYPR.NISDGFDGIPDNVDAALALPAHSYSGR.ERVYFFKG	R	E	27	3	4672.7646	4977.0938	4977.0957	1660.0385	1660.0392	4976.0874	1659.7031	1.0083	0.000552395	20.531	0	1	0	2	0	242	268	0	1N(2204.7725)	NA	HexNAc(4)Hex(5)NeuAc(2) % 2204.7724	2.68	0	nISDGFDGIPDNVDAALALPAHSYSGR	N(20.53)I(0.00)S(0.00)D(0.00)G(0.00)F(0.00)D(0.00)G(0.00)I(0.00)P(0.00)D(0.00)N(0.00)V(0.00)D(0.00)A(0.00)A(0.00)L(0.00)A(0.00)L(0.00)P(0.00)A(0.00)H(0.00)S(0.00)Y(0.00)S(0.00)G(0.00)R(0.00)	N1	1	N(7.78)I(0.00)S(0.00)D(0.00)G(0.00)F(0.00)D(0.00)G(0.00)I(0.00)P(0.00)D(0.00)N(0.00)V(0.00)D(0.00)A(0.00)A(0.00)L(0.00)A(0.00)L(0.00)P(0.00)A(0.00)H(0.00)S(0.00)Y(0.00)S(0.00)G(0.00)R(0.00)	N(0)I(0)S(0)D(0)G(0)F(0)D(0)G(0)I(0)P(0)D(0)N(0)V(0)D(0)A(0)A(0)L(0)A(0)L(0)P(0)A(0)H(0)S(0)Y(0)S(0)G(0)R(0)	20.531235	6	0	0	20.531235	6	7.7750506	0	0	0	0	FALSE	FALSE	TRUE	sp|P04004|VTNC_HUMAN	P04004	VTNC_HUMAN	VTN	Vitronectin			53480	0	0	0	0	0	0
240419_ES_R00006_MG_c00001_SA_NPB_3_i2.53666.53666.4	D:\SHARE\Tim\25-12-03_GD_Dataset\GD_dataset\NPB_3_i2\interact.pep.xml	NNATVHEQVGGPSLTSDLQAQSK	NN[2319]ATVHEQVGGPSLTSDLQAQSK	VYDDGEEK.NNATVHEQVGGPSLTSDLQAQSK.GNPEQTPV	K	G	23	4	4684.944	4584.9404	4584.934	1147.2424	1147.2408	4584.9346	1147.241	-2.00E-04	3.16E-08	38.499	0	1	0	2	0	85	107	23432188	2N(2204.7725)	NA	HexNAc(4)Hex(5)NeuAc(2) % 2204.7724	8.26	0	NnATVHEQVGGPSLTSDLQAQSK	N(0.00)N(37.19)A(0.00)T(0.00)V(0.00)H(0.00)E(0.00)Q(0.00)V(0.00)G(0.00)G(0.00)P(0.00)S(0.00)L(0.00)T(0.00)S(0.00)D(0.00)L(0.00)Q(0.00)A(0.00)Q(0.00)S(0.00)K(0.00)	N2	1	N(0.00)N(11.05)A(0.00)T(0.00)V(0.00)H(0.00)E(0.00)Q(0.00)V(0.00)G(0.00)G(0.00)P(0.00)S(0.00)L(0.00)T(0.00)S(0.00)D(0.00)L(0.00)Q(0.00)A(0.00)Q(0.00)S(0.00)K(0.00)	N(0)N(1)A(0)T(0)V(0)H(0)E(0)Q(0)V(0)G(0)G(0)P(0)S(0)L(0)T(0)S(0)D(0)L(0)Q(0)A(0)Q(0)S(0)K(0)	37.186394	12	0	0	38.49934	13	11.054077	1	0	0	0	FALSE	FALSE	FALSE	sp|P04004|VTNC_HUMAN	P04004	VTNC_HUMAN	VTN	Vitronectin		tr|F5GX75|F5GX75_HUMAN	53650	4687.854	53703	4534.416	5371.533	3.0270002	552
240419_ES_R00006_MG_c00001_SA_NPB_3_i2.53708.53708.3	D:\SHARE\Tim\25-12-03_GD_Dataset\GD_dataset\NPB_3_i2\interact.pep.xml	DLQSLEDILHQVENK	DLQSLEDILHQVEN[2028]K	TYQTKVDK.DLQSLEDILHQVENK.TSEVKQLI	K	T	15	3	4688.275	3693.6116	3693.5723	1232.2111	1232.198	3693.5771	1232.1996	-0.0049	0.05595396	12.229	6.211	0.9878	0.000230947	2	0	65	79	0	14N(1913.6770)	NA	HexNAc(4)Hex(5)NeuAc(1) % 1913.6770	2.66	0	DLQSLEDILHQVEnK	D(0.00)L(0.00)Q(0.00)S(0.00)L(0.00)E(0.00)D(0.00)I(0.00)L(0.00)H(0.00)Q(0.00)V(0.00)E(0.00)N(12.23)K(0.00)	N14	1	D(0.00)L(0.00)Q(0.00)S(0.00)L(0.00)E(0.00)D(0.00)I(0.00)L(0.00)H(0.00)Q(0.00)V(0.00)E(0.00)N(7.31)K(0.00)	D(0)L(0)Q(0)S(0)L(0)E(0)D(0)I(0)L(0)H(0)Q(0)V(0)E(0)N(0)K(0)	12.22991	3	0	0	12.22991	3	7.3070574	0	0	0	0	FALSE	FALSE	FALSE	tr|C9JC84|C9JC84_HUMAN	C9JC84	C9JC84_HUMAN	FGG	Fibrinogen gamma chain		"sp|P02679|FIBG_HUMAN, tr|C9JEU5|C9JEU5_HUMAN"	53689	0	0	0	0	0	0
240419_ES_R00006_MG_c00001_SA_NPB_3_i2.53751.53751.3	D:\SHARE\Tim\25-12-03_GD_Dataset\GD_dataset\NPB_3_i2\interact.pep.xml	NNATVHEQVGGPSLTSDLQAQSK	NN[2319]ATVHEQVGGPSLTSDLQAQSK	VYDDGEEK.NNATVHEQVGGPSLTSDLQAQSK.GNPEQTPV	K	G	23	3	4691.5435	4586.9805	4586.9478	1530.0008	1529.9899	4584.9346	1529.3188	2.0134	0.01022704	17.461	13.4	0.974	0.000230947	2	0	85	107	0	2N(2204.7725)	NA	HexNAc(4)Hex(5)NeuAc(2) % 2204.7724	2.94	0	NnATVHEQVGGPSLTSDLQAQSK	N(0.00)N(17.46)A(0.00)T(0.00)V(0.00)H(0.00)E(0.00)Q(0.00)V(0.00)G(0.00)G(0.00)P(0.00)S(0.00)L(0.00)T(0.00)S(0.00)D(0.00)L(0.00)Q(0.00)A(0.00)Q(0.00)S(0.00)K(0.00)	N2	1	N(0.00)N(9.75)A(0.00)T(0.00)V(0.00)H(0.00)E(0.00)Q(0.00)V(0.00)G(0.00)G(0.00)P(0.00)S(0.00)L(0.00)T(0.00)S(0.00)D(0.00)L(0.00)Q(0.00)A(0.00)Q(0.00)S(0.00)K(0.00)	N(0)N(1)A(0)T(0)V(0)H(0)E(0)Q(0)V(0)G(0)G(0)P(0)S(0)L(0)T(0)S(0)D(0)L(0)Q(0)A(0)Q(0)S(0)K(0)	17.46152	5	0	0	15.525227	4	9.749628	1	0	0	0	FALSE	FALSE	FALSE	sp|P04004|VTNC_HUMAN	P04004	VTNC_HUMAN	VTN	Vitronectin		tr|F5GX75|F5GX75_HUMAN	53723	0	0	0	0	0	0
240419_ES_R00006_MG_c00001_SA_NPB_3_i2.53803.53803.4	D:\SHARE\Tim\25-12-03_GD_Dataset\GD_dataset\NPB_3_i2\interact.pep.xml	NNATVHEQVGGPSLTSDLQAQSK	NN[2028]ATVHEQVGGPSLTSDLQAQSK	VYDDGEEK.NNATVHEQVGGPSLTSDLQAQSK.GNPEQTPV	K	G	23	4	4695.6816	4293.849	4293.841	1074.4695	1074.4675	4293.8389	1074.467	0.002	8.58E-08	26.346	9.978	1	0	2	0	85	107	4624195.5	2N(1913.6770)	NA	HexNAc(4)Hex(5)NeuAc(1) % 1913.6770	4.27	0	NnATVHEQVGGPSLTSDLQAQSK	N(0.00)N(26.35)A(0.00)T(0.00)V(0.00)H(0.00)E(0.00)Q(0.00)V(0.00)G(0.00)G(0.00)P(0.00)S(0.00)L(0.00)T(0.00)S(0.00)D(0.00)L(0.00)Q(0.00)A(0.00)Q(0.00)S(0.00)K(0.00)	N2	1	N(0.00)N(13.47)A(0.00)T(0.00)V(0.00)H(0.00)E(0.00)Q(0.00)V(0.00)G(0.00)G(0.00)P(0.00)S(0.00)L(0.00)T(0.00)S(0.00)D(0.00)L(0.00)Q(0.00)A(0.00)Q(0.00)S(0.00)K(0.00)	N(0)N(2)A(0)T(0)V(0)H(0)E(0)Q(0)V(0)G(0)G(0)P(0)S(0)L(0)T(0)S(0)D(0)L(0)Q(0)A(0)Q(0)S(0)K(0)	26.346397	8	0	0	23.157734	6	13.473258	2	0	0	0	FALSE	FALSE	FALSE	sp|P04004|VTNC_HUMAN	P04004	VTNC_HUMAN	VTN	Vitronectin		tr|F5GX75|F5GX75_HUMAN	53780	4682.021	53628	4670.5073	4739.5093	37.937	35
240419_ES_R00006_MG_c00001_SA_NPB_3_i2.53818.53818.5	D:\SHARE\Tim\25-12-03_GD_Dataset\GD_dataset\NPB_3_i2\interact.pep.xml	FEDGVLDPDYPRNISDGFDGIPDNVDAALALPAHSYSGR	FEDGVLDPDYPRN[2684]ISDGFDGIPDNVDAALALPAHSYSGR	FKGSQYWR.FEDGVLDPDYPRNISDGFDGIPDNVDAALALPAHSYSGR.ERVYFFKG	R	E	39	5	4696.866	6746.866	6746.8535	1350.3805	1350.378	6744.8555	1349.9784	1.9983	4.57E-11	27.853	26.32	1	0	2	1	230	268	15919908	13N(2569.9045)	NA	HexNAc(5)Hex(6)NeuAc(2) % 2569.9046	1.09	0	FEDGVLDPDYPRnISDGFDGIPDNVDAALALPAHSYSGR	F(0.00)E(0.00)D(0.00)G(0.00)V(0.00)L(0.00)D(0.00)P(0.00)D(0.00)Y(0.00)P(0.00)R(0.00)N(27.85)I(0.00)S(0.00)D(0.00)G(0.00)F(0.00)D(0.00)G(0.00)I(0.00)P(0.00)D(0.00)N(0.00)V(0.00)D(0.00)A(0.00)A(0.00)L(0.00)A(0.00)L(0.00)P(0.00)A(0.00)H(0.00)S(0.00)Y(0.00)S(0.00)G(0.00)R(0.00)	N13	1	F(0.00)E(0.00)D(0.00)G(0.00)V(0.00)L(0.00)D(0.00)P(0.00)D(0.00)Y(0.00)P(0.00)R(0.00)N(2.21)I(0.00)S(0.00)D(0.00)G(0.00)F(0.00)D(0.00)G(0.00)I(0.00)P(0.00)D(0.00)N(0.00)V(0.00)D(0.00)A(0.00)A(0.00)L(0.00)A(0.00)L(0.00)P(0.00)A(0.00)H(0.00)S(0.00)Y(0.00)S(0.00)G(0.00)R(0.00)	F(0)E(0)D(0)G(0)V(0)L(0)D(0)P(0)D(0)Y(0)P(0)R(0)N(0)I(0)S(0)D(0)G(0)F(0)D(0)G(0)I(0)P(0)D(0)N(0)V(0)D(0)A(0)A(0)L(0)A(0)L(0)P(0)A(0)H(0)S(0)Y(0)S(0)G(0)R(0)	27.853745	12	0	0	27.853745	12	2.2124414	0	0	0	0	FALSE	FALSE	TRUE	sp|P04004|VTNC_HUMAN	P04004	VTNC_HUMAN	VTN	Vitronectin			53798	4723.1973	54166	4684.928	4871.686	25.887001	100
240419_ES_R00006_MG_c00001_SA_NPB_3_i2.53844.53844.5	D:\SHARE\Tim\25-12-03_GD_Dataset\GD_dataset\NPB_3_i2\interact.pep.xml	FEDGVLDPDYPRNISDGFDGIPDNVDAALALPAHSYSGR	FEDGVLDPDYPRN[2319]ISDGFDGIPDNVDAALALPAHSYSGR	FKGSQYWR.FEDGVLDPDYPRNISDGFDGIPDNVDAALALPAHSYSGR.ERVYFFKG	R	E	39	5	4698.7993	6381.7725	6381.729	1277.3618	1277.3531	6379.7231	1276.9519	2.0059	2.83E-05	27.693	8.264	1	0	2	1	230	268	0	13N(2204.7725)	NA	HexNAc(4)Hex(5)NeuAc(2) % 2204.7724	5.09	0	FEDGVLDPDYPRnISDGFDGIPDNVDAALALPAHSYSGR	F(0.00)E(0.00)D(0.00)G(0.00)V(0.00)L(0.00)D(0.00)P(0.00)D(0.00)Y(0.00)P(0.00)R(0.00)N(27.69)I(0.00)S(0.00)D(0.00)G(0.00)F(0.00)D(0.00)G(0.00)I(0.00)P(0.00)D(0.00)N(0.00)V(0.00)D(0.00)A(0.00)A(0.00)L(0.00)A(0.00)L(0.00)P(0.00)A(0.00)H(0.00)S(0.00)Y(0.00)S(0.00)G(0.00)R(0.00)	N13	1	F(0.00)E(0.00)D(0.00)G(0.00)V(0.00)L(0.00)D(0.00)P(0.00)D(0.00)Y(0.00)P(0.00)R(0.00)N(5.65)I(0.00)S(0.00)D(0.00)G(0.00)F(0.00)D(0.00)G(0.00)I(0.00)P(0.00)D(0.00)N(0.00)V(0.00)D(0.00)A(0.00)A(0.00)L(0.00)A(0.00)L(0.00)P(0.00)A(0.00)H(0.00)S(0.00)Y(0.00)S(0.00)G(0.00)R(0.00)	F(0)E(0)D(0)G(0)V(0)L(0)D(0)P(0)D(0)Y(0)P(0)R(0)N(0)I(0)S(0)D(0)G(0)F(0)D(0)G(0)I(0)P(0)D(0)N(0)V(0)D(0)A(0)A(0)L(0)A(0)L(0)P(0)A(0)H(0)S(0)Y(0)S(0)G(0)R(0)	27.69362	10	0	0	27.69362	10	5.6484175	0	0	0	0	FALSE	FALSE	TRUE	sp|P04004|VTNC_HUMAN	P04004	VTNC_HUMAN	VTN	Vitronectin			53814	0	0	0	0	0	0
240419_ES_R00006_MG_c00001_SA_NPB_3_i2.53865.53865.5	D:\SHARE\Tim\25-12-03_GD_Dataset\GD_dataset\NPB_3_i2\interact.pep.xml	FEDGVLDPDYPRNISDGFDGIPDNVDAALALPAHSYSGR	FEDGVLDPDYPRN[2830]ISDGFDGIPDNVDAALALPAHSYSGR	FKGSQYWR.FEDGVLDPDYPRNISDGFDGIPDNVDAALALPAHSYSGR.ERVYFFKG	R	E	39	5	4700.4595	6892.9453	6892.909	1379.5963	1379.5891	6890.9131	1379.1899	1.9961	5.22E-07	31.63	25.107	1	0	2	1	230	268	0	13N(2715.9624)	NA	HexNAc(5)Hex(6)Fuc(1)NeuAc(2) % 2715.9625	-0.38	0	FEDGVLDPDYPRnISDGFDGIPDNVDAALALPAHSYSGR	F(0.00)E(0.00)D(0.00)G(0.00)V(0.00)L(0.00)D(0.00)P(0.00)D(0.00)Y(0.00)P(0.00)R(0.00)N(31.63)I(0.00)S(0.00)D(0.00)G(0.00)F(0.00)D(0.00)G(0.00)I(0.00)P(0.00)D(0.00)N(0.00)V(0.00)D(0.00)A(0.00)A(0.00)L(0.00)A(0.00)L(0.00)P(0.00)A(0.00)H(0.00)S(0.00)Y(0.00)S(0.00)G(0.00)R(0.00)	N13	1	F(0.00)E(0.00)D(0.00)G(0.00)V(0.00)L(0.00)D(0.00)P(0.00)D(0.00)Y(0.00)P(0.00)R(0.00)N(2.87)I(0.00)S(0.00)D(0.00)G(0.00)F(0.00)D(0.00)G(0.00)I(0.00)P(0.00)D(0.00)N(0.00)V(0.00)D(0.00)A(0.00)A(0.00)L(0.00)A(0.00)L(0.00)P(0.00)A(0.00)H(0.00)S(0.00)Y(0.00)S(0.00)G(0.00)R(0.00)	F(0)E(0)D(0)G(0)V(0)L(0)D(0)P(0)D(0)Y(0)P(0)R(0)N(0)I(0)S(0)D(0)G(0)F(0)D(0)G(0)I(0)P(0)D(0)N(0)V(0)D(0)A(0)A(0)L(0)A(0)L(0)P(0)A(0)H(0)S(0)Y(0)S(0)G(0)R(0)	31.630978	14	0	0	31.630978	14	2.8651679	0	0	0	0	FALSE	FALSE	TRUE	sp|P04004|VTNC_HUMAN	P04004	VTNC_HUMAN	VTN	Vitronectin			53834	0	0	0	0	0	0
240419_ES_R00006_MG_c00001_SA_NPB_3_i2.53883.53883.4	D:\SHARE\Tim\25-12-03_GD_Dataset\GD_dataset\NPB_3_i2\interact.pep.xml	NISDGFDGIPDNVDAALALPAHSYSGR	N[2319]ISDGFDGIPDNVDAALALPAHSYSGR	VLDPDYPR.NISDGFDGIPDNVDAALALPAHSYSGR.ERVYFFKG	R	E	27	4	4701.851	4976.1084	4976.0854	1245.0344	1245.0286	4976.0874	1245.0292	-0.002	0	65.206	8.975	1	0	2	0	242	268	37446968	1N(2204.7725)	NA	HexNAc(4)Hex(5)NeuAc(2) % 2204.7724	6.18	0	nISDGFDGIPDNVDAALALPAHSYSGR	N(63.40)I(0.00)S(0.00)D(0.00)G(0.00)F(0.00)D(0.00)G(0.00)I(0.00)P(0.00)D(0.00)N(0.00)V(0.00)D(0.00)A(0.00)A(0.00)L(0.00)A(0.00)L(0.00)P(0.00)A(0.00)H(0.00)S(0.00)Y(0.00)S(0.00)G(0.00)R(0.00)	N1	1	N(12.63)I(0.00)S(0.00)D(0.00)G(0.00)F(0.00)D(0.00)G(0.00)I(0.00)P(0.00)D(0.00)N(0.00)V(0.00)D(0.00)A(0.00)A(0.00)L(0.00)A(0.00)L(0.00)P(0.00)A(0.00)H(0.00)S(0.00)Y(0.00)S(0.00)G(0.00)R(0.00)	N(2)I(0)S(0)D(0)G(0)F(0)D(0)G(0)I(0)P(0)D(0)N(0)V(0)D(0)A(0)A(0)L(0)A(0)L(0)P(0)A(0)H(0)S(0)Y(0)S(0)G(0)R(0)	63.40007	21	0	0	65.20633	22	12.628408	2	0	0	0	FALSE	FALSE	TRUE	sp|P04004|VTNC_HUMAN	P04004	VTNC_HUMAN	VTN	Vitronectin			53856	4680.4272	53607	4525.479	4783.02	13.361001	152
240419_ES_R00006_MG_c00001_SA_NPB_3_i2.53933.53933.5	D:\SHARE\Tim\25-12-03_GD_Dataset\GD_dataset\NPB_3_i2\interact.pep.xml	FEDGVLDPDYPRNISDGFDGIPDNVDAALALPAHSYSGR	FEDGVLDPDYPRN[2684]ISDGFDGIPDNVDAALALPAHSYSGR	FKGSQYWR.FEDGVLDPDYPRNISDGFDGIPDNVDAALALPAHSYSGR.ERVYFFKG	R	E	39	5	4705.669	6745.8623	6745.8535	1350.1797	1350.178	6744.8555	1349.9784	0.9983	8.36E-12	32.831	28.82	1	0	2	1	230	268	18713040	13N(2569.9045)	NA	HexNAc(5)Hex(6)NeuAc(2) % 2569.9046	3.41	0	FEDGVLDPDYPRnISDGFDGIPDNVDAALALPAHSYSGR	F(0.00)E(0.00)D(0.00)G(0.00)V(0.00)L(0.00)D(0.00)P(0.00)D(0.00)Y(0.00)P(0.00)R(0.00)N(32.83)I(0.00)S(0.00)D(0.00)G(0.00)F(0.00)D(0.00)G(0.00)I(0.00)P(0.00)D(0.00)N(0.00)V(0.00)D(0.00)A(0.00)A(0.00)L(0.00)A(0.00)L(0.00)P(0.00)A(0.00)H(0.00)S(0.00)Y(0.00)S(0.00)G(0.00)R(0.00)	N13	1	F(0.00)E(0.00)D(0.00)G(0.00)V(0.00)L(0.00)D(0.00)P(0.00)D(0.00)Y(0.00)P(0.00)R(0.00)N(1.90)I(0.00)S(0.00)D(0.00)G(0.00)F(0.00)D(0.00)G(0.00)I(0.00)P(0.00)D(0.00)N(0.00)V(0.00)D(0.00)A(0.00)A(0.00)L(0.00)A(0.00)L(0.00)P(0.00)A(0.00)H(0.00)S(0.00)Y(0.00)S(0.00)G(0.00)R(0.00)	F(0)E(0)D(0)G(0)V(0)L(0)D(0)P(0)D(0)Y(0)P(0)R(0)N(0)I(0)S(0)D(0)G(0)F(0)D(0)G(0)I(0)P(0)D(0)N(0)V(0)D(0)A(0)A(0)L(0)A(0)L(0)P(0)A(0)H(0)S(0)Y(0)S(0)G(0)R(0)	32.83174	15	0	0	32.83174	15	1.8958192	0	0	0	0	FALSE	FALSE	TRUE	sp|P04004|VTNC_HUMAN	P04004	VTNC_HUMAN	VTN	Vitronectin			53910	4720.4194	54128	4683.698	4871.686	25.887001	100
240419_ES_R00006_MG_c00001_SA_NPB_3_i2.53965.53965.4	D:\SHARE\Tim\25-12-03_GD_Dataset\GD_dataset\NPB_3_i2\interact.pep.xml	FEDGVLDPDYPRNISDGFDGIPDNVDAALALPAHSYSGR	FEDGVLDPDYPRN[2684]ISDGFDGIPDNVDAALALPAHSYSGR	FKGSQYWR.FEDGVLDPDYPRNISDGFDGIPDNVDAALALPAHSYSGR.ERVYFFKG	R	E	39	4	4708.0947	6745.864	6745.855	1687.4733	1687.471	6744.8555	1687.2212	0.9998	3.72E-06	28.218	20.013	0.9975	0	2	1	230	268	0	13N(2569.9045)	NA	HexNAc(5)Hex(6)NeuAc(2) % 2569.9046	3.22	0	FEDGVLDPDYPRnISDGFDGIPDNVDAALALPAHSYSGR	F(0.00)E(0.00)D(0.00)G(0.00)V(0.00)L(0.00)D(0.00)P(0.00)D(0.00)Y(0.00)P(0.00)R(0.00)N(28.22)I(0.00)S(0.00)D(0.00)G(0.00)F(0.00)D(0.00)G(0.00)I(0.00)P(0.00)D(0.00)N(0.00)V(0.00)D(0.00)A(0.00)A(0.00)L(0.00)A(0.00)L(0.00)P(0.00)A(0.00)H(0.00)S(0.00)Y(0.00)S(0.00)G(0.00)R(0.00)	N13	1	F(0.00)E(0.00)D(0.00)G(0.00)V(0.00)L(0.00)D(0.00)P(0.00)D(0.00)Y(0.00)P(0.00)R(0.00)N(3.86)I(0.00)S(0.00)D(0.00)G(0.00)F(0.00)D(0.00)G(0.00)I(0.00)P(0.00)D(0.00)N(0.00)V(0.00)D(0.00)A(0.00)A(0.00)L(0.00)A(0.00)L(0.00)P(0.00)A(0.00)H(0.00)S(0.00)Y(0.00)S(0.00)G(0.00)R(0.00)	F(0)E(0)D(0)G(0)V(0)L(0)D(0)P(0)D(0)Y(0)P(0)R(0)N(0)I(0)S(0)D(0)G(0)F(0)D(0)G(0)I(0)P(0)D(0)N(0)V(0)D(0)A(0)A(0)L(0)A(0)L(0)P(0)A(0)H(0)S(0)Y(0)S(0)G(0)R(0)	28.218678	11	0	0	28.218678	11	3.8611507	0	0	0	0	FALSE	FALSE	TRUE	sp|P04004|VTNC_HUMAN	P04004	VTNC_HUMAN	VTN	Vitronectin			53931	0	0	0	0	0	0
240419_ES_R00006_MG_c00001_SA_NPB_3_i2.53993.53993.5	D:\SHARE\Tim\25-12-03_GD_Dataset\GD_dataset\NPB_3_i2\interact.pep.xml	FEDGVLDPDYPRNISDGFDGIPDNVDAALALPAHSYSGR	FEDGVLDPDYPRN[2975]ISDGFDGIPDNVDAALALPAHSYSGR	FKGSQYWR.FEDGVLDPDYPRNISDGFDGIPDNVDAALALPAHSYSGR.ERVYFFKG	R	E	39	5	4710.1943	7035.932	7035.9478	1408.1937	1408.1968	7035.9507	1408.1975	-0.0029	1.02E-07	30.671	8.179	1	0	2	1	230	268	0	13N(2861.0000)	NA	HexNAc(5)Hex(6)NeuAc(3) % 2861.0000	2.82	0	FEDGVLDPDYPRnISDGFDGIPDNVDAALALPAHSYSGR	F(0.00)E(0.00)D(0.00)G(0.00)V(0.00)L(0.00)D(0.00)P(0.00)D(0.00)Y(0.00)P(0.00)R(0.00)N(30.67)I(0.00)S(0.00)D(0.00)G(0.00)F(0.00)D(0.00)G(0.00)I(0.00)P(0.00)D(0.00)N(0.00)V(0.00)D(0.00)A(0.00)A(0.00)L(0.00)A(0.00)L(0.00)P(0.00)A(0.00)H(0.00)S(0.00)Y(0.00)S(0.00)G(0.00)R(0.00)	N13	1	F(0.00)E(0.00)D(0.00)G(0.00)V(0.00)L(0.00)D(0.00)P(0.00)D(0.00)Y(0.00)P(0.00)R(0.00)N(3.47)I(0.00)S(0.00)D(0.00)G(0.00)F(0.00)D(0.00)G(0.00)I(0.00)P(0.00)D(0.00)N(0.00)V(0.00)D(0.00)A(0.00)A(0.00)L(0.00)A(0.00)L(0.00)P(0.00)A(0.00)H(0.00)S(0.00)Y(0.00)S(0.00)G(0.00)R(0.00)	F(0)E(0)D(0)G(0)V(0)L(0)D(0)P(0)D(0)Y(0)P(0)R(0)N(0)I(0)S(0)D(0)G(0)F(0)D(0)G(0)I(0)P(0)D(0)N(0)V(0)D(0)A(0)A(0)L(0)A(0)L(0)P(0)A(0)H(0)S(0)Y(0)S(0)G(0)R(0)	30.671144	12	0	0	30.671144	12	3.474386	0	0	0	0	FALSE	FALSE	TRUE	sp|P04004|VTNC_HUMAN	P04004	VTNC_HUMAN	VTN	Vitronectin			53961	0	0	0	0	0	0
240419_ES_R00006_MG_c00001_SA_NPB_3_i2.53999.53999.3	D:\SHARE\Tim\25-12-03_GD_Dataset\GD_dataset\NPB_3_i2\interact.pep.xml	DLQSLEDILHQVENK	DLQSLEDILHQVEN[2028]K	TYQTKVDK.DLQSLEDILHQVENK.TSEVKQLI	K	T	15	3	4710.6084	3694.607	3694.568	1232.5429	1232.5299	3693.5771	1232.1996	0.9908	9.29E-07	18.919	8.208	1	0	2	0	65	79	0	14N(1913.6770)	NA	HexNAc(4)Hex(5)NeuAc(1) % 1913.6770	2.87	0	DLQSLEDILHQVEnK	D(0.00)L(0.00)Q(0.00)S(0.00)L(0.00)E(0.00)D(0.00)I(0.00)L(0.00)H(0.00)Q(0.00)V(0.00)E(0.00)N(17.03)K(0.00)	N14	1	D(0.00)L(0.00)Q(0.00)S(0.00)L(0.00)E(0.00)D(0.00)I(0.00)L(0.00)H(0.00)Q(0.00)V(0.00)E(0.00)N(7.22)K(0.00)	D(0)L(0)Q(0)S(0)L(0)E(0)D(0)I(0)L(0)H(0)Q(0)V(0)E(0)N(0)K(0)	17.030811	6	0	0	18.919804	7	7.2209473	0	0	0	0	FALSE	FALSE	FALSE	tr|C9JC84|C9JC84_HUMAN	C9JC84	C9JC84_HUMAN	FGG	Fibrinogen gamma chain		"sp|P02679|FIBG_HUMAN, tr|C9JEU5|C9JEU5_HUMAN"	53961	0	0	0	0	0	0
240419_ES_R00006_MG_c00001_SA_NPB_3_i2.54022.54022.5	D:\SHARE\Tim\25-12-03_GD_Dataset\GD_dataset\NPB_3_i2\interact.pep.xml	FEDGVLDPDYPRNISDGFDGIPDNVDAALALPAHSYSGR	FEDGVLDPDYPRN[2975]ISDGFDGIPDNVDAALALPAHSYSGR	FKGSQYWR.FEDGVLDPDYPRNISDGFDGIPDNVDAALALPAHSYSGR.ERVYFFKG	R	E	39	5	4712.3633	7036.0146	7035.9727	1408.2102	1408.2018	7035.9507	1408.1975	0.022	5.90E-13	38.784	8.876	1	0	2	1	230	268	44552128	13N(2861.0000)	NA	HexNAc(5)Hex(6)NeuAc(3) % 2861.0000	1.36	0	FEDGVLDPDYPRnISDGFDGIPDNVDAALALPAHSYSGR	F(0.00)E(0.00)D(0.00)G(0.00)V(0.00)L(0.00)D(0.00)P(0.00)D(0.00)Y(0.00)P(0.00)R(0.00)N(38.78)I(0.00)S(0.00)D(0.00)G(0.00)F(0.00)D(0.00)G(0.00)I(0.00)P(0.00)D(0.00)N(0.00)V(0.00)D(0.00)A(0.00)A(0.00)L(0.00)A(0.00)L(0.00)P(0.00)A(0.00)H(0.00)S(0.00)Y(0.00)S(0.00)G(0.00)R(0.00)	N13	1	F(0.00)E(0.00)D(0.00)G(0.00)V(0.00)L(0.00)D(0.00)P(0.00)D(0.00)Y(0.00)P(0.00)R(0.00)N(3.05)I(0.00)S(0.00)D(0.00)G(0.00)F(0.00)D(0.00)G(0.00)I(0.00)P(0.00)D(0.00)N(0.00)V(0.00)D(0.00)A(0.00)A(0.00)L(0.00)A(0.00)L(0.00)P(0.00)A(0.00)H(0.00)S(0.00)Y(0.00)S(0.00)G(0.00)R(0.00)	F(0)E(0)D(0)G(0)V(0)L(0)D(0)P(0)D(0)Y(0)P(0)R(0)N(0)I(0)S(0)D(0)G(0)F(0)D(0)G(0)I(0)P(0)D(0)N(0)V(0)D(0)A(0)A(0)L(0)A(0)L(0)P(0)A(0)H(0)S(0)Y(0)S(0)G(0)R(0)	38.784416	16	0	0	38.784416	16	3.0472806	0	0	0	0	FALSE	FALSE	TRUE	sp|P04004|VTNC_HUMAN	P04004	VTNC_HUMAN	VTN	Vitronectin			53986	4715.601	54065	4699.699	4778.351	28.693	36
240419_ES_R00006_MG_c00001_SA_NPB_3_i2.54042.54042.5	D:\SHARE\Tim\25-12-03_GD_Dataset\GD_dataset\NPB_3_i2\interact.pep.xml	FEDGVLDPDYPRNISDGFDGIPDNVDAALALPAHSYSGR	FEDGVLDPDYPRN[2975]ISDGFDGIPDNVDAALALPAHSYSGR	FKGSQYWR.FEDGVLDPDYPRNISDGFDGIPDNVDAALALPAHSYSGR.ERVYFFKG	R	E	39	5	4713.878	7036.006	7035.9727	1408.2085	1408.2018	7035.9507	1408.1975	0.022	1.92E-07	36.368	8.6	1	0	2	1	230	268	87577024	13N(2861.0000)	NA	HexNAc(5)Hex(6)NeuAc(3) % 2861.0000	0.4	0	FEDGVLDPDYPRnISDGFDGIPDNVDAALALPAHSYSGR	F(0.00)E(0.00)D(0.00)G(0.00)V(0.00)L(0.00)D(0.00)P(0.00)D(0.00)Y(0.00)P(0.00)R(0.00)N(36.37)I(0.00)S(0.00)D(0.00)G(0.00)F(0.00)D(0.00)G(0.00)I(0.00)P(0.00)D(0.00)N(0.00)V(0.00)D(0.00)A(0.00)A(0.00)L(0.00)A(0.00)L(0.00)P(0.00)A(0.00)H(0.00)S(0.00)Y(0.00)S(0.00)G(0.00)R(0.00)	N13	1	F(0.00)E(0.00)D(0.00)G(0.00)V(0.00)L(0.00)D(0.00)P(0.00)D(0.00)Y(0.00)P(0.00)R(0.00)N(4.72)I(0.00)S(0.00)D(0.00)G(0.00)F(0.00)D(0.00)G(0.00)I(0.00)P(0.00)D(0.00)N(0.00)V(0.00)D(0.00)A(0.00)A(0.00)L(0.00)A(0.00)L(0.00)P(0.00)A(0.00)H(0.00)S(0.00)Y(0.00)S(0.00)G(0.00)R(0.00)	F(0)E(0)D(0)G(0)V(0)L(0)D(0)P(0)D(0)Y(0)P(0)R(0)N(0)I(0)S(0)D(0)G(0)F(0)D(0)G(0)I(0)P(0)D(0)N(0)V(0)D(0)A(0)A(0)L(0)A(0)L(0)P(0)A(0)H(0)S(0)Y(0)S(0)G(0)R(0)	36.36828	13	0	0	36.36828	13	4.724392	0	0	0	0	FALSE	FALSE	TRUE	sp|P04004|VTNC_HUMAN	P04004	VTNC_HUMAN	VTN	Vitronectin			54019	4717.9814	54095	4699.699	4780.369	28.693	36
240419_ES_R00006_MG_c00001_SA_NPB_3_i2.54066.54066.4	D:\SHARE\Tim\25-12-03_GD_Dataset\GD_dataset\NPB_3_i2\interact.pep.xml	NISDGFDGIPDNVDAALALPAHSYSGR	N[2319]ISDGFDGIPDNVDAALALPAHSYSGR	VLDPDYPR.NISDGFDGIPDNVDAALALPAHSYSGR.ERVYFFKG	R	E	27	4	4715.616	4976.0986	4976.0854	1245.0319	1245.0286	4976.0874	1245.0292	-0.002	2.00E-14	48.13	9.38	1	0	2	0	242	268	25514818	1N(2204.7725)	NA	HexNAc(4)Hex(5)NeuAc(2) % 2204.7724	6.95	0	nISDGFDGIPDNVDAALALPAHSYSGR	N(45.28)I(0.00)S(0.00)D(0.00)G(0.00)F(0.00)D(0.00)G(0.00)I(0.00)P(0.00)D(0.00)N(0.00)V(0.00)D(0.00)A(0.00)A(0.00)L(0.00)A(0.00)L(0.00)P(0.00)A(0.00)H(0.00)S(0.00)Y(0.00)S(0.00)G(0.00)R(0.00)	N1	1	N(8.26)I(0.00)S(0.00)D(0.00)G(0.00)F(0.00)D(0.00)G(0.00)I(0.00)P(0.00)D(0.00)N(0.00)V(0.00)D(0.00)A(0.00)A(0.00)L(0.00)A(0.00)L(0.00)P(0.00)A(0.00)H(0.00)S(0.00)Y(0.00)S(0.00)G(0.00)R(0.00)	N(0)I(0)S(0)D(0)G(0)F(0)D(0)G(0)I(0)P(0)D(0)N(0)V(0)D(0)A(0)A(0)L(0)A(0)L(0)P(0)A(0)H(0)S(0)Y(0)S(0)G(0)R(0)	45.277504	15	0	0	48.130753	17	8.262764	0	0	0	0	FALSE	FALSE	TRUE	sp|P04004|VTNC_HUMAN	P04004	VTNC_HUMAN	VTN	Vitronectin			54039	4696.519	53814	4525.479	4783.02	13.361001	152
240419_ES_R00006_MG_c00001_SA_NPB_3_i2.54074.54074.4	D:\SHARE\Tim\25-12-03_GD_Dataset\GD_dataset\NPB_3_i2\interact.pep.xml	FEDGVLDPDYPRNISDGFDGIPDNVDAALALPAHSYSGR	FEDGVLDPDYPRN[2465]ISDGFDGIPDNVDAALALPAHSYSGR	FKGSQYWR.FEDGVLDPDYPRNISDGFDGIPDNVDAALALPAHSYSGR.ERVYFFKG	R	E	39	4	4716.3135	6525.764	6525.7637	1632.4483	1632.4482	6525.7813	1632.4526	-0.0173	8.71E-05	23.739	0	0.9999	0	2	1	230	268	0	13N(2350.8303)	NA	HexNAc(4)Hex(5)Fuc(1)NeuAc(2) % 2350.8303	-2.54	0.001632209	FEDGVLDPDYPRnISDGFDGIPDNVDAALALPAHSYSGR	F(0.00)E(0.00)D(0.00)G(0.00)V(0.00)L(0.00)D(0.00)P(0.00)D(0.00)Y(0.00)P(0.00)R(0.00)N(23.74)I(0.00)S(0.00)D(0.00)G(0.00)F(0.00)D(0.00)G(0.00)I(0.00)P(0.00)D(0.00)N(0.00)V(0.00)D(0.00)A(0.00)A(0.00)L(0.00)A(0.00)L(0.00)P(0.00)A(0.00)H(0.00)S(0.00)Y(0.00)S(0.00)G(0.00)R(0.00)	N13	1	F(0.00)E(0.00)D(0.00)G(0.00)V(0.00)L(0.00)D(0.00)P(0.00)D(0.00)Y(0.00)P(0.00)R(0.00)N(2.23)I(0.00)S(0.00)D(0.00)G(0.00)F(0.00)D(0.00)G(0.00)I(0.00)P(0.00)D(0.00)N(0.00)V(0.00)D(0.00)A(0.00)A(0.00)L(0.00)A(0.00)L(0.00)P(0.00)A(0.00)H(0.00)S(0.00)Y(0.00)S(0.00)G(0.00)R(0.00)	F(0)E(0)D(0)G(0)V(0)L(0)D(0)P(0)D(0)Y(0)P(0)R(0)N(0)I(0)S(0)D(0)G(0)F(0)D(0)G(0)I(0)P(0)D(0)N(0)V(0)D(0)A(0)A(0)L(0)A(0)L(0)P(0)A(0)H(0)S(0)Y(0)S(0)G(0)R(0)	23.739216	10	0	0	23.739216	10	2.2268913	0	0	0	0	FALSE	FALSE	TRUE	sp|P04004|VTNC_HUMAN	P04004	VTNC_HUMAN	VTN	Vitronectin			54039	0	0	0	0	0	0
240419_ES_R00006_MG_c00001_SA_NPB_3_i2.54082.54082.4	D:\SHARE\Tim\25-12-03_GD_Dataset\GD_dataset\NPB_3_i2\interact.pep.xml	FEDGVLDPDYPRNISDGFDGIPDNVDAALALPAHSYSGR	FEDGVLDPDYPRN[2975]ISDGFDGIPDNVDAALALPAHSYSGR	FKGSQYWR.FEDGVLDPDYPRNISDGFDGIPDNVDAALALPAHSYSGR.ERVYFFKG	R	E	39	4	4717.013	7036.9956	7037.013	1760.2562	1760.2605	7035.9507	1759.995	1.0625	0	37.538	6.895	1	0	2	1	230	268	0	13N(2861.0000)	NA	HexNAc(5)Hex(6)NeuAc(3) % 2861.0000	-2.16	0.001120448	FEDGVLDPDYPRnISDGFDGIPDNVDAALALPAHSYSGR	F(0.00)E(0.00)D(0.00)G(0.00)V(0.00)L(0.00)D(0.00)P(0.00)D(0.00)Y(0.00)P(0.00)R(0.00)N(37.54)I(0.00)S(0.00)D(0.00)G(0.00)F(0.00)D(0.00)G(0.00)I(0.00)P(0.00)D(0.00)N(0.00)V(0.00)D(0.00)A(0.00)A(0.00)L(0.00)A(0.00)L(0.00)P(0.00)A(0.00)H(0.00)S(0.00)Y(0.00)S(0.00)G(0.00)R(0.00)	N13	1	F(0.00)E(0.00)D(0.00)G(0.00)V(0.00)L(0.00)D(0.00)P(0.00)D(0.00)Y(0.00)P(0.00)R(0.00)N(3.85)I(0.00)S(0.00)D(0.00)G(0.00)F(0.00)D(0.00)G(0.00)I(0.00)P(0.00)D(0.00)N(0.00)V(0.00)D(0.00)A(0.00)A(0.00)L(0.00)A(0.00)L(0.00)P(0.00)A(0.00)H(0.00)S(0.00)Y(0.00)S(0.00)G(0.00)R(0.00)	F(0)E(0)D(0)G(0)V(0)L(0)D(0)P(0)D(0)Y(0)P(0)R(0)N(0)I(0)S(0)D(0)G(0)F(0)D(0)G(0)I(0)P(0)D(0)N(0)V(0)D(0)A(0)A(0)L(0)A(0)L(0)P(0)A(0)H(0)S(0)Y(0)S(0)G(0)R(0)	37.538383	15	0	0	37.538383	15	3.8471644	0	0	0	0	FALSE	FALSE	TRUE	sp|P04004|VTNC_HUMAN	P04004	VTNC_HUMAN	VTN	Vitronectin			54065	0	0	0	0	0	0
240419_ES_R00006_MG_c00001_SA_NPB_3_i2.54096.54096.5	D:\SHARE\Tim\25-12-03_GD_Dataset\GD_dataset\NPB_3_i2\interact.pep.xml	FEDGVLDPDYPRNISDGFDGIPDNVDAALALPAHSYSGR	FEDGVLDPDYPRN[2975]ISDGFDGIPDNVDAALALPAHSYSGR	FKGSQYWR.FEDGVLDPDYPRNISDGFDGIPDNVDAALALPAHSYSGR.ERVYFFKG	R	E	39	5	4717.997	7035.991	7035.971	1408.2055	1408.2015	7035.9507	1408.1975	0.0205	6.32E-07	32.297	9.057	1	0	2	1	230	268	170002688	13N(2861.0000)	NA	HexNAc(5)Hex(6)NeuAc(3) % 2861.0000	0.68	0	FEDGVLDPDYPRnISDGFDGIPDNVDAALALPAHSYSGR	F(0.00)E(0.00)D(0.00)G(0.00)V(0.00)L(0.00)D(0.00)P(0.00)D(0.00)Y(0.00)P(0.00)R(0.00)N(32.30)I(0.00)S(0.00)D(0.00)G(0.00)F(0.00)D(0.00)G(0.00)I(0.00)P(0.00)D(0.00)N(0.00)V(0.00)D(0.00)A(0.00)A(0.00)L(0.00)A(0.00)L(0.00)P(0.00)A(0.00)H(0.00)S(0.00)Y(0.00)S(0.00)G(0.00)R(0.00)	N13	1	F(0.00)E(0.00)D(0.00)G(0.00)V(0.00)L(0.00)D(0.00)P(0.00)D(0.00)Y(0.00)P(0.00)R(0.00)N(1.73)I(0.00)S(0.00)D(0.00)G(0.00)F(0.00)D(0.00)G(0.00)I(0.00)P(0.00)D(0.00)N(0.00)V(0.00)D(0.00)A(0.00)A(0.00)L(0.00)A(0.00)L(0.00)P(0.00)A(0.00)H(0.00)S(0.00)Y(0.00)S(0.00)G(0.00)R(0.00)	F(0)E(0)D(0)G(0)V(0)L(0)D(0)P(0)D(0)Y(0)P(0)R(0)N(0)I(0)S(0)D(0)G(0)F(0)D(0)G(0)I(0)P(0)D(0)N(0)V(0)D(0)A(0)A(0)L(0)A(0)L(0)P(0)A(0)H(0)S(0)Y(0)S(0)G(0)R(0)	32.297108	14	0	0	32.297108	14	1.7304158	0	0	0	0	FALSE	FALSE	TRUE	sp|P04004|VTNC_HUMAN	P04004	VTNC_HUMAN	VTN	Vitronectin			54080	4723.1973	54166	4699.699	4778.351	28.693	36
240419_ES_R00006_MG_c00001_SA_NPB_3_i2.54099.54099.4	D:\SHARE\Tim\25-12-03_GD_Dataset\GD_dataset\NPB_3_i2\interact.pep.xml	FEDGVLDPDYPRNISDGFDGIPDNVDAALALPAHSYSGR	FEDGVLDPDYPRN[2975]ISDGFDGIPDNVDAALALPAHSYSGR	FKGSQYWR.FEDGVLDPDYPRNISDGFDGIPDNVDAALALPAHSYSGR.ERVYFFKG	R	E	39	4	4718.328	7036.9946	7037.013	1760.2559	1760.2605	7035.9507	1759.995	1.0625	0	36.611	0	1	0	2	1	230	268	0	13N(2861.0000)	NA	HexNAc(5)Hex(6)NeuAc(3) % 2861.0000	-1.22	0.001120448	FEDGVLDPDYPRnISDGFDGIPDNVDAALALPAHSYSGR	F(0.00)E(0.00)D(0.00)G(0.00)V(0.00)L(0.00)D(0.00)P(0.00)D(0.00)Y(0.00)P(0.00)R(0.00)N(36.61)I(0.00)S(0.00)D(0.00)G(0.00)F(0.00)D(0.00)G(0.00)I(0.00)P(0.00)D(0.00)N(0.00)V(0.00)D(0.00)A(0.00)A(0.00)L(0.00)A(0.00)L(0.00)P(0.00)A(0.00)H(0.00)S(0.00)Y(0.00)S(0.00)G(0.00)R(0.00)	N13	1	F(0.00)E(0.00)D(0.00)G(0.00)V(0.00)L(0.00)D(0.00)P(0.00)D(0.00)Y(0.00)P(0.00)R(0.00)N(1.72)I(0.00)S(0.00)D(0.00)G(0.00)F(0.00)D(0.00)G(0.00)I(0.00)P(0.00)D(0.00)N(0.00)V(0.00)D(0.00)A(0.00)A(0.00)L(0.00)A(0.00)L(0.00)P(0.00)A(0.00)H(0.00)S(0.00)Y(0.00)S(0.00)G(0.00)R(0.00)	F(0)E(0)D(0)G(0)V(0)L(0)D(0)P(0)D(0)Y(0)P(0)R(0)N(0)I(0)S(0)D(0)G(0)F(0)D(0)G(0)I(0)P(0)D(0)N(0)V(0)D(0)A(0)A(0)L(0)A(0)L(0)P(0)A(0)H(0)S(0)Y(0)S(0)G(0)R(0)	36.61157	15	0	0	36.61157	15	1.7163173	0	0	0	0	FALSE	FALSE	TRUE	sp|P04004|VTNC_HUMAN	P04004	VTNC_HUMAN	VTN	Vitronectin			54080	0	0	0	0	0	0
240419_ES_R00006_MG_c00001_SA_NPB_3_i2.54102.54102.5	D:\SHARE\Tim\25-12-03_GD_Dataset\GD_dataset\NPB_3_i2\interact.pep.xml	FEDGVLDPDYPRNISDGFDGIPDNVDAALALPAHSYSGR	FEDGVLDPDYPRN[2465]ISDGFDGIPDNVDAALALPAHSYSGR	FKGSQYWR.FEDGVLDPDYPRNISDGFDGIPDNVDAALALPAHSYSGR.ERVYFFKG	R	E	39	5	4718.5327	6526.785	6526.7803	1306.3643	1306.3633	6525.7813	1306.1636	0.9993	8.18E-10	33.424	7.41	1	0	2	1	230	268	0	13N(2350.8303)	NA	HexNAc(4)Hex(5)Fuc(1)NeuAc(2) % 2350.8303	3.54	0	FEDGVLDPDYPRnISDGFDGIPDNVDAALALPAHSYSGR	F(0.00)E(0.00)D(0.00)G(0.00)V(0.00)L(0.00)D(0.00)P(0.00)D(0.00)Y(0.00)P(0.00)R(0.00)N(33.42)I(0.00)S(0.00)D(0.00)G(0.00)F(0.00)D(0.00)G(0.00)I(0.00)P(0.00)D(0.00)N(0.00)V(0.00)D(0.00)A(0.00)A(0.00)L(0.00)A(0.00)L(0.00)P(0.00)A(0.00)H(0.00)S(0.00)Y(0.00)S(0.00)G(0.00)R(0.00)	N13	1	F(0.00)E(0.00)D(0.00)G(0.00)V(0.00)L(0.00)D(0.00)P(0.00)D(0.00)Y(0.00)P(0.00)R(0.00)N(0.00)I(0.00)S(0.00)D(0.00)G(0.00)F(0.00)D(0.00)G(0.00)I(0.00)P(0.00)D(0.00)N(0.00)V(0.00)D(0.00)A(0.00)A(0.00)L(0.00)A(0.00)L(0.00)P(0.00)A(0.00)H(0.00)S(0.00)Y(0.00)S(0.00)G(0.00)R(0.00)	F(0)E(0)D(0)G(0)V(0)L(0)D(0)P(0)D(0)Y(0)P(0)R(0)N(0)I(0)S(0)D(0)G(0)F(0)D(0)G(0)I(0)P(0)D(0)N(0)V(0)D(0)A(0)A(0)L(0)A(0)L(0)P(0)A(0)H(0)S(0)Y(0)S(0)G(0)R(0)	33.424706	16	0	0	33.424706	16	0	0	0	0	0	FALSE	FALSE	TRUE	sp|P04004|VTNC_HUMAN	P04004	VTNC_HUMAN	VTN	Vitronectin			54080	0	0	0	0	0	0
240419_ES_R00006_MG_c00001_SA_NPB_3_i2.54130.54130.5	D:\SHARE\Tim\25-12-03_GD_Dataset\GD_dataset\NPB_3_i2\interact.pep.xml	FEDGVLDPDYPRNISDGFDGIPDNVDAALALPAHSYSGR	FEDGVLDPDYPRN[2975]ISDGFDGIPDNVDAALALPAHSYSGR	FKGSQYWR.FEDGVLDPDYPRNISDGFDGIPDNVDAALALPAHSYSGR.ERVYFFKG	R	E	39	5	4720.63	7035.9824	7035.971	1408.2038	1408.2015	7035.9507	1408.1975	0.0205	1.30E-07	36.038	0	1	0	2	1	230	268	383426240	13N(2861.0000)	NA	HexNAc(5)Hex(6)NeuAc(3) % 2861.0000	0.4	0	FEDGVLDPDYPRnISDGFDGIPDNVDAALALPAHSYSGR	F(0.00)E(0.00)D(0.00)G(0.00)V(0.00)L(0.00)D(0.00)P(0.00)D(0.00)Y(0.00)P(0.00)R(0.00)N(36.04)I(0.00)S(0.00)D(0.00)G(0.00)F(0.00)D(0.00)G(0.00)I(0.00)P(0.00)D(0.00)N(0.00)V(0.00)D(0.00)A(0.00)A(0.00)L(0.00)A(0.00)L(0.00)P(0.00)A(0.00)H(0.00)S(0.00)Y(0.00)S(0.00)G(0.00)R(0.00)	N13	1	F(0.00)E(0.00)D(0.00)G(0.00)V(0.00)L(0.00)D(0.00)P(0.00)D(0.00)Y(0.00)P(0.00)R(0.00)N(3.64)I(0.00)S(0.00)D(0.00)G(0.00)F(0.00)D(0.00)G(0.00)I(0.00)P(0.00)D(0.00)N(0.00)V(0.00)D(0.00)A(0.00)A(0.00)L(0.00)A(0.00)L(0.00)P(0.00)A(0.00)H(0.00)S(0.00)Y(0.00)S(0.00)G(0.00)R(0.00)	F(0)E(0)D(0)G(0)V(0)L(0)D(0)P(0)D(0)Y(0)P(0)R(0)N(0)I(0)S(0)D(0)G(0)F(0)D(0)G(0)I(0)P(0)D(0)N(0)V(0)D(0)A(0)A(0)L(0)A(0)L(0)P(0)A(0)H(0)S(0)Y(0)S(0)G(0)R(0)	36.038017	15	0	0	36.038017	15	3.639374	0	0	0	0	FALSE	FALSE	TRUE	sp|P04004|VTNC_HUMAN	P04004	VTNC_HUMAN	VTN	Vitronectin			54095	4744.583	54446	4699.699	4778.351	28.693	36
240419_ES_R00006_MG_c00001_SA_NPB_3_i2.54132.54132.4	D:\SHARE\Tim\25-12-03_GD_Dataset\GD_dataset\NPB_3_i2\interact.pep.xml	FEDGVLDPDYPRNISDGFDGIPDNVDAALALPAHSYSGR	FEDGVLDPDYPRN[2975]ISDGFDGIPDNVDAALALPAHSYSGR	FKGSQYWR.FEDGVLDPDYPRNISDGFDGIPDNVDAALALPAHSYSGR.ERVYFFKG	R	E	39	4	4720.766	7035.9824	7035.9824	1760.0029	1760.0029	7035.9507	1759.995	0.0317	2.79E-12	37.686	9.379	1	0	2	1	230	268	0	13N(2861.0000)	NA	HexNAc(5)Hex(6)NeuAc(3) % 2861.0000	-1.69	0.001120448	FEDGVLDPDYPRnISDGFDGIPDNVDAALALPAHSYSGR	F(0.00)E(0.00)D(0.00)G(0.00)V(0.00)L(0.00)D(0.00)P(0.00)D(0.00)Y(0.00)P(0.00)R(0.00)N(37.69)I(0.00)S(0.00)D(0.00)G(0.00)F(0.00)D(0.00)G(0.00)I(0.00)P(0.00)D(0.00)N(0.00)V(0.00)D(0.00)A(0.00)A(0.00)L(0.00)A(0.00)L(0.00)P(0.00)A(0.00)H(0.00)S(0.00)Y(0.00)S(0.00)G(0.00)R(0.00)	N13	1	F(0.00)E(0.00)D(0.00)G(0.00)V(0.00)L(0.00)D(0.00)P(0.00)D(0.00)Y(0.00)P(0.00)R(0.00)N(0.00)I(0.00)S(0.00)D(0.00)G(0.00)F(0.00)D(0.00)G(0.00)I(0.00)P(0.00)D(0.00)N(0.00)V(0.00)D(0.00)A(0.00)A(0.00)L(0.00)A(0.00)L(0.00)P(0.00)A(0.00)H(0.00)S(0.00)Y(0.00)S(0.00)G(0.00)R(0.00)	F(0)E(0)D(0)G(0)V(0)L(0)D(0)P(0)D(0)Y(0)P(0)R(0)N(0)I(0)S(0)D(0)G(0)F(0)D(0)G(0)I(0)P(0)D(0)N(0)V(0)D(0)A(0)A(0)L(0)A(0)L(0)P(0)A(0)H(0)S(0)Y(0)S(0)G(0)R(0)	37.68643	17	0	0	37.68643	17	0	0	0	0	0	FALSE	FALSE	TRUE	sp|P04004|VTNC_HUMAN	P04004	VTNC_HUMAN	VTN	Vitronectin			54095	0	0	0	0	0	0
240419_ES_R00006_MG_c00001_SA_NPB_3_i2.54136.54136.4	D:\SHARE\Tim\25-12-03_GD_Dataset\GD_dataset\NPB_3_i2\interact.pep.xml	FEDGVLDPDYPRNISDGFDGIPDNVDAALALPAHSYSGR	FEDGVLDPDYPRN[2028]ISDGFDGIPDNVDAALALPAHSYSGR	FKGSQYWR.FEDGVLDPDYPRNISDGFDGIPDNVDAALALPAHSYSGR.ERVYFFKG	R	E	39	4	4721.0386	6090.6377	6090.627	1523.6667	1523.664	6088.6279	1523.1643	1.9991	6.86E-09	26.562	6.441	1	0	2	1	230	268	0	13N(1913.6770)	NA	HexNAc(4)Hex(5)NeuAc(1) % 1913.6770	-0.89	0.000597015	FEDGVLDPDYPRnISDGFDGIPDNVDAALALPAHSYSGR	F(0.00)E(0.00)D(0.00)G(0.00)V(0.00)L(0.00)D(0.00)P(0.00)D(0.00)Y(0.00)P(0.00)R(0.00)N(26.56)I(0.00)S(0.00)D(0.00)G(0.00)F(0.00)D(0.00)G(0.00)I(0.00)P(0.00)D(0.00)N(0.00)V(0.00)D(0.00)A(0.00)A(0.00)L(0.00)A(0.00)L(0.00)P(0.00)A(0.00)H(0.00)S(0.00)Y(0.00)S(0.00)G(0.00)R(0.00)	N13	1	F(0.00)E(0.00)D(0.00)G(0.00)V(0.00)L(0.00)D(0.00)P(0.00)D(0.00)Y(0.00)P(0.00)R(0.00)N(0.00)I(0.00)S(0.00)D(0.00)G(0.00)F(0.00)D(0.00)G(0.00)I(0.00)P(0.00)D(0.00)N(0.00)V(0.00)D(0.00)A(0.00)A(0.00)L(0.00)A(0.00)L(0.00)P(0.00)A(0.00)H(0.00)S(0.00)Y(0.00)S(0.00)G(0.00)R(0.00)	F(0)E(0)D(0)G(0)V(0)L(0)D(0)P(0)D(0)Y(0)P(0)R(0)N(0)I(0)S(0)D(0)G(0)F(0)D(0)G(0)I(0)P(0)D(0)N(0)V(0)D(0)A(0)A(0)L(0)A(0)L(0)P(0)A(0)H(0)S(0)Y(0)S(0)G(0)R(0)	26.562302	13	0	0	26.562302	13	0	0	0	0	0	FALSE	FALSE	TRUE	sp|P04004|VTNC_HUMAN	P04004	VTNC_HUMAN	VTN	Vitronectin			54095	0	0	0	0	0	0
240419_ES_R00006_MG_c00001_SA_NPB_3_i2.54167.54167.4	D:\SHARE\Tim\25-12-03_GD_Dataset\GD_dataset\NPB_3_i2\interact.pep.xml	FEDGVLDPDYPRNISDGFDGIPDNVDAALALPAHSYSGR	FEDGVLDPDYPRN[2830]ISDGFDGIPDNVDAALALPAHSYSGR	FKGSQYWR.FEDGVLDPDYPRNISDGFDGIPDNVDAALALPAHSYSGR.ERVYFFKG	R	E	39	4	4723.213	6890.9287	6890.9585	1723.7395	1723.7469	6890.9131	1723.7356	0.0454	4.37E-09	39.939	33.274	1	0	2	1	230	268	0	13N(2715.9624)	NA	HexNAc(5)Hex(6)Fuc(1)NeuAc(2) % 2715.9625	-2.81	0.00213961	FEDGVLDPDYPRnISDGFDGIPDNVDAALALPAHSYSGR	F(0.00)E(0.00)D(0.00)G(0.00)V(0.00)L(0.00)D(0.00)P(0.00)D(0.00)Y(0.00)P(0.00)R(0.00)N(39.94)I(0.00)S(0.00)D(0.00)G(0.00)F(0.00)D(0.00)G(0.00)I(0.00)P(0.00)D(0.00)N(0.00)V(0.00)D(0.00)A(0.00)A(0.00)L(0.00)A(0.00)L(0.00)P(0.00)A(0.00)H(0.00)S(0.00)Y(0.00)S(0.00)G(0.00)R(0.00)	N13	1	F(0.00)E(0.00)D(0.00)G(0.00)V(0.00)L(0.00)D(0.00)P(0.00)D(0.00)Y(0.00)P(0.00)R(0.00)N(3.36)I(0.00)S(0.00)D(0.00)G(0.00)F(0.00)D(0.00)G(0.00)I(0.00)P(0.00)D(0.00)N(0.00)V(0.00)D(0.00)A(0.00)A(0.00)L(0.00)A(0.00)L(0.00)P(0.00)A(0.00)H(0.00)S(0.00)Y(0.00)S(0.00)G(0.00)R(0.00)	F(0)E(0)D(0)G(0)V(0)L(0)D(0)P(0)D(0)Y(0)P(0)R(0)N(0)I(0)S(0)D(0)G(0)F(0)D(0)G(0)I(0)P(0)D(0)N(0)V(0)D(0)A(0)A(0)L(0)A(0)L(0)P(0)A(0)H(0)S(0)Y(0)S(0)G(0)R(0)	39.93905	16	0	0	39.93905	16	3.3609307	0	0	0	0	FALSE	FALSE	TRUE	sp|P04004|VTNC_HUMAN	P04004	VTNC_HUMAN	VTN	Vitronectin			54128	0	0	0	0	0	0
240419_ES_R00006_MG_c00001_SA_NPB_3_i2.54168.54168.5	D:\SHARE\Tim\25-12-03_GD_Dataset\GD_dataset\NPB_3_i2\interact.pep.xml	FEDGVLDPDYPRNISDGFDGIPDNVDAALALPAHSYSGR	FEDGVLDPDYPRN[2319]ISDGFDGIPDNVDAALALPAHSYSGR	FKGSQYWR.FEDGVLDPDYPRNISDGFDGIPDNVDAALALPAHSYSGR.ERVYFFKG	R	E	39	5	4723.407	6379.7925	6379.726	1276.9658	1276.9525	6379.7231	1276.9519	0.0029	1.39E-10	48.933	8.938	1	0	2	1	230	268	65020128	13N(2204.7725)	NA	HexNAc(4)Hex(5)NeuAc(2) % 2204.7724	5.53	0	FEDGVLDPDYPRnISDGFDGIPDNVDAALALPAHSYSGR	F(0.00)E(0.00)D(0.00)G(0.00)V(0.00)L(0.00)D(0.00)P(0.00)D(0.00)Y(0.00)P(0.00)R(0.00)N(48.92)I(0.00)S(0.00)D(0.00)G(0.00)F(0.00)D(0.00)G(0.00)I(0.00)P(0.00)D(0.00)N(0.00)V(0.00)D(0.00)A(0.00)A(0.00)L(0.00)A(0.00)L(0.00)P(0.00)A(0.00)H(0.00)S(0.00)Y(0.00)S(0.00)G(0.00)R(0.00)	N13	1	F(0.00)E(0.00)D(0.00)G(0.00)V(0.00)L(0.00)D(0.00)P(0.00)D(0.00)Y(0.00)P(0.00)R(0.00)N(7.07)I(0.00)S(0.00)D(0.00)G(0.00)F(0.00)D(0.00)G(0.00)I(0.00)P(0.00)D(0.00)N(0.00)V(0.00)D(0.00)A(0.00)A(0.00)L(0.00)A(0.00)L(0.00)P(0.00)A(0.00)H(0.00)S(0.00)Y(0.00)S(0.00)G(0.00)R(0.00)	F(0)E(0)D(0)G(0)V(0)L(0)D(0)P(0)D(0)Y(0)P(0)R(0)N(1)I(0)S(0)D(0)G(0)F(0)D(0)G(0)I(0)P(0)D(0)N(0)V(0)D(0)A(0)A(0)L(0)A(0)L(0)P(0)A(0)H(0)S(0)Y(0)S(0)G(0)R(0)	48.92015	20	0	0	48.933884	20	7.0691156	1	0	0	0	FALSE	FALSE	TRUE	sp|P04004|VTNC_HUMAN	P04004	VTNC_HUMAN	VTN	Vitronectin			54128	4743.076	54427	4707.701	4750.554	27.059002	21
240419_ES_R00006_MG_c00001_SA_NPB_3_i2.54190.54190.5	D:\SHARE\Tim\25-12-03_GD_Dataset\GD_dataset\NPB_3_i2\interact.pep.xml	FEDGVLDPDYPRNISDGFDGIPDNVDAALALPAHSYSGR	FEDGVLDPDYPRN[2830]ISDGFDGIPDNVDAALALPAHSYSGR	FKGSQYWR.FEDGVLDPDYPRNISDGFDGIPDNVDAALALPAHSYSGR.ERVYFFKG	R	E	39	5	4724.9546	6890.925	6890.9126	1379.1923	1379.1898	6890.9131	1379.1899	-5.00E-04	3.88E-08	36.144	25.26	1	0	2	1	230	268	1487898110	13N(2715.9624)	NA	HexNAc(5)Hex(6)Fuc(1)NeuAc(2) % 2715.9625	1.09	0	FEDGVLDPDYPRnISDGFDGIPDNVDAALALPAHSYSGR	F(0.00)E(0.00)D(0.00)G(0.00)V(0.00)L(0.00)D(0.00)P(0.00)D(0.00)Y(0.00)P(0.00)R(0.00)N(36.14)I(0.00)S(0.00)D(0.00)G(0.00)F(0.00)D(0.00)G(0.00)I(0.00)P(0.00)D(0.00)N(0.00)V(0.00)D(0.00)A(0.00)A(0.00)L(0.00)A(0.00)L(0.00)P(0.00)A(0.00)H(0.00)S(0.00)Y(0.00)S(0.00)G(0.00)R(0.00)	N13	1	F(0.00)E(0.00)D(0.00)G(0.00)V(0.00)L(0.00)D(0.00)P(0.00)D(0.00)Y(0.00)P(0.00)R(0.00)N(2.38)I(0.00)S(0.00)D(0.00)G(0.00)F(0.00)D(0.00)G(0.00)I(0.00)P(0.00)D(0.00)N(0.00)V(0.00)D(0.00)A(0.00)A(0.00)L(0.00)A(0.00)L(0.00)P(0.00)A(0.00)H(0.00)S(0.00)Y(0.00)S(0.00)G(0.00)R(0.00)	F(0)E(0)D(0)G(0)V(0)L(0)D(0)P(0)D(0)Y(0)P(0)R(0)N(1)I(0)S(0)D(0)G(0)F(0)D(0)G(0)I(0)P(0)D(0)N(0)V(0)D(0)A(0)A(0)L(0)A(0)L(0)P(0)A(0)H(0)S(0)Y(0)S(0)G(0)R(0)	36.144417	17	0	0	34.44397	16	2.376724	1	0	0	0	FALSE	FALSE	TRUE	sp|P04004|VTNC_HUMAN	P04004	VTNC_HUMAN	VTN	Vitronectin			54166	4744.583	54446	4684.928	4817.852	31.089	73
240419_ES_R00006_MG_c00001_SA_NPB_3_i2.54194.54194.4	D:\SHARE\Tim\25-12-03_GD_Dataset\GD_dataset\NPB_3_i2\interact.pep.xml	FEDGVLDPDYPRNISDGFDGIPDNVDAALALPAHSYSGR	FEDGVLDPDYPRN[2319]ISDGFDGIPDNVDAALALPAHSYSGR	FKGSQYWR.FEDGVLDPDYPRNISDGFDGIPDNVDAALALPAHSYSGR.ERVYFFKG	R	E	39	4	4725.3545	6379.734	6379.7393	1595.9408	1595.9421	6379.7231	1595.9381	0.0161	8.70E-13	37.483	7.221	1	0	2	1	230	268	59907540	13N(2204.7725)	NA	HexNAc(4)Hex(5)NeuAc(2) % 2204.7724	0.75	0	FEDGVLDPDYPRnISDGFDGIPDNVDAALALPAHSYSGR	F(0.00)E(0.00)D(0.00)G(0.00)V(0.00)L(0.00)D(0.00)P(0.00)D(0.00)Y(0.00)P(0.00)R(0.00)N(37.48)I(0.00)S(0.00)D(0.00)G(0.00)F(0.00)D(0.00)G(0.00)I(0.00)P(0.00)D(0.00)N(0.00)V(0.00)D(0.00)A(0.00)A(0.00)L(0.00)A(0.00)L(0.00)P(0.00)A(0.00)H(0.00)S(0.00)Y(0.00)S(0.00)G(0.00)R(0.00)	N13	1	F(0.00)E(0.00)D(0.00)G(0.00)V(0.00)L(0.00)D(0.00)P(0.00)D(0.00)Y(0.00)P(0.00)R(0.00)N(2.42)I(0.00)S(0.00)D(0.00)G(0.00)F(0.00)D(0.00)G(0.00)I(0.00)P(0.00)D(0.00)N(0.00)V(0.00)D(0.00)A(0.00)A(0.00)L(0.00)A(0.00)L(0.00)P(0.00)A(0.00)H(0.00)S(0.00)Y(0.00)S(0.00)G(0.00)R(0.00)	F(0)E(0)D(0)G(0)V(0)L(0)D(0)P(0)D(0)Y(0)P(0)R(0)N(0)I(0)S(0)D(0)G(0)F(0)D(0)G(0)I(0)P(0)D(0)N(0)V(0)D(0)A(0)A(0)L(0)A(0)L(0)P(0)A(0)H(0)S(0)Y(0)S(0)G(0)R(0)	37.483055	16	0	0	37.483055	16	2.4160924	0	0	0	0	FALSE	FALSE	TRUE	sp|P04004|VTNC_HUMAN	P04004	VTNC_HUMAN	VTN	Vitronectin			54166	4746.8403	54476	4703.7773	4750.554	25.065	24
240419_ES_R00006_MG_c00001_SA_NPB_3_i2.54212.54212.5	D:\SHARE\Tim\25-12-03_GD_Dataset\GD_dataset\NPB_3_i2\interact.pep.xml	FEDGVLDPDYPRNISDGFDGIPDNVDAALALPAHSYSGR	FEDGVLDPDYPRN[2465]ISDGFDGIPDNVDAALALPAHSYSGR	FKGSQYWR.FEDGVLDPDYPRNISDGFDGIPDNVDAALALPAHSYSGR.ERVYFFKG	R	E	39	5	4726.7837	6525.815	6525.795	1306.1703	1306.1663	6525.7813	1306.1636	0.0139	2.40E-05	26.982	0	1	0	2	1	230	268	21155380	13N(2350.8303)	NA	HexNAc(4)Hex(5)Fuc(1)NeuAc(2) % 2350.8303	1.76	0	FEDGVLDPDYPRnISDGFDGIPDNVDAALALPAHSYSGR	F(0.00)E(0.00)D(0.00)G(0.00)V(0.00)L(0.00)D(0.00)P(0.00)D(0.00)Y(0.00)P(0.00)R(0.00)N(26.98)I(0.00)S(0.00)D(0.00)G(0.00)F(0.00)D(0.00)G(0.00)I(0.00)P(0.00)D(0.00)N(0.00)V(0.00)D(0.00)A(0.00)A(0.00)L(0.00)A(0.00)L(0.00)P(0.00)A(0.00)H(0.00)S(0.00)Y(0.00)S(0.00)G(0.00)R(0.00)	N13	1	F(0.00)E(0.00)D(0.00)G(0.00)V(0.00)L(0.00)D(0.00)P(0.00)D(0.00)Y(0.00)P(0.00)R(0.00)N(0.00)I(0.00)S(0.00)D(0.00)G(0.00)F(0.00)D(0.00)G(0.00)I(0.00)P(0.00)D(0.00)N(0.00)V(0.00)D(0.00)A(0.00)A(0.00)L(0.00)A(0.00)L(0.00)P(0.00)A(0.00)H(0.00)S(0.00)Y(0.00)S(0.00)G(0.00)R(0.00)	F(0)E(0)D(0)G(0)V(0)L(0)D(0)P(0)D(0)Y(0)P(0)R(0)N(0)I(0)S(0)D(0)G(0)F(0)D(0)G(0)I(0)P(0)D(0)N(0)V(0)D(0)A(0)A(0)L(0)A(0)L(0)P(0)A(0)H(0)S(0)Y(0)S(0)G(0)R(0)	26.982422	13	0	0	26.982422	13	0	0	0	0	0	FALSE	FALSE	TRUE	sp|P04004|VTNC_HUMAN	P04004	VTNC_HUMAN	VTN	Vitronectin			54189	4737.804	54359	4707.701	4881.644	19.708	96
240419_ES_R00006_MG_c00001_SA_NPB_3_i2.54213.54213.4	D:\SHARE\Tim\25-12-03_GD_Dataset\GD_dataset\NPB_3_i2\interact.pep.xml	FEDGVLDPDYPRNISDGFDGIPDNVDAALALPAHSYSGR	FEDGVLDPDYPRN[2319]ISDGFDGIPDNVDAALALPAHSYSGR	FKGSQYWR.FEDGVLDPDYPRNISDGFDGIPDNVDAALALPAHSYSGR.ERVYFFKG	R	E	39	4	4726.8525	6379.7373	6379.7393	1595.9416	1595.9421	6379.7231	1595.9381	0.0161	2.68E-07	33.79	0	1	0	2	1	230	268	59907540	13N(2204.7725)	NA	HexNAc(4)Hex(5)NeuAc(2) % 2204.7724	1.02	0	FEDGVLDPDYPRnISDGFDGIPDNVDAALALPAHSYSGR	F(0.00)E(0.00)D(0.00)G(0.00)V(0.00)L(0.00)D(0.00)P(0.00)D(0.00)Y(0.00)P(0.00)R(0.00)N(33.79)I(0.00)S(0.00)D(0.00)G(0.00)F(0.00)D(0.00)G(0.00)I(0.00)P(0.00)D(0.00)N(0.00)V(0.00)D(0.00)A(0.00)A(0.00)L(0.00)A(0.00)L(0.00)P(0.00)A(0.00)H(0.00)S(0.00)Y(0.00)S(0.00)G(0.00)R(0.00)	N13	1	F(0.00)E(0.00)D(0.00)G(0.00)V(0.00)L(0.00)D(0.00)P(0.00)D(0.00)Y(0.00)P(0.00)R(0.00)N(2.22)I(0.00)S(0.00)D(0.00)G(0.00)F(0.00)D(0.00)G(0.00)I(0.00)P(0.00)D(0.00)N(0.00)V(0.00)D(0.00)A(0.00)A(0.00)L(0.00)A(0.00)L(0.00)P(0.00)A(0.00)H(0.00)S(0.00)Y(0.00)S(0.00)G(0.00)R(0.00)	F(0)E(0)D(0)G(0)V(0)L(0)D(0)P(0)D(0)Y(0)P(0)R(0)N(0)I(0)S(0)D(0)G(0)F(0)D(0)G(0)I(0)P(0)D(0)N(0)V(0)D(0)A(0)A(0)L(0)A(0)L(0)P(0)A(0)H(0)S(0)Y(0)S(0)G(0)R(0)	33.79059	15	0	0	33.79059	15	2.2208326	0	0	0	0	FALSE	FALSE	TRUE	sp|P04004|VTNC_HUMAN	P04004	VTNC_HUMAN	VTN	Vitronectin			54189	4746.8403	54476	4703.7773	4753.6323	21.987001	25
240419_ES_R00006_MG_c00001_SA_NPB_3_i2.54237.54237.5	D:\SHARE\Tim\25-12-03_GD_Dataset\GD_dataset\NPB_3_i2\interact.pep.xml	FEDGVLDPDYPRNISDGFDGIPDNVDAALALPAHSYSGR	FEDGVLDPDYPRN[2319]ISDGFDGIPDNVDAALALPAHSYSGR	FKGSQYWR.FEDGVLDPDYPRNISDGFDGIPDNVDAALALPAHSYSGR.ERVYFFKG	R	E	39	5	4728.5825	6379.7324	6379.726	1276.9538	1276.9525	6379.7231	1276.9519	0.0029	4.00E-14	40.345	8.64	1	0	2	1	230	268	65020128	13N(2204.7725)	NA	HexNAc(4)Hex(5)NeuAc(2) % 2204.7724	4.31	0	FEDGVLDPDYPRnISDGFDGIPDNVDAALALPAHSYSGR	F(0.00)E(0.00)D(0.00)G(0.00)V(0.00)L(0.00)D(0.00)P(0.00)D(0.00)Y(0.00)P(0.00)R(0.00)N(40.35)I(0.00)S(0.00)D(0.00)G(0.00)F(0.00)D(0.00)G(0.00)I(0.00)P(0.00)D(0.00)N(0.00)V(0.00)D(0.00)A(0.00)A(0.00)L(0.00)A(0.00)L(0.00)P(0.00)A(0.00)H(0.00)S(0.00)Y(0.00)S(0.00)G(0.00)R(0.00)	N13	1	F(0.00)E(0.00)D(0.00)G(0.00)V(0.00)L(0.00)D(0.00)P(0.00)D(0.00)Y(0.00)P(0.00)R(0.00)N(3.90)I(0.00)S(0.00)D(0.00)G(0.00)F(0.00)D(0.00)G(0.00)I(0.00)P(0.00)D(0.00)N(0.00)V(0.00)D(0.00)A(0.00)A(0.00)L(0.00)A(0.00)L(0.00)P(0.00)A(0.00)H(0.00)S(0.00)Y(0.00)S(0.00)G(0.00)R(0.00)	F(0)E(0)D(0)G(0)V(0)L(0)D(0)P(0)D(0)Y(0)P(0)R(0)N(0)I(0)S(0)D(0)G(0)F(0)D(0)G(0)I(0)P(0)D(0)N(0)V(0)D(0)A(0)A(0)L(0)A(0)L(0)P(0)A(0)H(0)S(0)Y(0)S(0)G(0)R(0)	40.345802	17	0	0	40.345802	17	3.899586	0	0	0	0	FALSE	FALSE	TRUE	sp|P04004|VTNC_HUMAN	P04004	VTNC_HUMAN	VTN	Vitronectin			54210	4743.076	54427	4707.701	4750.554	27.059002	23
240419_ES_R00006_MG_c00001_SA_NPB_3_i2.54259.54259.5	D:\SHARE\Tim\25-12-03_GD_Dataset\GD_dataset\NPB_3_i2\interact.pep.xml	FEDGVLDPDYPRNISDGFDGIPDNVDAALALPAHSYSGR	FEDGVLDPDYPRN[2684]ISDGFDGIPDNVDAALALPAHSYSGR	FKGSQYWR.FEDGVLDPDYPRNISDGFDGIPDNVDAALALPAHSYSGR.ERVYFFKG	R	E	39	5	4730.389	6744.8574	6744.8525	1349.9788	1349.9778	6744.8555	1349.9784	-0.0027	7.53E-09	38.993	0	1	0	2	1	230	268	1955058430	13N(2569.9045)	NA	HexNAc(5)Hex(6)NeuAc(2) % 2569.9046	1.99	0	FEDGVLDPDYPRnISDGFDGIPDNVDAALALPAHSYSGR	F(0.00)E(0.00)D(0.00)G(0.00)V(0.00)L(0.00)D(0.00)P(0.00)D(0.00)Y(0.00)P(0.00)R(0.00)N(37.20)I(0.00)S(0.00)D(0.00)G(0.00)F(0.00)D(0.00)G(0.00)I(0.00)P(0.00)D(0.00)N(0.00)V(0.00)D(0.00)A(0.00)A(0.00)L(0.00)A(0.00)L(0.00)P(0.00)A(0.00)H(0.00)S(0.00)Y(0.00)S(0.00)G(0.00)R(0.00)	N13	1	F(0.00)E(0.00)D(0.00)G(0.00)V(0.00)L(0.00)D(0.00)P(0.00)D(0.00)Y(0.00)P(0.00)R(0.00)N(2.22)I(0.00)S(0.00)D(0.00)G(0.00)F(0.00)D(0.00)G(0.00)I(0.00)P(0.00)D(0.00)N(0.00)V(0.00)D(0.00)A(0.00)A(0.00)L(0.00)A(0.00)L(0.00)P(0.00)A(0.00)H(0.00)S(0.00)Y(0.00)S(0.00)G(0.00)R(0.00)	F(0)E(0)D(0)G(0)V(0)L(0)D(0)P(0)D(0)Y(0)P(0)R(0)N(0)I(0)S(0)D(0)G(0)F(0)D(0)G(0)I(0)P(0)D(0)N(0)V(0)D(0)A(0)A(0)L(0)A(0)L(0)P(0)A(0)H(0)S(0)Y(0)S(0)G(0)R(0)	37.19962	17	0	0	38.993	18	2.2236502	0	0	0	0	FALSE	FALSE	TRUE	sp|P04004|VTNC_HUMAN	P04004	VTNC_HUMAN	VTN	Vitronectin			54236	4755.451	54591	4683.698	4871.686	25.887001	100
240419_ES_R00006_MG_c00001_SA_NPB_3_i2.54311.54311.4	D:\SHARE\Tim\25-12-03_GD_Dataset\GD_dataset\NPB_3_i2\interact.pep.xml	FEDGVLDPDYPRNISDGFDGIPDNVDAALALPAHSYSGR	FEDGVLDPDYPRN[2684]ISDGFDGIPDNVDAALALPAHSYSGR	FKGSQYWR.FEDGVLDPDYPRNISDGFDGIPDNVDAALALPAHSYSGR.ERVYFFKG	R	E	39	4	4734.279	6744.809	6744.7666	1687.2095	1687.1989	6744.8555	1687.2212	-0.0886	7.86E-08	34.919	8.396	1	0	2	1	230	268	1110860290	13N(2569.9045)	NA	HexNAc(5)Hex(6)NeuAc(2) % 2569.9046	-0.84	0	FEDGVLDPDYPRnISDGFDGIPDNVDAALALPAHSYSGR	F(0.00)E(0.00)D(0.00)G(0.00)V(0.00)L(0.00)D(0.00)P(0.00)D(0.00)Y(0.00)P(0.00)R(0.00)N(34.92)I(0.00)S(0.00)D(0.00)G(0.00)F(0.00)D(0.00)G(0.00)I(0.00)P(0.00)D(0.00)N(0.00)V(0.00)D(0.00)A(0.00)A(0.00)L(0.00)A(0.00)L(0.00)P(0.00)A(0.00)H(0.00)S(0.00)Y(0.00)S(0.00)G(0.00)R(0.00)	N13	1	F(0.00)E(0.00)D(0.00)G(0.00)V(0.00)L(0.00)D(0.00)P(0.00)D(0.00)Y(0.00)P(0.00)R(0.00)N(0.00)I(0.00)S(0.00)D(0.00)G(0.00)F(0.00)D(0.00)G(0.00)I(0.00)P(0.00)D(0.00)N(0.00)V(0.00)D(0.00)A(0.00)A(0.00)L(0.00)A(0.00)L(0.00)P(0.00)A(0.00)H(0.00)S(0.00)Y(0.00)S(0.00)G(0.00)R(0.00)	F(0)E(0)D(0)G(0)V(0)L(0)D(0)P(0)D(0)Y(0)P(0)R(0)N(0)I(0)S(0)D(0)G(0)F(0)D(0)G(0)I(0)P(0)D(0)N(0)V(0)D(0)A(0)A(0)L(0)A(0)L(0)P(0)A(0)H(0)S(0)Y(0)S(0)G(0)R(0)	34.919315	17	0	0	34.919315	17	0	0	0	0	0	FALSE	FALSE	TRUE	sp|P04004|VTNC_HUMAN	P04004	VTNC_HUMAN	VTN	Vitronectin			54280	4759.514	54645	4698.0435	4806.828	28.919	54
240419_ES_R00006_MG_c00001_SA_NPB_3_i2.54337.54337.3	D:\SHARE\Tim\25-12-03_GD_Dataset\GD_dataset\NPB_3_i2\interact.pep.xml	DLQSLEDILHQVENK	DLQSLEDILHQVEN[2028]K	TYQTKVDK.DLQSLEDILHQVENK.TSEVKQLI	K	T	15	3	4736.081	3694.5693	3694.5723	1232.5304	1232.5314	3693.5771	1232.1996	0.9951	0.01409289	16.904	5.215	0.9847	0.000230947	2	0	65	79	0	14N(1913.6770)	NA	HexNAc(4)Hex(5)NeuAc(1) % 1913.6770	1.72	0	DLQSLEDILHQVEnK	D(0.00)L(0.00)Q(0.00)S(0.00)L(0.00)E(0.00)D(0.00)I(0.00)L(0.00)H(0.00)Q(0.00)V(0.00)E(0.00)N(16.90)K(0.00)	N14	1	D(0.00)L(0.00)Q(0.00)S(0.00)L(0.00)E(0.00)D(0.00)I(0.00)L(0.00)H(0.00)Q(0.00)V(0.00)E(0.00)N(0.95)K(0.00)	D(0)L(0)Q(0)S(0)L(0)E(0)D(0)I(0)L(0)H(0)Q(0)V(0)E(0)N(0)K(0)	16.904951	9	0	0	16.904951	9	0.9474017	0	0	0	0	FALSE	FALSE	FALSE	tr|C9JC84|C9JC84_HUMAN	C9JC84	C9JC84_HUMAN	FGG	Fibrinogen gamma chain		"sp|P02679|FIBG_HUMAN, tr|C9JEU5|C9JEU5_HUMAN"	54307	0	0	0	0	0	0
240419_ES_R00006_MG_c00001_SA_NPB_3_i2.54362.54362.4	D:\SHARE\Tim\25-12-03_GD_Dataset\GD_dataset\NPB_3_i2\interact.pep.xml	FEDGVLDPDYPRNISDGFDGIPDNVDAALALPAHSYSGR	FEDGVLDPDYPRN[2465]ISDGFDGIPDNVDAALALPAHSYSGR	FKGSQYWR.FEDGVLDPDYPRNISDGFDGIPDNVDAALALPAHSYSGR.ERVYFFKG	R	E	39	4	4738.134	6526.799	6526.8	1632.707	1632.7073	6525.7813	1632.4526	1.0188	0	41.659	7.631	1	0	2	1	230	268	2288587520	13N(2350.8303)	NA	HexNAc(4)Hex(5)Fuc(1)NeuAc(2) % 2350.8303	1.04	0	FEDGVLDPDYPRnISDGFDGIPDNVDAALALPAHSYSGR	F(0.00)E(0.00)D(0.00)G(0.00)V(0.00)L(0.00)D(0.00)P(0.00)D(0.00)Y(0.00)P(0.00)R(0.00)N(41.66)I(0.00)S(0.00)D(0.00)G(0.00)F(0.00)D(0.00)G(0.00)I(0.00)P(0.00)D(0.00)N(0.00)V(0.00)D(0.00)A(0.00)A(0.00)L(0.00)A(0.00)L(0.00)P(0.00)A(0.00)H(0.00)S(0.00)Y(0.00)S(0.00)G(0.00)R(0.00)	N13	1	F(0.00)E(0.00)D(0.00)G(0.00)V(0.00)L(0.00)D(0.00)P(0.00)D(0.00)Y(0.00)P(0.00)R(0.00)N(5.04)I(0.00)S(0.00)D(0.00)G(0.00)F(0.00)D(0.00)G(0.00)I(0.00)P(0.00)D(0.00)N(0.00)V(0.00)D(0.00)A(0.00)A(0.00)L(0.00)A(0.00)L(0.00)P(0.00)A(0.00)H(0.00)S(0.00)Y(0.00)S(0.00)G(0.00)R(0.00)	F(0)E(0)D(0)G(0)V(0)L(0)D(0)P(0)D(0)Y(0)P(0)R(0)N(0)I(0)S(0)D(0)G(0)F(0)D(0)G(0)I(0)P(0)D(0)N(0)V(0)D(0)A(0)A(0)L(0)A(0)L(0)P(0)A(0)H(0)S(0)Y(0)S(0)G(0)R(0)	41.6593	16	0	0	41.6593	16	5.0385227	0	0	0	0	FALSE	FALSE	TRUE	sp|P04004|VTNC_HUMAN	P04004	VTNC_HUMAN	VTN	Vitronectin			54336	4762.916	54689	4712.0854	4865.453	19.708	87
240419_ES_R00006_MG_c00001_SA_NPB_3_i2.54372.54372.5	D:\SHARE\Tim\25-12-03_GD_Dataset\GD_dataset\NPB_3_i2\interact.pep.xml	FEDGVLDPDYPRNISDGFDGIPDNVDAALALPAHSYSGR	FEDGVLDPDYPRN[3121]ISDGFDGIPDNVDAALALPAHSYSGR	FKGSQYWR.FEDGVLDPDYPRNISDGFDGIPDNVDAALALPAHSYSGR.ERVYFFKG	R	E	39	5	4738.822	7182.0073	7181.9863	1437.4087	1437.4045	7182.0088	1437.4091	-0.0222	3.53E-05	24.309	17.889	1	0	2	1	230	268	0	13N(3007.0579)	NA	HexNAc(5)Hex(6)Fuc(1)NeuAc(3) % 3007.0579	-1.42	0.001120448	FEDGVLDPDYPRnISDGFDGIPDNVDAALALPAHSYSGR	F(0.00)E(0.00)D(0.00)G(0.00)V(0.00)L(0.00)D(0.00)P(0.00)D(0.00)Y(0.00)P(0.00)R(0.00)N(23.27)I(0.00)S(0.00)D(0.00)G(0.00)F(0.00)D(0.00)G(0.00)I(0.00)P(0.00)D(0.00)N(0.00)V(0.00)D(0.00)A(0.00)A(0.00)L(0.00)A(0.00)L(0.00)P(0.00)A(0.00)H(0.00)S(0.00)Y(0.00)S(0.00)G(0.00)R(0.00)	N13	1	F(0.00)E(0.00)D(0.00)G(0.00)V(0.00)L(0.00)D(0.00)P(0.00)D(0.00)Y(0.00)P(0.00)R(0.00)N(2.94)I(0.00)S(0.00)D(0.00)G(0.00)F(0.00)D(0.00)G(0.00)I(0.00)P(0.00)D(0.00)N(0.00)V(0.00)D(0.00)A(0.00)A(0.00)L(0.00)A(0.00)L(0.00)P(0.00)A(0.00)H(0.00)S(0.00)Y(0.00)S(0.00)G(0.00)R(0.00)	F(0)E(0)D(0)G(0)V(0)L(0)D(0)P(0)D(0)Y(0)P(0)R(0)N(0)I(0)S(0)D(0)G(0)F(0)D(0)G(0)I(0)P(0)D(0)N(0)V(0)D(0)A(0)A(0)L(0)A(0)L(0)P(0)A(0)H(0)S(0)Y(0)S(0)G(0)R(0)	23.267624	10	0	0	24.309753	11	2.9388974	0	0	0	0	FALSE	FALSE	TRUE	sp|P04004|VTNC_HUMAN	P04004	VTNC_HUMAN	VTN	Vitronectin			54336	0	0	0	0	0	0
240419_ES_R00006_MG_c00001_SA_NPB_3_i2.54404.54404.4	D:\SHARE\Tim\25-12-03_GD_Dataset\GD_dataset\NPB_3_i2\interact.pep.xml	NNATVHEQVGGPSLTSDLQAQSK	NN[2319]ATVHEQVGGPSLTSDLQAQSK	VYDDGEEK.NNATVHEQVGGPSLTSDLQAQSK.GNPEQTPV	K	G	23	4	4741.3594	4584.933	4584.934	1147.2405	1147.2408	4584.9346	1147.241	-2.00E-04	3.00E-13	38.915	16.244	1	0	2	0	85	107	24817526	2N(2204.7725)	NA	HexNAc(4)Hex(5)NeuAc(2) % 2204.7724	8.93	0	NnATVHEQVGGPSLTSDLQAQSK	N(0.00)N(38.92)A(0.00)T(0.00)V(0.00)H(0.00)E(0.00)Q(0.00)V(0.00)G(0.00)G(0.00)P(0.00)S(0.00)L(0.00)T(0.00)S(0.00)D(0.00)L(0.00)Q(0.00)A(0.00)Q(0.00)S(0.00)K(0.00)	N2	1	N(0.00)N(14.63)A(0.00)T(0.00)V(0.00)H(0.00)E(0.00)Q(0.00)V(0.00)G(0.00)G(0.00)P(0.00)S(0.00)L(0.00)T(0.00)S(0.00)D(0.00)L(0.00)Q(0.00)A(0.00)Q(0.00)S(0.00)K(0.00)	N(0)N(2)A(0)T(0)V(0)H(0)E(0)Q(0)V(0)G(0)G(0)P(0)S(0)L(0)T(0)S(0)D(0)L(0)Q(0)A(0)Q(0)S(0)K(0)	38.915466	12	0	0	38.910767	12	14.625988	2	0	0	0	FALSE	FALSE	FALSE	sp|P04004|VTNC_HUMAN	P04004	VTNC_HUMAN	VTN	Vitronectin		tr|F5GX75|F5GX75_HUMAN	54381	4761.3413	54669	4552.584	5169.4595	7.8610005	377
240419_ES_R00006_MG_c00001_SA_NPB_3_i2.54531.54531.4	D:\SHARE\Tim\25-12-03_GD_Dataset\GD_dataset\NPB_3_i2\interact.pep.xml	NNATVHEQVGGPSLTSDLQAQSK	NN[2319]ATVHEQVGGPSLTSDLQAQSK	VYDDGEEK.NNATVHEQVGGPSLTSDLQAQSK.GNPEQTPV	K	G	23	4	4751.037	4584.9424	4584.932	1147.2429	1147.2403	4584.9346	1147.241	-0.0022	4.17E-05	26.02	6.837	0.9999	0	2	0	85	107	24915004	2N(2204.7725)	NA	HexNAc(4)Hex(5)NeuAc(2) % 2204.7724	5.54	0	NnATVHEQVGGPSLTSDLQAQSK	N(0.00)N(24.51)A(0.00)T(0.00)V(0.00)H(0.00)E(0.00)Q(0.00)V(0.00)G(0.00)G(0.00)P(0.00)S(0.00)L(0.00)T(0.00)S(0.00)D(0.00)L(0.00)Q(0.00)A(0.00)Q(0.00)S(0.00)K(0.00)	N2	1	N(0.00)N(11.66)A(0.00)T(0.00)V(0.00)H(0.00)E(0.00)Q(0.00)V(0.00)G(0.00)G(0.00)P(0.00)S(0.00)L(0.00)T(0.00)S(0.00)D(0.00)L(0.00)Q(0.00)A(0.00)Q(0.00)S(0.00)K(0.00)	N(0)N(1)A(0)T(0)V(0)H(0)E(0)Q(0)V(0)G(0)G(0)P(0)S(0)L(0)T(0)S(0)D(0)L(0)Q(0)A(0)Q(0)S(0)K(0)	24.510712	7	0	0	26.020487	8	11.658255	1	0	0	0	FALSE	FALSE	FALSE	sp|P04004|VTNC_HUMAN	P04004	VTNC_HUMAN	VTN	Vitronectin		tr|F5GX75|F5GX75_HUMAN	54499	4768.582	54764	4534.416	5370.498	3.0270002	552
240419_ES_R00006_MG_c00001_SA_NPB_3_i2.54646.54646.4	D:\SHARE\Tim\25-12-03_GD_Dataset\GD_dataset\NPB_3_i2\interact.pep.xml	FEDGVLDPDYPRNISDGFDGIPDNVDAALALPAHSYSGR	FEDGVLDPDYPRN[2684]ISDGFDGIPDNVDAALALPAHSYSGR	FKGSQYWR.FEDGVLDPDYPRNISDGFDGIPDNVDAALALPAHSYSGR.ERVYFFKG	R	E	39	4	4759.53	6744.877	6744.9	1687.2265	1687.2323	6744.8555	1687.2212	0.0447	6.44E-09	39.264	5.616	1	0	2	1	230	268	0	13N(2569.9045)	NA	HexNAc(5)Hex(6)NeuAc(2) % 2569.9046	0.05	0	FEDGVLDPDYPRnISDGFDGIPDNVDAALALPAHSYSGR	F(0.00)E(0.00)D(0.00)G(0.00)V(0.00)L(0.00)D(0.00)P(0.00)D(0.00)Y(0.00)P(0.00)R(0.00)N(39.26)I(0.00)S(0.00)D(0.00)G(0.00)F(0.00)D(0.00)G(0.00)I(0.00)P(0.00)D(0.00)N(0.00)V(0.00)D(0.00)A(0.00)A(0.00)L(0.00)A(0.00)L(0.00)P(0.00)A(0.00)H(0.00)S(0.00)Y(0.00)S(0.00)G(0.00)R(0.00)	N13	1	F(0.00)E(0.00)D(0.00)G(0.00)V(0.00)L(0.00)D(0.00)P(0.00)D(0.00)Y(0.00)P(0.00)R(0.00)N(2.71)I(0.00)S(0.00)D(0.00)G(0.00)F(0.00)D(0.00)G(0.00)I(0.00)P(0.00)D(0.00)N(0.00)V(0.00)D(0.00)A(0.00)A(0.00)L(0.00)A(0.00)L(0.00)P(0.00)A(0.00)H(0.00)S(0.00)Y(0.00)S(0.00)G(0.00)R(0.00)	F(0)E(0)D(0)G(0)V(0)L(0)D(0)P(0)D(0)Y(0)P(0)R(0)N(0)I(0)S(0)D(0)G(0)F(0)D(0)G(0)I(0)P(0)D(0)N(0)V(0)D(0)A(0)A(0)L(0)A(0)L(0)P(0)A(0)H(0)S(0)Y(0)S(0)G(0)R(0)	39.26414	17	0	0	39.26414	17	2.7145622	0	0	0	0	FALSE	FALSE	TRUE	sp|P04004|VTNC_HUMAN	P04004	VTNC_HUMAN	VTN	Vitronectin			54613	0	0	0	0	0	0
240419_ES_R00006_MG_c00001_SA_NPB_3_i2.54649.54649.4	D:\SHARE\Tim\25-12-03_GD_Dataset\GD_dataset\NPB_3_i2\interact.pep.xml	FEDGVLDPDYPRNISDGFDGIPDNVDAALALPAHSYSGR	FEDGVLDPDYPRN[2319]ISDGFDGIPDNVDAALALPAHSYSGR	FKGSQYWR.FEDGVLDPDYPRNISDGFDGIPDNVDAALALPAHSYSGR.ERVYFFKG	R	E	39	4	4759.8604	6379.74	6379.743	1595.9423	1595.943	6379.7231	1595.9381	0.02	0	53.183	6.62	1	0	2	1	230	268	7729678800	13N(2204.7725)	NA	HexNAc(4)Hex(5)NeuAc(2) % 2204.7724	2.89	0	FEDGVLDPDYPRnISDGFDGIPDNVDAALALPAHSYSGR	F(0.00)E(0.00)D(0.00)G(0.00)V(0.00)L(0.00)D(0.00)P(0.00)D(0.00)Y(0.00)P(0.00)R(0.00)N(53.18)I(0.00)S(0.00)D(0.00)G(0.00)F(0.00)D(0.00)G(0.00)I(0.00)P(0.00)D(0.00)N(0.00)V(0.00)D(0.00)A(0.00)A(0.00)L(0.00)A(0.00)L(0.00)P(0.00)A(0.00)H(0.00)S(0.00)Y(0.00)S(0.00)G(0.00)R(0.00)	N13	1	F(0.00)E(0.00)D(0.00)G(0.00)V(0.00)L(0.00)D(0.00)P(0.00)D(0.00)Y(0.00)P(0.00)R(0.00)N(4.71)I(0.00)S(0.00)D(0.00)G(0.00)F(0.00)D(0.00)G(0.00)I(0.00)P(0.00)D(0.00)N(0.00)V(0.00)D(0.00)A(0.00)A(0.00)L(0.00)A(0.00)L(0.00)P(0.00)A(0.00)H(0.00)S(0.00)Y(0.00)S(0.00)G(0.00)R(0.00)	F(0)E(0)D(0)G(0)V(0)L(0)D(0)P(0)D(0)Y(0)P(0)R(0)N(0)I(0)S(0)D(0)G(0)F(0)D(0)G(0)I(0)P(0)D(0)N(0)V(0)D(0)A(0)A(0)L(0)A(0)L(0)P(0)A(0)H(0)S(0)Y(0)S(0)G(0)R(0)	53.183846	21	0	0	53.183846	21	4.7078533	0	0	0	0	FALSE	FALSE	TRUE	sp|P04004|VTNC_HUMAN	P04004	VTNC_HUMAN	VTN	Vitronectin			54613	4783.02	54953	4753.6323	4883.3013	20.489	79
240419_ES_R00006_MG_c00001_SA_NPB_3_i2.54656.54656.3	D:\SHARE\Tim\25-12-03_GD_Dataset\GD_dataset\NPB_3_i2\interact.pep.xml	DLQSLEDILHQVENK	DLQSLEDILHQVEN[2028]K	TYQTKVDK.DLQSLEDILHQVENK.TSEVKQLI	K	T	15	3	4760.3604	3693.5776	3693.5676	1232.1998	1232.1965	3693.5771	1232.1996	-0.0096	4.11E-08	16.908	7.603	1	0	2	0	65	79	0	14N(1913.6770)	NA	HexNAc(4)Hex(5)NeuAc(1) % 1913.6770	2.81	0	DLQSLEDILHQVEnK	D(0.00)L(0.00)Q(0.00)S(0.00)L(0.00)E(0.00)D(0.00)I(0.00)L(0.00)H(0.00)Q(0.00)V(0.00)E(0.00)N(16.91)K(0.00)	N14	1	D(0.00)L(0.00)Q(0.00)S(0.00)L(0.00)E(0.00)D(0.00)I(0.00)L(0.00)H(0.00)Q(0.00)V(0.00)E(0.00)N(5.40)K(0.00)	D(0)L(0)Q(0)S(0)L(0)E(0)D(0)I(0)L(0)H(0)Q(0)V(0)E(0)N(0)K(0)	16.908386	7	0	0	16.908386	7	5.4027586	0	0	0	0	FALSE	FALSE	FALSE	tr|C9JC84|C9JC84_HUMAN	C9JC84	C9JC84_HUMAN	FGG	Fibrinogen gamma chain		"sp|P02679|FIBG_HUMAN, tr|C9JEU5|C9JEU5_HUMAN"	54613	0	0	0	0	0	0
240419_ES_R00006_MG_c00001_SA_NPB_3_i2.54692.54692.5	D:\SHARE\Tim\25-12-03_GD_Dataset\GD_dataset\NPB_3_i2\interact.pep.xml	FEDGVLDPDYPRNISDGFDGIPDNVDAALALPAHSYSGR	FEDGVLDPDYPRN[2975]ISDGFDGIPDNVDAALALPAHSYSGR	FKGSQYWR.FEDGVLDPDYPRNISDGFDGIPDNVDAALALPAHSYSGR.ERVYFFKG	R	E	39	5	4763.194	7036.9043	7036.832	1408.3881	1408.3737	7035.9507	1408.1975	0.8813	4.84E-06	28.76	0	1	0	2	1	230	268	0	13N(2861.0000)	NA	HexNAc(5)Hex(6)NeuAc(3) % 2861.0000	-0.28	0	FEDGVLDPDYPRnISDGFDGIPDNVDAALALPAHSYSGR	F(0.00)E(0.00)D(0.00)G(0.00)V(0.00)L(0.00)D(0.00)P(0.00)D(0.00)Y(0.00)P(0.00)R(0.00)N(28.76)I(0.00)S(0.00)D(0.00)G(0.00)F(0.00)D(0.00)G(0.00)I(0.00)P(0.00)D(0.00)N(0.00)V(0.00)D(0.00)A(0.00)A(0.00)L(0.00)A(0.00)L(0.00)P(0.00)A(0.00)H(0.00)S(0.00)Y(0.00)S(0.00)G(0.00)R(0.00)	N13	1	F(0.00)E(0.00)D(0.00)G(0.00)V(0.00)L(0.00)D(0.00)P(0.00)D(0.00)Y(0.00)P(0.00)R(0.00)N(2.58)I(0.00)S(0.00)D(0.00)G(0.00)F(0.00)D(0.00)G(0.00)I(0.00)P(0.00)D(0.00)N(0.00)V(0.00)D(0.00)A(0.00)A(0.00)L(0.00)A(0.00)L(0.00)P(0.00)A(0.00)H(0.00)S(0.00)Y(0.00)S(0.00)G(0.00)R(0.00)	F(0)E(0)D(0)G(0)V(0)L(0)D(0)P(0)D(0)Y(0)P(0)R(0)N(0)I(0)S(0)D(0)G(0)F(0)D(0)G(0)I(0)P(0)D(0)N(0)V(0)D(0)A(0)A(0)L(0)A(0)L(0)P(0)A(0)H(0)S(0)Y(0)S(0)G(0)R(0)	28.76095	12	0	0	28.76095	12	2.5780933	0	0	0	0	FALSE	FALSE	TRUE	sp|P04004|VTNC_HUMAN	P04004	VTNC_HUMAN	VTN	Vitronectin			54669	0	0	0	0	0	0
240419_ES_R00006_MG_c00001_SA_NPB_3_i2.54769.54769.4	D:\SHARE\Tim\25-12-03_GD_Dataset\GD_dataset\NPB_3_i2\interact.pep.xml	NNATVHEQVGGPSLTSDLQAQSK	NN[2319]ATVHEQVGGPSLTSDLQAQSK	VYDDGEEK.NNATVHEQVGGPSLTSDLQAQSK.GNPEQTPV	K	G	23	4	4768.9966	4584.9414	4584.93	1147.2426	1147.2398	4584.9346	1147.241	-0.0042	0.000791185	23.97	8.076	1	0	2	0	85	107	31717092	2N(2204.7725)	NA	HexNAc(4)Hex(5)NeuAc(2) % 2204.7724	5.18	0	NnATVHEQVGGPSLTSDLQAQSK	N(0.00)N(22.68)A(0.00)T(0.00)V(0.00)H(0.00)E(0.00)Q(0.00)V(0.00)G(0.00)G(0.00)P(0.00)S(0.00)L(0.00)T(0.00)S(0.00)D(0.00)L(0.00)Q(0.00)A(0.00)Q(0.00)S(0.00)K(0.00)	N2	1	N(0.00)N(12.20)A(0.00)T(0.00)V(0.00)H(0.00)E(0.00)Q(0.00)V(0.00)G(0.00)G(0.00)P(0.00)S(0.00)L(0.00)T(0.00)S(0.00)D(0.00)L(0.00)Q(0.00)A(0.00)Q(0.00)S(0.00)K(0.00)	N(0)N(1)A(0)T(0)V(0)H(0)E(0)Q(0)V(0)G(0)G(0)P(0)S(0)L(0)T(0)S(0)D(0)L(0)Q(0)A(0)Q(0)S(0)K(0)	22.676632	6	0	0	23.970577	7	12.197924	1	0	0	0	FALSE	FALSE	FALSE	sp|P04004|VTNC_HUMAN	P04004	VTNC_HUMAN	VTN	Vitronectin		tr|F5GX75|F5GX75_HUMAN	54746	4780.369	54919	4535.956	5370.498	3.0270002	552
240419_ES_R00006_MG_c00001_SA_NPB_3_i2.54797.54797.4	D:\SHARE\Tim\25-12-03_GD_Dataset\GD_dataset\NPB_3_i2\interact.pep.xml	NISDGFDGIPDNVDAALALPAHSYSGR	N[2319]ISDGFDGIPDNVDAALALPAHSYSGR	VLDPDYPR.NISDGFDGIPDNVDAALALPAHSYSGR.ERVYFFKG	R	E	27	4	4771.0894	4976.096	4976.0825	1245.0313	1245.0279	4976.0874	1245.0292	-0.0049	0	51.131	9.097	1	0	2	0	242	268	0	1N(2204.7725)	NA	HexNAc(4)Hex(5)NeuAc(2) % 2204.7724	4.97	0	nISDGFDGIPDNVDAALALPAHSYSGR	N(49.29)I(0.00)S(0.00)D(0.00)G(0.00)F(0.00)D(0.00)G(0.00)I(0.00)P(0.00)D(0.00)N(0.00)V(0.00)D(0.00)A(0.00)A(0.00)L(0.00)A(0.00)L(0.00)P(0.00)A(0.00)H(0.00)S(0.00)Y(0.00)S(0.00)G(0.00)R(0.00)	N1	1	N(9.11)I(0.00)S(0.00)D(0.00)G(0.00)F(0.00)D(0.00)G(0.00)I(0.00)P(0.00)D(0.00)N(0.00)V(0.00)D(0.00)A(0.00)A(0.00)L(0.00)A(0.00)L(0.00)P(0.00)A(0.00)H(0.00)S(0.00)Y(0.00)S(0.00)G(0.00)R(0.00)	N(1)I(0)S(0)D(0)G(0)F(0)D(0)G(0)I(0)P(0)D(0)N(0)V(0)D(0)A(0)A(0)L(0)A(0)L(0)P(0)A(0)H(0)S(0)Y(0)S(0)G(0)R(0)	49.293636	17	0	0	51.13106	18	9.111427	1	0	0	0	FALSE	FALSE	TRUE	sp|P04004|VTNC_HUMAN	P04004	VTNC_HUMAN	VTN	Vitronectin			54764	0	0	0	0	0	0
240419_ES_R00006_MG_c00001_SA_NPB_3_i2.54898.54898.4	D:\SHARE\Tim\25-12-03_GD_Dataset\GD_dataset\NPB_3_i2\interact.pep.xml	FEDGVLDPDYPRNISDGFDGIPDNVDAALALPAHSYSGR	FEDGVLDPDYPRN[2831]ISDGFDGIPDNVDAALALPAHSYSGR	FKGSQYWR.FEDGVLDPDYPRNISDGFDGIPDNVDAALALPAHSYSGR.ERVYFFKG	R	E	39	4	4778.8325	6891.9355	6891.9365	1723.9912	1723.9914	6891.9336	1723.9907	0.0029	2.44E-08	37.954	34.464	1	0	2	1	230	268	45101564	13N(2716.9829)	NA	HexNAc(5)Hex(6)Fuc(3)NeuAc(1) % 2716.9829	-2.16	0.001120448	FEDGVLDPDYPRnISDGFDGIPDNVDAALALPAHSYSGR	F(0.00)E(0.00)D(0.00)G(0.00)V(0.00)L(0.00)D(0.00)P(0.00)D(0.00)Y(0.00)P(0.00)R(0.00)N(37.95)I(0.00)S(0.00)D(0.00)G(0.00)F(0.00)D(0.00)G(0.00)I(0.00)P(0.00)D(0.00)N(0.00)V(0.00)D(0.00)A(0.00)A(0.00)L(0.00)A(0.00)L(0.00)P(0.00)A(0.00)H(0.00)S(0.00)Y(0.00)S(0.00)G(0.00)R(0.00)	N13	1	F(0.00)E(0.00)D(0.00)G(0.00)V(0.00)L(0.00)D(0.00)P(0.00)D(0.00)Y(0.00)P(0.00)R(0.00)N(2.97)I(0.00)S(0.00)D(0.00)G(0.00)F(0.00)D(0.00)G(0.00)I(0.00)P(0.00)D(0.00)N(0.00)V(0.00)D(0.00)A(0.00)A(0.00)L(0.00)A(0.00)L(0.00)P(0.00)A(0.00)H(0.00)S(0.00)Y(0.00)S(0.00)G(0.00)R(0.00)	F(0)E(0)D(0)G(0)V(0)L(0)D(0)P(0)D(0)Y(0)P(0)R(0)N(0)I(0)S(0)D(0)G(0)F(0)D(0)G(0)I(0)P(0)D(0)N(0)V(0)D(0)A(0)A(0)L(0)A(0)L(0)P(0)A(0)H(0)S(0)Y(0)S(0)G(0)R(0)	37.954117	16	0	0	37.954117	16	2.9699528	0	0	0	0	FALSE	FALSE	TRUE	sp|P04004|VTNC_HUMAN	P04004	VTNC_HUMAN	VTN	Vitronectin			54872	4785.471	54984	4712.0854	4796.541	29.351002	46
240419_ES_R00006_MG_c00001_SA_NPB_3_i2.54934.54934.4	D:\SHARE\Tim\25-12-03_GD_Dataset\GD_dataset\NPB_3_i2\interact.pep.xml	FEDGVLDPDYPRNISDGFDGIPDNVDAALALPAHSYSGR	FEDGVLDPDYPRN[2465]ISDGFDGIPDNVDAALALPAHSYSGR	FKGSQYWR.FEDGVLDPDYPRNISDGFDGIPDNVDAALALPAHSYSGR.ERVYFFKG	R	E	39	4	4781.4946	6525.7847	6525.804	1632.4535	1632.4583	6525.7813	1632.4526	0.0232	6.05E-08	35.374	0	1	0	2	1	230	268	2288587520	13N(2350.8303)	NA	HexNAc(4)Hex(5)Fuc(1)NeuAc(2) % 2350.8303	0.34	0	FEDGVLDPDYPRnISDGFDGIPDNVDAALALPAHSYSGR	F(0.00)E(0.00)D(0.00)G(0.00)V(0.00)L(0.00)D(0.00)P(0.00)D(0.00)Y(0.00)P(0.00)R(0.00)N(35.37)I(0.00)S(0.00)D(0.00)G(0.00)F(0.00)D(0.00)G(0.00)I(0.00)P(0.00)D(0.00)N(0.00)V(0.00)D(0.00)A(0.00)A(0.00)L(0.00)A(0.00)L(0.00)P(0.00)A(0.00)H(0.00)S(0.00)Y(0.00)S(0.00)G(0.00)R(0.00)	N13	1	F(0.00)E(0.00)D(0.00)G(0.00)V(0.00)L(0.00)D(0.00)P(0.00)D(0.00)Y(0.00)P(0.00)R(0.00)N(2.78)I(0.00)S(0.00)D(0.00)G(0.00)F(0.00)D(0.00)G(0.00)I(0.00)P(0.00)D(0.00)N(0.00)V(0.00)D(0.00)A(0.00)A(0.00)L(0.00)A(0.00)L(0.00)P(0.00)A(0.00)H(0.00)S(0.00)Y(0.00)S(0.00)G(0.00)R(0.00)	F(0)E(0)D(0)G(0)V(0)L(0)D(0)P(0)D(0)Y(0)P(0)R(0)N(0)I(0)S(0)D(0)G(0)F(0)D(0)G(0)I(0)P(0)D(0)N(0)V(0)D(0)A(0)A(0)L(0)A(0)L(0)P(0)A(0)H(0)S(0)Y(0)S(0)G(0)R(0)	35.374428	15	0	0	35.374428	15	2.7814245	0	0	0	0	FALSE	FALSE	TRUE	sp|P04004|VTNC_HUMAN	P04004	VTNC_HUMAN	VTN	Vitronectin			54919	4762.916	54689	4712.0854	4866.866	19.708	86
240419_ES_R00006_MG_c00001_SA_NPB_3_i2.54941.54941.4	D:\SHARE\Tim\25-12-03_GD_Dataset\GD_dataset\NPB_3_i2\interact.pep.xml	FEDGVLDPDYPRNISDGFDGIPDNVDAALALPAHSYSGR	FEDGVLDPDYPRN[2028]ISDGFDGIPDNVDAALALPAHSYSGR	FKGSQYWR.FEDGVLDPDYPRNISDGFDGIPDNVDAALALPAHSYSGR.ERVYFFKG	R	E	39	4	4782.1216	6089.5757	6089.581	1523.4012	1523.4025	6088.6279	1523.1643	0.9532	2.97E-10	30.329	9.336	1	0	2	1	230	268	0	13N(1913.6770)	NA	HexNAc(4)Hex(5)NeuAc(1) % 1913.6770	-3.42	0.004178637	FEDGVLDPDYPRnISDGFDGIPDNVDAALALPAHSYSGR	F(0.00)E(0.00)D(0.00)G(0.00)V(0.00)L(0.00)D(0.00)P(0.00)D(0.00)Y(0.00)P(0.00)R(0.00)N(30.33)I(0.00)S(0.00)D(0.00)G(0.00)F(0.00)D(0.00)G(0.00)I(0.00)P(0.00)D(0.00)N(0.00)V(0.00)D(0.00)A(0.00)A(0.00)L(0.00)A(0.00)L(0.00)P(0.00)A(0.00)H(0.00)S(0.00)Y(0.00)S(0.00)G(0.00)R(0.00)	N13	1	F(0.00)E(0.00)D(0.00)G(0.00)V(0.00)L(0.00)D(0.00)P(0.00)D(0.00)Y(0.00)P(0.00)R(0.00)N(0.63)I(0.00)S(0.00)D(0.00)G(0.00)F(0.00)D(0.00)G(0.00)I(0.00)P(0.00)D(0.00)N(0.00)V(0.00)D(0.00)A(0.00)A(0.00)L(0.00)A(0.00)L(0.00)P(0.00)A(0.00)H(0.00)S(0.00)Y(0.00)S(0.00)G(0.00)R(0.00)	F(0)E(0)D(0)G(0)V(0)L(0)D(0)P(0)D(0)Y(0)P(0)R(0)N(0)I(0)S(0)D(0)G(0)F(0)D(0)G(0)I(0)P(0)D(0)N(0)V(0)D(0)A(0)A(0)L(0)A(0)L(0)P(0)A(0)H(0)S(0)Y(0)S(0)G(0)R(0)	30.329777	15	0	0	30.329777	15	0.6344582	0	0	0	0	FALSE	FALSE	TRUE	sp|P04004|VTNC_HUMAN	P04004	VTNC_HUMAN	VTN	Vitronectin			54919	0	0	0	0	0	0
240419_ES_R00006_MG_c00001_SA_NPB_3_i2.54954.54954.4	D:\SHARE\Tim\25-12-03_GD_Dataset\GD_dataset\NPB_3_i2\interact.pep.xml	FEDGVLDPDYPRNISDGFDGIPDNVDAALALPAHSYSGR	FEDGVLDPDYPRN[2684]ISDGFDGIPDNVDAALALPAHSYSGR	FKGSQYWR.FEDGVLDPDYPRNISDGFDGIPDNVDAALALPAHSYSGR.ERVYFFKG	R	E	39	4	4783.0347	6745.8457	6745.879	1687.4687	1687.477	6744.8555	1687.2212	1.0237	4.28E-10	38.621	34.072	1	0	2	1	230	268	72416864	13N(2569.9045)	NA	HexNAc(5)Hex(6)NeuAc(2) % 2569.9046	-0.41	0	FEDGVLDPDYPRnISDGFDGIPDNVDAALALPAHSYSGR	F(0.00)E(0.00)D(0.00)G(0.00)V(0.00)L(0.00)D(0.00)P(0.00)D(0.00)Y(0.00)P(0.00)R(0.00)N(38.62)I(0.00)S(0.00)D(0.00)G(0.00)F(0.00)D(0.00)G(0.00)I(0.00)P(0.00)D(0.00)N(0.00)V(0.00)D(0.00)A(0.00)A(0.00)L(0.00)A(0.00)L(0.00)P(0.00)A(0.00)H(0.00)S(0.00)Y(0.00)S(0.00)G(0.00)R(0.00)	N13	1	F(0.00)E(0.00)D(0.00)G(0.00)V(0.00)L(0.00)D(0.00)P(0.00)D(0.00)Y(0.00)P(0.00)R(0.00)N(0.00)I(0.00)S(0.00)D(0.00)G(0.00)F(0.00)D(0.00)G(0.00)I(0.00)P(0.00)D(0.00)N(0.00)V(0.00)D(0.00)A(0.00)A(0.00)L(0.00)A(0.00)L(0.00)P(0.00)A(0.00)H(0.00)S(0.00)Y(0.00)S(0.00)G(0.00)R(0.00)	F(0)E(0)D(0)G(0)V(0)L(0)D(0)P(0)D(0)Y(0)P(0)R(0)N(0)I(0)S(0)D(0)G(0)F(0)D(0)G(0)I(0)P(0)D(0)N(0)V(0)D(0)A(0)A(0)L(0)A(0)L(0)P(0)A(0)H(0)S(0)Y(0)S(0)G(0)R(0)	38.621994	19	0	0	38.621994	19	0	0	0	0	0	FALSE	FALSE	TRUE	sp|P04004|VTNC_HUMAN	P04004	VTNC_HUMAN	VTN	Vitronectin			54933	4785.471	54984	4728.5674	4803.04	28.919	40
240419_ES_R00006_MG_c00001_SA_NPB_3_i2.54998.54998.4	D:\SHARE\Tim\25-12-03_GD_Dataset\GD_dataset\NPB_3_i2\interact.pep.xml	FEDGVLDPDYPRNISDGFDGIPDNVDAALALPAHSYSGR	FEDGVLDPDYPRN[2319]ISDGFDGIPDNVDAALALPAHSYSGR	FKGSQYWR.FEDGVLDPDYPRNISDGFDGIPDNVDAALALPAHSYSGR.ERVYFFKG	R	E	39	4	4786.522	6379.737	6379.7427	1595.9415	1595.943	6379.7231	1595.9381	0.0195	0	44.248	6.308	1	0	2	1	230	268	7587206100	13N(2204.7725)	NA	HexNAc(4)Hex(5)NeuAc(2) % 2204.7724	2.54	0	FEDGVLDPDYPRnISDGFDGIPDNVDAALALPAHSYSGR	F(0.00)E(0.00)D(0.00)G(0.00)V(0.00)L(0.00)D(0.00)P(0.00)D(0.00)Y(0.00)P(0.00)R(0.00)N(44.25)I(0.00)S(0.00)D(0.00)G(0.00)F(0.00)D(0.00)G(0.00)I(0.00)P(0.00)D(0.00)N(0.00)V(0.00)D(0.00)A(0.00)A(0.00)L(0.00)A(0.00)L(0.00)P(0.00)A(0.00)H(0.00)S(0.00)Y(0.00)S(0.00)G(0.00)R(0.00)	N13	1	F(0.00)E(0.00)D(0.00)G(0.00)V(0.00)L(0.00)D(0.00)P(0.00)D(0.00)Y(0.00)P(0.00)R(0.00)N(4.01)I(0.00)S(0.00)D(0.00)G(0.00)F(0.00)D(0.00)G(0.00)I(0.00)P(0.00)D(0.00)N(0.00)V(0.00)D(0.00)A(0.00)A(0.00)L(0.00)A(0.00)L(0.00)P(0.00)A(0.00)H(0.00)S(0.00)Y(0.00)S(0.00)G(0.00)R(0.00)	F(0)E(0)D(0)G(0)V(0)L(0)D(0)P(0)D(0)Y(0)P(0)R(0)N(0)I(0)S(0)D(0)G(0)F(0)D(0)G(0)I(0)P(0)D(0)N(0)V(0)D(0)A(0)A(0)L(0)A(0)L(0)P(0)A(0)H(0)S(0)Y(0)S(0)G(0)R(0)	44.24832	19	0	0	44.24832	19	4.006751	0	0	0	0	FALSE	FALSE	TRUE	sp|P04004|VTNC_HUMAN	P04004	VTNC_HUMAN	VTN	Vitronectin			54984	4781.4805	54933	4753.6323	4883.3013	20.489	79
240419_ES_R00006_MG_c00001_SA_NPB_3_i2.55018.55018.5	D:\SHARE\Tim\25-12-03_GD_Dataset\GD_dataset\NPB_3_i2\interact.pep.xml	FEDGVLDPDYPRNISDGFDGIPDNVDAALALPAHSYSGR	FEDGVLDPDYPRN[2465]ISDGFDGIPDNVDAALALPAHSYSGR	FKGSQYWR.FEDGVLDPDYPRNISDGFDGIPDNVDAALALPAHSYSGR.ERVYFFKG	R	E	39	5	4788.0864	6525.788	6525.7793	1306.1649	1306.1631	6525.7813	1306.1636	-0.0017	1.83E-10	48.454	6.902	1	0	2	1	230	268	2684841730	13N(2350.8303)	NA	HexNAc(4)Hex(5)Fuc(1)NeuAc(2) % 2350.8303	5.4	0	FEDGVLDPDYPRnISDGFDGIPDNVDAALALPAHSYSGR	F(0.00)E(0.00)D(0.00)G(0.00)V(0.00)L(0.00)D(0.00)P(0.00)D(0.00)Y(0.00)P(0.00)R(0.00)N(48.45)I(0.00)S(0.00)D(0.00)G(0.00)F(0.00)D(0.00)G(0.00)I(0.00)P(0.00)D(0.00)N(0.00)V(0.00)D(0.00)A(0.00)A(0.00)L(0.00)A(0.00)L(0.00)P(0.00)A(0.00)H(0.00)S(0.00)Y(0.00)S(0.00)G(0.00)R(0.00)	N13	1	F(0.00)E(0.00)D(0.00)G(0.00)V(0.00)L(0.00)D(0.00)P(0.00)D(0.00)Y(0.00)P(0.00)R(0.00)N(10.62)I(0.00)S(0.00)D(0.00)G(0.00)F(0.00)D(0.00)G(0.00)I(0.00)P(0.00)D(0.00)N(0.00)V(0.00)D(0.00)A(0.00)A(0.00)L(0.00)A(0.00)L(0.00)P(0.00)A(0.00)H(0.00)S(0.00)Y(0.00)S(0.00)G(0.00)R(0.00)	F(0)E(0)D(0)G(0)V(0)L(0)D(0)P(0)D(0)Y(0)P(0)R(0)N(1)I(0)S(0)D(0)G(0)F(0)D(0)G(0)I(0)P(0)D(0)N(0)V(0)D(0)A(0)A(0)L(0)A(0)L(0)P(0)A(0)H(0)S(0)Y(0)S(0)G(0)R(0)	48.454346	17	0	0	46.75573	16	10.621381	1	0	0	0	FALSE	FALSE	TRUE	sp|P04004|VTNC_HUMAN	P04004	VTNC_HUMAN	VTN	Vitronectin			54997	4767.1553	54746	4707.701	4863.935	19.708	91
240419_ES_R00006_MG_c00001_SA_NPB_3_i2.55020.55020.5	D:\SHARE\Tim\25-12-03_GD_Dataset\GD_dataset\NPB_3_i2\interact.pep.xml	FEDGVLDPDYPRNISDGFDGIPDNVDAALALPAHSYSGR	FEDGVLDPDYPRN[2684]ISDGFDGIPDNVDAALALPAHSYSGR	FKGSQYWR.FEDGVLDPDYPRNISDGFDGIPDNVDAALALPAHSYSGR.ERVYFFKG	R	E	39	5	4788.3486	6744.887	6744.842	1349.9847	1349.9757	6744.8555	1349.9784	-0.0134	1.31E-08	39.027	0	1	0	2	1	230	268	0	13N(2569.9045)	NA	HexNAc(5)Hex(6)NeuAc(2) % 2569.9046	2.55	0	FEDGVLDPDYPRnISDGFDGIPDNVDAALALPAHSYSGR	F(0.00)E(0.00)D(0.00)G(0.00)V(0.00)L(0.00)D(0.00)P(0.00)D(0.00)Y(0.00)P(0.00)R(0.00)N(39.03)I(0.00)S(0.00)D(0.00)G(0.00)F(0.00)D(0.00)G(0.00)I(0.00)P(0.00)D(0.00)N(0.00)V(0.00)D(0.00)A(0.00)A(0.00)L(0.00)A(0.00)L(0.00)P(0.00)A(0.00)H(0.00)S(0.00)Y(0.00)S(0.00)G(0.00)R(0.00)	N13	1	F(0.00)E(0.00)D(0.00)G(0.00)V(0.00)L(0.00)D(0.00)P(0.00)D(0.00)Y(0.00)P(0.00)R(0.00)N(2.61)I(0.00)S(0.00)D(0.00)G(0.00)F(0.00)D(0.00)G(0.00)I(0.00)P(0.00)D(0.00)N(0.00)V(0.00)D(0.00)A(0.00)A(0.00)L(0.00)A(0.00)L(0.00)P(0.00)A(0.00)H(0.00)S(0.00)Y(0.00)S(0.00)G(0.00)R(0.00)	F(0)E(0)D(0)G(0)V(0)L(0)D(0)P(0)D(0)Y(0)P(0)R(0)N(0)I(0)S(0)D(0)G(0)F(0)D(0)G(0)I(0)P(0)D(0)N(0)V(0)D(0)A(0)A(0)L(0)A(0)L(0)P(0)A(0)H(0)S(0)Y(0)S(0)G(0)R(0)	39.0279	17	0	0	39.0279	17	2.611466	0	0	0	0	FALSE	FALSE	TRUE	sp|P04004|VTNC_HUMAN	P04004	VTNC_HUMAN	VTN	Vitronectin			54997	0	0	0	0	0	0
240419_ES_R00006_MG_c00001_SA_NPB_3_i2.55029.55029.5	D:\SHARE\Tim\25-12-03_GD_Dataset\GD_dataset\NPB_3_i2\interact.pep.xml	FEDGVLDPDYPRNISDGFDGIPDNVDAALALPAHSYSGR	FEDGVLDPDYPRN[2028]ISDGFDGIPDNVDAALALPAHSYSGR	FKGSQYWR.FEDGVLDPDYPRNISDGFDGIPDNVDAALALPAHSYSGR.ERVYFFKG	R	E	39	5	4788.963	6089.682	6089.6943	1218.9437	1218.9461	6088.6279	1218.7329	1.0667	2.74E-12	36.707	9.74	1	0	2	1	230	268	0	13N(1913.6770)	NA	HexNAc(4)Hex(5)NeuAc(1) % 1913.6770	0.65	0	FEDGVLDPDYPRnISDGFDGIPDNVDAALALPAHSYSGR	F(0.00)E(0.00)D(0.00)G(0.00)V(0.00)L(0.00)D(0.00)P(0.00)D(0.00)Y(0.00)P(0.00)R(0.00)N(36.71)I(0.00)S(0.00)D(0.00)G(0.00)F(0.00)D(0.00)G(0.00)I(0.00)P(0.00)D(0.00)N(0.00)V(0.00)D(0.00)A(0.00)A(0.00)L(0.00)A(0.00)L(0.00)P(0.00)A(0.00)H(0.00)S(0.00)Y(0.00)S(0.00)G(0.00)R(0.00)	N13	1	F(0.00)E(0.00)D(0.00)G(0.00)V(0.00)L(0.00)D(0.00)P(0.00)D(0.00)Y(0.00)P(0.00)R(0.00)N(4.27)I(0.00)S(0.00)D(0.00)G(0.00)F(0.00)D(0.00)G(0.00)I(0.00)P(0.00)D(0.00)N(0.00)V(0.00)D(0.00)A(0.00)A(0.00)L(0.00)A(0.00)L(0.00)P(0.00)A(0.00)H(0.00)S(0.00)Y(0.00)S(0.00)G(0.00)R(0.00)	F(0)E(0)D(0)G(0)V(0)L(0)D(0)P(0)D(0)Y(0)P(0)R(0)N(0)I(0)S(0)D(0)G(0)F(0)D(0)G(0)I(0)P(0)D(0)N(0)V(0)D(0)A(0)A(0)L(0)A(0)L(0)P(0)A(0)H(0)S(0)Y(0)S(0)G(0)R(0)	36.70703	14	0	0	36.70703	14	4.27263	0	0	0	0	FALSE	FALSE	TRUE	sp|P04004|VTNC_HUMAN	P04004	VTNC_HUMAN	VTN	Vitronectin			54997	0	0	0	0	0	0
240419_ES_R00006_MG_c00001_SA_NPB_3_i2.55076.55076.5	D:\SHARE\Tim\25-12-03_GD_Dataset\GD_dataset\NPB_3_i2\interact.pep.xml	FEDGVLDPDYPRNISDGFDGIPDNVDAALALPAHSYSGR	FEDGVLDPDYPRN[2684]ISDGFDGIPDNVDAALALPAHSYSGR	FKGSQYWR.FEDGVLDPDYPRNISDGFDGIPDNVDAALALPAHSYSGR.ERVYFFKG	R	E	39	5	4792.694	6744.87	6744.8516	1349.9813	1349.9776	6744.8555	1349.9784	-0.0037	0	45.961	8.833	1	0	2	1	230	268	48719480	13N(2569.9045)	NA	HexNAc(5)Hex(6)NeuAc(2) % 2569.9046	4.35	0	FEDGVLDPDYPRnISDGFDGIPDNVDAALALPAHSYSGR	F(0.00)E(0.00)D(0.00)G(0.00)V(0.00)L(0.00)D(0.00)P(0.00)D(0.00)Y(0.00)P(0.00)R(0.00)N(45.96)I(0.00)S(0.00)D(0.00)G(0.00)F(0.00)D(0.00)G(0.00)I(0.00)P(0.00)D(0.00)N(0.00)V(0.00)D(0.00)A(0.00)A(0.00)L(0.00)A(0.00)L(0.00)P(0.00)A(0.00)H(0.00)S(0.00)Y(0.00)S(0.00)G(0.00)R(0.00)	N13	1	F(0.00)E(0.00)D(0.00)G(0.00)V(0.00)L(0.00)D(0.00)P(0.00)D(0.00)Y(0.00)P(0.00)R(0.00)N(6.88)I(0.00)S(0.00)D(0.00)G(0.00)F(0.00)D(0.00)G(0.00)I(0.00)P(0.00)D(0.00)N(0.00)V(0.00)D(0.00)A(0.00)A(0.00)L(0.00)A(0.00)L(0.00)P(0.00)A(0.00)H(0.00)S(0.00)Y(0.00)S(0.00)G(0.00)R(0.00)	F(0)E(0)D(0)G(0)V(0)L(0)D(0)P(0)D(0)Y(0)P(0)R(0)N(1)I(0)S(0)D(0)G(0)F(0)D(0)G(0)I(0)P(0)D(0)N(0)V(0)D(0)A(0)A(0)L(0)A(0)L(0)P(0)A(0)H(0)S(0)Y(0)S(0)G(0)R(0)	45.96153	18	0	0	44.47699	17	6.8846235	1	0	0	0	FALSE	FALSE	TRUE	sp|P04004|VTNC_HUMAN	P04004	VTNC_HUMAN	VTN	Vitronectin			55050	4795.1523	55108	4692.326	4871.686	25.887001	98
240419_ES_R00006_MG_c00001_SA_NPB_3_i2.55090.55090.5	D:\SHARE\Tim\25-12-03_GD_Dataset\GD_dataset\NPB_3_i2\interact.pep.xml	FEDGVLDPDYPRNISDGFDGIPDNVDAALALPAHSYSGR	FEDGVLDPDYPRN[2319]ISDGFDGIPDNVDAALALPAHSYSGR	FKGSQYWR.FEDGVLDPDYPRNISDGFDGIPDNVDAALALPAHSYSGR.ERVYFFKG	R	E	39	5	4793.684	6379.737	6379.731	1276.9547	1276.9535	6379.7231	1276.9519	0.0078	6.06E-11	50.37	0	1	0	2	1	230	268	8611257300	13N(2204.7725)	NA	HexNAc(4)Hex(5)NeuAc(2) % 2204.7724	5.77	0	FEDGVLDPDYPRnISDGFDGIPDNVDAALALPAHSYSGR	F(0.00)E(0.00)D(0.00)G(0.00)V(0.00)L(0.00)D(0.00)P(0.00)D(0.00)Y(0.00)P(0.00)R(0.00)N(50.37)I(0.00)S(0.00)D(0.00)G(0.00)F(0.00)D(0.00)G(0.00)I(0.00)P(0.00)D(0.00)N(0.00)V(0.00)D(0.00)A(0.00)A(0.00)L(0.00)A(0.00)L(0.00)P(0.00)A(0.00)H(0.00)S(0.00)Y(0.00)S(0.00)G(0.00)R(0.00)	N13	1	F(0.00)E(0.00)D(0.00)G(0.00)V(0.00)L(0.00)D(0.00)P(0.00)D(0.00)Y(0.00)P(0.00)R(0.00)N(7.92)I(0.00)S(0.00)D(0.00)G(0.00)F(0.00)D(0.00)G(0.00)I(0.00)P(0.00)D(0.00)N(0.00)V(0.00)D(0.00)A(0.00)A(0.00)L(0.00)A(0.00)L(0.00)P(0.00)A(0.00)H(0.00)S(0.00)Y(0.00)S(0.00)G(0.00)R(0.00)	F(0)E(0)D(0)G(0)V(0)L(0)D(0)P(0)D(0)Y(0)P(0)R(0)N(1)I(0)S(0)D(0)G(0)F(0)D(0)G(0)I(0)P(0)D(0)N(0)V(0)D(0)A(0)A(0)L(0)A(0)L(0)P(0)A(0)H(0)S(0)Y(0)S(0)G(0)R(0)	50.37095	20	0	0	48.482033	19	7.916021	1	0	0	0	FALSE	FALSE	TRUE	sp|P04004|VTNC_HUMAN	P04004	VTNC_HUMAN	VTN	Vitronectin			55074	4780.369	54919	4753.6323	5024.077	22.014002	175
240419_ES_R00006_MG_c00001_SA_NPB_3_i2.55091.55091.4	D:\SHARE\Tim\25-12-03_GD_Dataset\GD_dataset\NPB_3_i2\interact.pep.xml	NISDGFDGIPDNVDAALALPAHSYSGR	N[2319]ISDGFDGIPDNVDAALALPAHSYSGR	VLDPDYPR.NISDGFDGIPDNVDAALALPAHSYSGR.ERVYFFKG	R	E	27	4	4793.879	4977.092	4977.078	1245.2803	1245.2768	4976.0874	1245.0292	0.9907	0	48.158	10.375	1	0	2	0	242	268	184120528	1N(2204.7725)	NA	HexNAc(4)Hex(5)NeuAc(2) % 2204.7724	4.3	0	nISDGFDGIPDNVDAALALPAHSYSGR	N(41.95)I(0.00)S(0.00)D(0.00)G(0.00)F(0.00)D(0.00)G(0.00)I(0.00)P(0.00)D(0.00)N(0.00)V(0.00)D(0.00)A(0.00)A(0.00)L(0.00)A(0.00)L(0.00)P(0.00)A(0.00)H(0.00)S(0.00)Y(0.00)S(0.00)G(0.00)R(0.00)	N1	1	N(7.14)I(0.00)S(0.00)D(0.00)G(0.00)F(0.00)D(0.00)G(0.00)I(0.00)P(0.00)D(0.00)N(0.00)V(0.00)D(0.00)A(0.00)A(0.00)L(0.00)A(0.00)L(0.00)P(0.00)A(0.00)H(0.00)S(0.00)Y(0.00)S(0.00)G(0.00)R(0.00)	N(0)I(0)S(0)D(0)G(0)F(0)D(0)G(0)I(0)P(0)D(0)N(0)V(0)D(0)A(0)A(0)L(0)A(0)L(0)P(0)A(0)H(0)S(0)Y(0)S(0)G(0)R(0)	41.94814	14	0	0	48.158016	18	7.143542	0	0	0	0	FALSE	FALSE	TRUE	sp|P04004|VTNC_HUMAN	P04004	VTNC_HUMAN	VTN	Vitronectin			55074	4813.7754	55354	4783.02	5058.8403	28.768002	179
240419_ES_R00006_MG_c00001_SA_NPB_3_i2.55190.55190.4	D:\SHARE\Tim\25-12-03_GD_Dataset\GD_dataset\NPB_3_i2\interact.pep.xml	FEDGVLDPDYPRNISDGFDGIPDNVDAALALPAHSYSGR	FEDGVLDPDYPRN[2465]ISDGFDGIPDNVDAALALPAHSYSGR	FKGSQYWR.FEDGVLDPDYPRNISDGFDGIPDNVDAALALPAHSYSGR.ERVYFFKG	R	E	39	4	4801.3	6525.8105	6525.804	1632.4599	1632.4583	6525.7813	1632.4526	0.0232	2.00E-14	43.393	6.643	1	0	2	1	230	268	51391584	13N(2350.8303)	NA	HexNAc(4)Hex(5)Fuc(1)NeuAc(2) % 2350.8303	0.53	0	FEDGVLDPDYPRnISDGFDGIPDNVDAALALPAHSYSGR	F(0.00)E(0.00)D(0.00)G(0.00)V(0.00)L(0.00)D(0.00)P(0.00)D(0.00)Y(0.00)P(0.00)R(0.00)N(43.39)I(0.00)S(0.00)D(0.00)G(0.00)F(0.00)D(0.00)G(0.00)I(0.00)P(0.00)D(0.00)N(0.00)V(0.00)D(0.00)A(0.00)A(0.00)L(0.00)A(0.00)L(0.00)P(0.00)A(0.00)H(0.00)S(0.00)Y(0.00)S(0.00)G(0.00)R(0.00)	N13	1	F(0.00)E(0.00)D(0.00)G(0.00)V(0.00)L(0.00)D(0.00)P(0.00)D(0.00)Y(0.00)P(0.00)R(0.00)N(5.18)I(0.00)S(0.00)D(0.00)G(0.00)F(0.00)D(0.00)G(0.00)I(0.00)P(0.00)D(0.00)N(0.00)V(0.00)D(0.00)A(0.00)A(0.00)L(0.00)A(0.00)L(0.00)P(0.00)A(0.00)H(0.00)S(0.00)Y(0.00)S(0.00)G(0.00)R(0.00)	F(0)E(0)D(0)G(0)V(0)L(0)D(0)P(0)D(0)Y(0)P(0)R(0)N(0)I(0)S(0)D(0)G(0)F(0)D(0)G(0)I(0)P(0)D(0)N(0)V(0)D(0)A(0)A(0)L(0)A(0)L(0)P(0)A(0)H(0)S(0)Y(0)S(0)G(0)R(0)	43.39334	16	0	0	43.39334	16	5.1826706	0	0	0	0	FALSE	FALSE	TRUE	sp|P04004|VTNC_HUMAN	P04004	VTNC_HUMAN	VTN	Vitronectin			55156	4801.285	55189	4712.0854	4861.455	19.708	86
240419_ES_R00006_MG_c00001_SA_NPB_3_i2.55191.55191.4	D:\SHARE\Tim\25-12-03_GD_Dataset\GD_dataset\NPB_3_i2\interact.pep.xml	FEDGVLDPDYPRNISDGFDGIPDNVDAALALPAHSYSGR	FEDGVLDPDYPRN[2684]ISDGFDGIPDNVDAALALPAHSYSGR	FKGSQYWR.FEDGVLDPDYPRNISDGFDGIPDNVDAALALPAHSYSGR.ERVYFFKG	R	E	39	4	4801.4946	6745.8965	6745.879	1687.4814	1687.477	6744.8555	1687.2212	1.0237	1.62E-09	31.09	25.189	1	0	2	1	230	268	0	13N(2569.9045)	NA	HexNAc(5)Hex(6)NeuAc(2) % 2569.9046	1.53	0	FEDGVLDPDYPRnISDGFDGIPDNVDAALALPAHSYSGR	F(0.00)E(0.00)D(0.00)G(0.00)V(0.00)L(0.00)D(0.00)P(0.00)D(0.00)Y(0.00)P(0.00)R(0.00)N(31.09)I(0.00)S(0.00)D(0.00)G(0.00)F(0.00)D(0.00)G(0.00)I(0.00)P(0.00)D(0.00)N(0.00)V(0.00)D(0.00)A(0.00)A(0.00)L(0.00)A(0.00)L(0.00)P(0.00)A(0.00)H(0.00)S(0.00)Y(0.00)S(0.00)G(0.00)R(0.00)	N13	1	F(0.00)E(0.00)D(0.00)G(0.00)V(0.00)L(0.00)D(0.00)P(0.00)D(0.00)Y(0.00)P(0.00)R(0.00)N(2.54)I(0.00)S(0.00)D(0.00)G(0.00)F(0.00)D(0.00)G(0.00)I(0.00)P(0.00)D(0.00)N(0.00)V(0.00)D(0.00)A(0.00)A(0.00)L(0.00)A(0.00)L(0.00)P(0.00)A(0.00)H(0.00)S(0.00)Y(0.00)S(0.00)G(0.00)R(0.00)	F(0)E(0)D(0)G(0)V(0)L(0)D(0)P(0)D(0)Y(0)P(0)R(0)N(0)I(0)S(0)D(0)G(0)F(0)D(0)G(0)I(0)P(0)D(0)N(0)V(0)D(0)A(0)A(0)L(0)A(0)L(0)P(0)A(0)H(0)S(0)Y(0)S(0)G(0)R(0)	31.090353	13	0	0	31.090353	13	2.5417595	0	0	0	0	FALSE	FALSE	TRUE	sp|P04004|VTNC_HUMAN	P04004	VTNC_HUMAN	VTN	Vitronectin			55156	0	0	0	0	0	0
240419_ES_R00006_MG_c00001_SA_NPB_3_i2.55193.55193.5	D:\SHARE\Tim\25-12-03_GD_Dataset\GD_dataset\NPB_3_i2\interact.pep.xml	FEDGVLDPDYPRNISDGFDGIPDNVDAALALPAHSYSGR	FEDGVLDPDYPRN[2830]ISDGFDGIPDNVDAALALPAHSYSGR	FKGSQYWR.FEDGVLDPDYPRNISDGFDGIPDNVDAALALPAHSYSGR.ERVYFFKG	R	E	39	5	4801.631	6891.951	6891.9087	1379.3975	1379.389	6890.9131	1379.1899	0.9956	0	37.456	31.934	1	0	2	1	230	268	65061692	13N(2715.9624)	NA	HexNAc(5)Hex(6)Fuc(1)NeuAc(2) % 2715.9625	1.4	0	FEDGVLDPDYPRnISDGFDGIPDNVDAALALPAHSYSGR	F(0.00)E(0.00)D(0.00)G(0.00)V(0.00)L(0.00)D(0.00)P(0.00)D(0.00)Y(0.00)P(0.00)R(0.00)N(37.46)I(0.00)S(0.00)D(0.00)G(0.00)F(0.00)D(0.00)G(0.00)I(0.00)P(0.00)D(0.00)N(0.00)V(0.00)D(0.00)A(0.00)A(0.00)L(0.00)A(0.00)L(0.00)P(0.00)A(0.00)H(0.00)S(0.00)Y(0.00)S(0.00)G(0.00)R(0.00)	N13	1	F(0.00)E(0.00)D(0.00)G(0.00)V(0.00)L(0.00)D(0.00)P(0.00)D(0.00)Y(0.00)P(0.00)R(0.00)N(3.63)I(0.00)S(0.00)D(0.00)G(0.00)F(0.00)D(0.00)G(0.00)I(0.00)P(0.00)D(0.00)N(0.00)V(0.00)D(0.00)A(0.00)A(0.00)L(0.00)A(0.00)L(0.00)P(0.00)A(0.00)H(0.00)S(0.00)Y(0.00)S(0.00)G(0.00)R(0.00)	F(0)E(0)D(0)G(0)V(0)L(0)D(0)P(0)D(0)Y(0)P(0)R(0)N(0)I(0)S(0)D(0)G(0)F(0)D(0)G(0)I(0)P(0)D(0)N(0)V(0)D(0)A(0)A(0)L(0)A(0)L(0)P(0)A(0)H(0)S(0)Y(0)S(0)G(0)R(0)	37.456326	15	0	0	37.456326	15	3.6307735	0	0	0	0	FALSE	FALSE	TRUE	sp|P04004|VTNC_HUMAN	P04004	VTNC_HUMAN	VTN	Vitronectin			55156	4784.491	54972	4686.745	4817.852	31.089	72
240419_ES_R00006_MG_c00001_SA_NPB_3_i2.55215.55215.3	D:\SHARE\Tim\25-12-03_GD_Dataset\GD_dataset\NPB_3_i2\interact.pep.xml	NISDGFDGIPDNVDAALALPAHSYSGR	N[2319]ISDGFDGIPDNVDAALALPAHSYSGR	VLDPDYPR.NISDGFDGIPDNVDAALALPAHSYSGR.ERVYFFKG	R	E	27	3	4803.3184	4976.1016	4976.1016	1659.7078	1659.7078	4976.0874	1659.7031	0.0142	2.16E-07	17.822	0	1	0	2	0	242	268	0	1N(2204.7725)	NA	HexNAc(4)Hex(5)NeuAc(2) % 2204.7724	-1.79	0.001120448	nISDGFDGIPDNVDAALALPAHSYSGR	N(17.82)I(0.00)S(0.00)D(0.00)G(0.00)F(0.00)D(0.00)G(0.00)I(0.00)P(0.00)D(0.00)N(0.00)V(0.00)D(0.00)A(0.00)A(0.00)L(0.00)A(0.00)L(0.00)P(0.00)A(0.00)H(0.00)S(0.00)Y(0.00)S(0.00)G(0.00)R(0.00)	N1	1	N(0.00)I(0.00)S(0.00)D(0.00)G(0.00)F(0.00)D(0.00)G(0.00)I(0.00)P(0.00)D(0.00)N(0.00)V(0.00)D(0.00)A(0.00)A(0.00)L(0.00)A(0.00)L(0.00)P(0.00)A(0.00)H(0.00)S(0.00)Y(0.00)S(0.00)G(0.00)R(0.00)	N(0)I(0)S(0)D(0)G(0)F(0)D(0)G(0)I(0)P(0)D(0)N(0)V(0)D(0)A(0)A(0)L(0)A(0)L(0)P(0)A(0)H(0)S(0)Y(0)S(0)G(0)R(0)	17.82228	9	0	0	17.82228	9	0	0	0	0	0	FALSE	FALSE	TRUE	sp|P04004|VTNC_HUMAN	P04004	VTNC_HUMAN	VTN	Vitronectin			55189	0	0	0	0	0	0
240419_ES_R00006_MG_c00001_SA_NPB_3_i2.55246.55246.5	D:\SHARE\Tim\25-12-03_GD_Dataset\GD_dataset\NPB_3_i2\interact.pep.xml	FEDGVLDPDYPRNISDGFDGIPDNVDAALALPAHSYSGR	FEDGVLDPDYPRN[2830]ISDGFDGIPDNVDAALALPAHSYSGR	FKGSQYWR.FEDGVLDPDYPRNISDGFDGIPDNVDAALALPAHSYSGR.ERVYFFKG	R	E	39	5	4805.6313	6890.91	6890.8857	1379.1893	1379.1844	6890.9131	1379.1899	-0.0273	1.62E-05	25.657	22.116	1	0	2	1	230	268	71519928	13N(2715.9624)	NA	HexNAc(5)Hex(6)Fuc(1)NeuAc(2) % 2715.9625	-0.41	0	FEDGVLDPDYPRnISDGFDGIPDNVDAALALPAHSYSGR	F(0.00)E(0.00)D(0.00)G(0.00)V(0.00)L(0.00)D(0.00)P(0.00)D(0.00)Y(0.00)P(0.00)R(0.00)N(25.66)I(0.00)S(0.00)D(0.00)G(0.00)F(0.00)D(0.00)G(0.00)I(0.00)P(0.00)D(0.00)N(0.00)V(0.00)D(0.00)A(0.00)A(0.00)L(0.00)A(0.00)L(0.00)P(0.00)A(0.00)H(0.00)S(0.00)Y(0.00)S(0.00)G(0.00)R(0.00)	N13	1	F(0.00)E(0.00)D(0.00)G(0.00)V(0.00)L(0.00)D(0.00)P(0.00)D(0.00)Y(0.00)P(0.00)R(0.00)N(0.00)I(0.00)S(0.00)D(0.00)G(0.00)F(0.00)D(0.00)G(0.00)I(0.00)P(0.00)D(0.00)N(0.00)V(0.00)D(0.00)A(0.00)A(0.00)L(0.00)A(0.00)L(0.00)P(0.00)A(0.00)H(0.00)S(0.00)Y(0.00)S(0.00)G(0.00)R(0.00)	F(0)E(0)D(0)G(0)V(0)L(0)D(0)P(0)D(0)Y(0)P(0)R(0)N(0)I(0)S(0)D(0)G(0)F(0)D(0)G(0)I(0)P(0)D(0)N(0)V(0)D(0)A(0)A(0)L(0)A(0)L(0)P(0)A(0)H(0)S(0)Y(0)S(0)G(0)R(0)	25.657946	13	0	0	25.657946	13	0	0	0	0	0	FALSE	FALSE	TRUE	sp|P04004|VTNC_HUMAN	P04004	VTNC_HUMAN	VTN	Vitronectin			55212	4784.491	54972	4698.0435	4817.852	31.089	67
240419_ES_R00006_MG_c00001_SA_NPB_3_i2.55264.55264.5	D:\SHARE\Tim\25-12-03_GD_Dataset\GD_dataset\NPB_3_i2\interact.pep.xml	NISDGFDGIPDNVDAALALPAHSYSGR	N[2319]ISDGFDGIPDNVDAALALPAHSYSGR	VLDPDYPR.NISDGFDGIPDNVDAALALPAHSYSGR.ERVYFFKG	R	E	27	5	4807.0386	4977.084	4977.0815	996.4241	996.4236	4976.0874	996.2248	0.9941	1.68E-05	21.041	13.612	1	0	2	0	242	268	19790710	1N(2204.7725)	NA	HexNAc(4)Hex(5)NeuAc(2) % 2204.7724	1.23	0	nISDGFDGIPDNVDAALALPAHSYSGR	N(19.36)I(0.00)S(0.00)D(0.00)G(0.00)F(0.00)D(0.00)G(0.00)I(0.00)P(0.00)D(0.00)N(0.00)V(0.00)D(0.00)A(0.00)A(0.00)L(0.00)A(0.00)L(0.00)P(0.00)A(0.00)H(0.00)S(0.00)Y(0.00)S(0.00)G(0.00)R(0.00)	N1	1	N(2.00)I(0.00)S(0.00)D(0.00)G(0.00)F(0.00)D(0.00)G(0.00)I(0.00)P(0.00)D(0.00)N(0.00)V(0.00)D(0.00)A(0.00)A(0.00)L(0.00)A(0.00)L(0.00)P(0.00)A(0.00)H(0.00)S(0.00)Y(0.00)S(0.00)G(0.00)R(0.00)	N(1)I(0)S(0)D(0)G(0)F(0)D(0)G(0)I(0)P(0)D(0)N(0)V(0)D(0)A(0)A(0)L(0)A(0)L(0)P(0)A(0)H(0)S(0)Y(0)S(0)G(0)R(0)	19.359104	10	0	0	21.041145	11	1.996739	1	0	0	0	FALSE	FALSE	TRUE	sp|P04004|VTNC_HUMAN	P04004	VTNC_HUMAN	VTN	Vitronectin			55244	4816.3975	55389	4792.4844	4841.1055	28.768002	22
240419_ES_R00006_MG_c00001_SA_NPB_3_i2.55265.55265.3	D:\SHARE\Tim\25-12-03_GD_Dataset\GD_dataset\NPB_3_i2\interact.pep.xml	NISDGFDGIPDNVDAALALPAHSYSGR	N[2319]ISDGFDGIPDNVDAALALPAHSYSGR	VLDPDYPR.NISDGFDGIPDNVDAALALPAHSYSGR.ERVYFFKG	R	E	27	3	4807.1074	4977.084	4977.085	1660.0353	1660.0356	4976.0874	1659.7031	0.9976	1.05E-09	26.854	7.732	1	0	2	0	242	268	0	1N(2204.7725)	NA	HexNAc(4)Hex(5)NeuAc(2) % 2204.7724	0.87	0	nISDGFDGIPDNVDAALALPAHSYSGR	N(25.34)I(0.00)S(0.00)D(0.00)G(0.00)F(0.00)D(0.00)G(0.00)I(0.00)P(0.00)D(0.00)N(0.00)V(0.00)D(0.00)A(0.00)A(0.00)L(0.00)A(0.00)L(0.00)P(0.00)A(0.00)H(0.00)S(0.00)Y(0.00)S(0.00)G(0.00)R(0.00)	N1	1	N(0.00)I(0.00)S(0.00)D(0.00)G(0.00)F(0.00)D(0.00)G(0.00)I(0.00)P(0.00)D(0.00)N(0.00)V(0.00)D(0.00)A(0.00)A(0.00)L(0.00)A(0.00)L(0.00)P(0.00)A(0.00)H(0.00)S(0.00)Y(0.00)S(0.00)G(0.00)R(0.00)	N(0)I(0)S(0)D(0)G(0)F(0)D(0)G(0)I(0)P(0)D(0)N(0)V(0)D(0)A(0)A(0)L(0)A(0)L(0)P(0)A(0)H(0)S(0)Y(0)S(0)G(0)R(0)	25.341057	12	0	0	26.854864	13	0	0	0	0	0	FALSE	FALSE	TRUE	sp|P04004|VTNC_HUMAN	P04004	VTNC_HUMAN	VTN	Vitronectin			55244	0	0	0	0	0	0
240419_ES_R00006_MG_c00001_SA_NPB_3_i2.55357.55357.4	D:\SHARE\Tim\25-12-03_GD_Dataset\GD_dataset\NPB_3_i2\interact.pep.xml	NNATVHEQVGGPSLTSDLQAQSK	NN[2319]ATVHEQVGGPSLTSDLQAQSK	VYDDGEEK.NNATVHEQVGGPSLTSDLQAQSK.GNPEQTPV	K	G	23	4	4814.088	4584.9326	4584.936	1147.2404	1147.2413	4584.9346	1147.241	0.0017	7.06E-12	43.154	9.167	1	0	2	0	85	107	25569058	2N(2204.7725)	NA	HexNAc(4)Hex(5)NeuAc(2) % 2204.7724	6.74	0	NnATVHEQVGGPSLTSDLQAQSK	N(0.00)N(40.18)A(0.00)T(0.00)V(0.00)H(0.00)E(0.00)Q(0.00)V(0.00)G(0.00)G(0.00)P(0.00)S(0.00)L(0.00)T(0.00)S(0.00)D(0.00)L(0.00)Q(0.00)A(0.00)Q(0.00)S(0.00)K(0.00)	N2	1	N(0.00)N(11.20)A(0.00)T(0.00)V(0.00)H(0.00)E(0.00)Q(0.00)V(0.00)G(0.00)G(0.00)P(0.00)S(0.00)L(0.00)T(0.00)S(0.00)D(0.00)L(0.00)Q(0.00)A(0.00)Q(0.00)S(0.00)K(0.00)	N(0)N(1)A(0)T(0)V(0)H(0)E(0)Q(0)V(0)G(0)G(0)P(0)S(0)L(0)T(0)S(0)D(0)L(0)Q(0)A(0)Q(0)S(0)K(0)	40.176136	13	0	0	43.15422	15	11.203115	1	0	0	0	FALSE	FALSE	FALSE	sp|P04004|VTNC_HUMAN	P04004	VTNC_HUMAN	VTN	Vitronectin		tr|F5GX75|F5GX75_HUMAN	55321	4806.828	55262	4552.584	5164.219	7.8610005	373
240419_ES_R00006_MG_c00001_SA_NPB_3_i2.55437.55437.4	D:\SHARE\Tim\25-12-03_GD_Dataset\GD_dataset\NPB_3_i2\interact.pep.xml	NNATVHEQVGGPSLTSDLQAQSK	NN[2975]ATVHEQVGGPSLTSDLQAQSK	VYDDGEEK.NNATVHEQVGGPSLTSDLQAQSK.GNPEQTPV	K	G	23	4	4820.094	5241.1836	5241.1675	1311.3032	1311.2992	5241.1621	1311.2979	0.0056	0.1481454	10.508	7.973	0.9589	0.000230947	2	0	85	107	8796974	2N(2861.0000)	NA	HexNAc(5)Hex(6)NeuAc(3) % 2861.0000	3.55	0	NnATVHEQVGGPSLTSDLQAQSK	N(0.00)N(10.51)A(0.00)T(0.00)V(0.00)H(0.00)E(0.00)Q(0.00)V(0.00)G(0.00)G(0.00)P(0.00)S(0.00)L(0.00)T(0.00)S(0.00)D(0.00)L(0.00)Q(0.00)A(0.00)Q(0.00)S(0.00)K(0.00)	N2	1	N(0.00)N(5.45)A(0.00)T(0.00)V(0.00)H(0.00)E(0.00)Q(0.00)V(0.00)G(0.00)G(0.00)P(0.00)S(0.00)L(0.00)T(0.00)S(0.00)D(0.00)L(0.00)Q(0.00)A(0.00)Q(0.00)S(0.00)K(0.00)	N(0)N(0)A(0)T(0)V(0)H(0)E(0)Q(0)V(0)G(0)G(0)P(0)S(0)L(0)T(0)S(0)D(0)L(0)Q(0)A(0)Q(0)S(0)K(0)	10.508446	3	0	0	10.508446	3	5.4502573	0	0	0	0	FALSE	FALSE	FALSE	sp|P04004|VTNC_HUMAN	P04004	VTNC_HUMAN	VTN	Vitronectin		tr|F5GX75|F5GX75_HUMAN	55408	4811.31	55321	4796.541	4859.307	23.669	34
240419_ES_R00006_MG_c00001_SA_NPB_3_i2.55494.55494.3	D:\SHARE\Tim\25-12-03_GD_Dataset\GD_dataset\NPB_3_i2\interact.pep.xml	NNATVHEQVGGPSLTSDLQAQSK	NN[2319]ATVHEQVGGPSLTSDLQAQSK	VYDDGEEK.NNATVHEQVGGPSLTSDLQAQSK.GNPEQTPV	K	G	23	3	4824.321	4584.945	4584.9385	1529.3223	1529.3201	4584.9346	1529.3188	0.0042	0.01195363	18.19	0	0.9932	0	2	0	85	107	0	2N(2204.7725)	NA	HexNAc(4)Hex(5)NeuAc(2) % 2204.7724	5.06	0	NnATVHEQVGGPSLTSDLQAQSK	N(0.00)N(15.85)A(0.00)T(0.00)V(0.00)H(0.00)E(0.00)Q(0.00)V(0.00)G(0.00)G(0.00)P(0.00)S(0.00)L(0.00)T(0.00)S(0.00)D(0.00)L(0.00)Q(0.00)A(0.00)Q(0.00)S(0.00)K(0.00)	N2	1	N(0.00)N(8.12)A(0.00)T(0.00)V(0.00)H(0.00)E(0.00)Q(0.00)V(0.00)G(0.00)G(0.00)P(0.00)S(0.00)L(0.00)T(0.00)S(0.00)D(0.00)L(0.00)Q(0.00)A(0.00)Q(0.00)S(0.00)K(0.00)	N(0)N(0)A(0)T(0)V(0)H(0)E(0)Q(0)V(0)G(0)G(0)P(0)S(0)L(0)T(0)S(0)D(0)L(0)Q(0)A(0)Q(0)S(0)K(0)	15.847988	4	0	0	18.190563	5	8.124179	0	0	0	0	FALSE	FALSE	FALSE	sp|P04004|VTNC_HUMAN	P04004	VTNC_HUMAN	VTN	Vitronectin		tr|F5GX75|F5GX75_HUMAN	55471	0	0	0	0	0	0
240419_ES_R00006_MG_c00001_SA_NPB_3_i2.55513.55513.5	D:\SHARE\Tim\25-12-03_GD_Dataset\GD_dataset\NPB_3_i2\interact.pep.xml	FEDGVLDPDYPRNISDGFDGIPDNVDAALALPAHSYSGR	FEDGVLDPDYPRN[2684]ISDGFDGIPDNVDAALALPAHSYSGR	FKGSQYWR.FEDGVLDPDYPRNISDGFDGIPDNVDAALALPAHSYSGR.ERVYFFKG	R	E	39	5	4825.781	6745.8486	6745.8535	1350.177	1350.178	6744.8555	1349.9784	0.9983	0	44.056	30.547	1	0	2	1	230	268	22077544	13N(2569.9045)	NA	HexNAc(5)Hex(6)NeuAc(2) % 2569.9046	4.24	0	FEDGVLDPDYPRnISDGFDGIPDNVDAALALPAHSYSGR	F(0.00)E(0.00)D(0.00)G(0.00)V(0.00)L(0.00)D(0.00)P(0.00)D(0.00)Y(0.00)P(0.00)R(0.00)N(44.06)I(0.00)S(0.00)D(0.00)G(0.00)F(0.00)D(0.00)G(0.00)I(0.00)P(0.00)D(0.00)N(0.00)V(0.00)D(0.00)A(0.00)A(0.00)L(0.00)A(0.00)L(0.00)P(0.00)A(0.00)H(0.00)S(0.00)Y(0.00)S(0.00)G(0.00)R(0.00)	N13	1	F(0.00)E(0.00)D(0.00)G(0.00)V(0.00)L(0.00)D(0.00)P(0.00)D(0.00)Y(0.00)P(0.00)R(0.00)N(5.38)I(0.00)S(0.00)D(0.00)G(0.00)F(0.00)D(0.00)G(0.00)I(0.00)P(0.00)D(0.00)N(0.00)V(0.00)D(0.00)A(0.00)A(0.00)L(0.00)A(0.00)L(0.00)P(0.00)A(0.00)H(0.00)S(0.00)Y(0.00)S(0.00)G(0.00)R(0.00)	F(0)E(0)D(0)G(0)V(0)L(0)D(0)P(0)D(0)Y(0)P(0)R(0)N(0)I(0)S(0)D(0)G(0)F(0)D(0)G(0)I(0)P(0)D(0)N(0)V(0)D(0)A(0)A(0)L(0)A(0)L(0)P(0)A(0)H(0)S(0)Y(0)S(0)G(0)R(0)	44.056458	17	0	0	44.056458	17	5.383412	0	0	0	0	FALSE	FALSE	TRUE	sp|P04004|VTNC_HUMAN	P04004	VTNC_HUMAN	VTN	Vitronectin			55488	4806.828	55262	4692.326	4871.686	25.887001	98
240419_ES_R00006_MG_c00001_SA_NPB_3_i2.55560.55560.5	D:\SHARE\Tim\25-12-03_GD_Dataset\GD_dataset\NPB_3_i2\interact.pep.xml	FEDGVLDPDYPRNISDGFDGIPDNVDAALALPAHSYSGR	FEDGVLDPDYPRN[2465]ISDGFDGIPDNVDAALALPAHSYSGR	FKGSQYWR.FEDGVLDPDYPRNISDGFDGIPDNVDAALALPAHSYSGR.ERVYFFKG	R	E	39	5	4829.237	6525.8076	6525.7803	1306.1688	1306.1633	6525.7813	1306.1636	-7.00E-04	5.90E-10	36.048	9.093	1	0	2	1	230	268	36217016	13N(2350.8303)	NA	HexNAc(4)Hex(5)Fuc(1)NeuAc(2) % 2350.8303	5.76	0	FEDGVLDPDYPRnISDGFDGIPDNVDAALALPAHSYSGR	F(0.00)E(0.00)D(0.00)G(0.00)V(0.00)L(0.00)D(0.00)P(0.00)D(0.00)Y(0.00)P(0.00)R(0.00)N(36.05)I(0.00)S(0.00)D(0.00)G(0.00)F(0.00)D(0.00)G(0.00)I(0.00)P(0.00)D(0.00)N(0.00)V(0.00)D(0.00)A(0.00)A(0.00)L(0.00)A(0.00)L(0.00)P(0.00)A(0.00)H(0.00)S(0.00)Y(0.00)S(0.00)G(0.00)R(0.00)	N13	1	F(0.00)E(0.00)D(0.00)G(0.00)V(0.00)L(0.00)D(0.00)P(0.00)D(0.00)Y(0.00)P(0.00)R(0.00)N(2.27)I(0.00)S(0.00)D(0.00)G(0.00)F(0.00)D(0.00)G(0.00)I(0.00)P(0.00)D(0.00)N(0.00)V(0.00)D(0.00)A(0.00)A(0.00)L(0.00)A(0.00)L(0.00)P(0.00)A(0.00)H(0.00)S(0.00)Y(0.00)S(0.00)G(0.00)R(0.00)	F(0)E(0)D(0)G(0)V(0)L(0)D(0)P(0)D(0)Y(0)P(0)R(0)N(0)I(0)S(0)D(0)G(0)F(0)D(0)G(0)I(0)P(0)D(0)N(0)V(0)D(0)A(0)A(0)L(0)A(0)L(0)P(0)A(0)H(0)S(0)Y(0)S(0)G(0)R(0)	36.04821	16	0	0	36.04821	16	2.2747	0	0	0	0	FALSE	FALSE	TRUE	sp|P04004|VTNC_HUMAN	P04004	VTNC_HUMAN	VTN	Vitronectin			55538	4811.31	55321	4707.701	4880.057	19.708	96
240419_ES_R00006_MG_c00001_SA_NPB_3_i2.55564.55564.3	D:\SHARE\Tim\25-12-03_GD_Dataset\GD_dataset\NPB_3_i2\interact.pep.xml	NISDGFDGIPDNVDAALALPAHSYSGR	N[2319]ISDGFDGIPDNVDAALALPAHSYSGR	VLDPDYPR.NISDGFDGIPDNVDAALALPAHSYSGR.ERVYFFKG	R	E	27	3	4829.636	4978.0747	4978.085	1660.3655	1660.3689	4976.0874	1659.7031	1.9976	0.000334773	22.401	0	1	0	2	0	242	268	0	1N(2204.7725)	NA	HexNAc(4)Hex(5)NeuAc(2) % 2204.7724	0.36	0	nISDGFDGIPDNVDAALALPAHSYSGR	N(20.37)I(0.00)S(0.00)D(0.00)G(0.00)F(0.00)D(0.00)G(0.00)I(0.00)P(0.00)D(0.00)N(0.00)V(0.00)D(0.00)A(0.00)A(0.00)L(0.00)A(0.00)L(0.00)P(0.00)A(0.00)H(0.00)S(0.00)Y(0.00)S(0.00)G(0.00)R(0.00)	N1	1	N(0.00)I(0.00)S(0.00)D(0.00)G(0.00)F(0.00)D(0.00)G(0.00)I(0.00)P(0.00)D(0.00)N(0.00)V(0.00)D(0.00)A(0.00)A(0.00)L(0.00)A(0.00)L(0.00)P(0.00)A(0.00)H(0.00)S(0.00)Y(0.00)S(0.00)G(0.00)R(0.00)	N(0)I(0)S(0)D(0)G(0)F(0)D(0)G(0)I(0)P(0)D(0)N(0)V(0)D(0)A(0)A(0)L(0)A(0)L(0)P(0)A(0)H(0)S(0)Y(0)S(0)G(0)R(0)	20.3653	10	0	0	22.401703	11	0	0	0	0	0	FALSE	FALSE	TRUE	sp|P04004|VTNC_HUMAN	P04004	VTNC_HUMAN	VTN	Vitronectin			55538	0	0	0	0	0	0
240419_ES_R00006_MG_c00001_SA_NPB_3_i2.55569.55569.4	D:\SHARE\Tim\25-12-03_GD_Dataset\GD_dataset\NPB_3_i2\interact.pep.xml	NISDGFDGIPDNVDAALALPAHSYSGR	N[2975]ISDGFDGIPDNVDAALALPAHSYSGR	VLDPDYPR.NISDGFDGIPDNVDAALALPAHSYSGR.ERVYFFKG	R	E	27	4	4829.9966	5633.2896	5633.2983	1409.3297	1409.3319	5632.3149	1409.0861	0.9834	8.81E-09	29.223	6.928	1	0	2	0	242	268	9781590	1N(2861.0000)	NA	HexNAc(5)Hex(6)NeuAc(3) % 2861.0000	2.1	0	nISDGFDGIPDNVDAALALPAHSYSGR	N(27.83)I(0.00)S(0.00)D(0.00)G(0.00)F(0.00)D(0.00)G(0.00)I(0.00)P(0.00)D(0.00)N(0.00)V(0.00)D(0.00)A(0.00)A(0.00)L(0.00)A(0.00)L(0.00)P(0.00)A(0.00)H(0.00)S(0.00)Y(0.00)S(0.00)G(0.00)R(0.00)	N1	1	N(5.84)I(0.00)S(0.00)D(0.00)G(0.00)F(0.00)D(0.00)G(0.00)I(0.00)P(0.00)D(0.00)N(0.00)V(0.00)D(0.00)A(0.00)A(0.00)L(0.00)A(0.00)L(0.00)P(0.00)A(0.00)H(0.00)S(0.00)Y(0.00)S(0.00)G(0.00)R(0.00)	N(0)I(0)S(0)D(0)G(0)F(0)D(0)G(0)I(0)P(0)D(0)N(0)V(0)D(0)A(0)A(0)L(0)A(0)L(0)P(0)A(0)H(0)S(0)Y(0)S(0)G(0)R(0)	27.83138	10	0	0	29.223656	11	5.8391347	0	0	0	0	FALSE	FALSE	TRUE	sp|P04004|VTNC_HUMAN	P04004	VTNC_HUMAN	VTN	Vitronectin			55538	4840.2354	55702	4829.221	5039.2314	42.814003	142
240419_ES_R00006_MG_c00001_SA_NPB_3_i2.55587.55587.4	D:\SHARE\Tim\25-12-03_GD_Dataset\GD_dataset\NPB_3_i2\interact.pep.xml	NISDGFDGIPDNVDAALALPAHSYSGR	N[3121]ISDGFDGIPDNVDAALALPAHSYSGR	VLDPDYPR.NISDGFDGIPDNVDAALALPAHSYSGR.ERVYFFKG	R	E	27	4	4831.3896	5778.39	5778.365	1445.6048	1445.5985	5778.373	1445.6006	-0.0076	6.50E-08	36.249	8.313	1	0	2	0	242	268	10511122	1N(3007.0579)	NA	HexNAc(5)Hex(6)Fuc(1)NeuAc(3) % 3007.0579	2.6	0	nISDGFDGIPDNVDAALALPAHSYSGR	N(33.34)I(0.00)S(0.00)D(0.00)G(0.00)F(0.00)D(0.00)G(0.00)I(0.00)P(0.00)D(0.00)N(0.00)V(0.00)D(0.00)A(0.00)A(0.00)L(0.00)A(0.00)L(0.00)P(0.00)A(0.00)H(0.00)S(0.00)Y(0.00)S(0.00)G(0.00)R(0.00)	N1	1	N(7.65)I(0.00)S(0.00)D(0.00)G(0.00)F(0.00)D(0.00)G(0.00)I(0.00)P(0.00)D(0.00)N(0.00)V(0.00)D(0.00)A(0.00)A(0.00)L(0.00)A(0.00)L(0.00)P(0.00)A(0.00)H(0.00)S(0.00)Y(0.00)S(0.00)G(0.00)R(0.00)	N(0)I(0)S(0)D(0)G(0)F(0)D(0)G(0)I(0)P(0)D(0)N(0)V(0)D(0)A(0)A(0)L(0)A(0)L(0)P(0)A(0)H(0)S(0)Y(0)S(0)G(0)R(0)	33.34242	11	0	0	36.24965	13	7.6460056	0	0	0	0	FALSE	FALSE	TRUE	sp|P04004|VTNC_HUMAN	P04004	VTNC_HUMAN	VTN	Vitronectin			55559	4837.5664	55668	4809.116	5034.243	22.673	150
240419_ES_R00006_MG_c00001_SA_NPB_3_i2.55605.55605.4	D:\SHARE\Tim\25-12-03_GD_Dataset\GD_dataset\NPB_3_i2\interact.pep.xml	NISDGFDGIPDNVDAALALPAHSYSGR	N[2319]ISDGFDGIPDNVDAALALPAHSYSGR	VLDPDYPR.NISDGFDGIPDNVDAALALPAHSYSGR.ERVYFFKG	R	E	27	4	4832.667	4976.0874	4976.0796	1245.0291	1245.0272	4976.0874	1245.0292	-0.0078	1.00E-14	36.455	7.197	1	0	2	0	242	268	189054512	1N(2204.7725)	NA	HexNAc(4)Hex(5)NeuAc(2) % 2204.7724	3.54	0	nISDGFDGIPDNVDAALALPAHSYSGR	N(34.38)I(0.00)S(0.00)D(0.00)G(0.00)F(0.00)D(0.00)G(0.00)I(0.00)P(0.00)D(0.00)N(0.00)V(0.00)D(0.00)A(0.00)A(0.00)L(0.00)A(0.00)L(0.00)P(0.00)A(0.00)H(0.00)S(0.00)Y(0.00)S(0.00)G(0.00)R(0.00)	N1	1	N(1.21)I(0.00)S(0.00)D(0.00)G(0.00)F(0.00)D(0.00)G(0.00)I(0.00)P(0.00)D(0.00)N(0.00)V(0.00)D(0.00)A(0.00)A(0.00)L(0.00)A(0.00)L(0.00)P(0.00)A(0.00)H(0.00)S(0.00)Y(0.00)S(0.00)G(0.00)R(0.00)	N(1)I(0)S(0)D(0)G(0)F(0)D(0)G(0)I(0)P(0)D(0)N(0)V(0)D(0)A(0)A(0)L(0)A(0)L(0)P(0)A(0)H(0)S(0)Y(0)S(0)G(0)R(0)	34.384544	16	0	0	36.45594	17	1.214616	1	0	0	0	FALSE	FALSE	TRUE	sp|P04004|VTNC_HUMAN	P04004	VTNC_HUMAN	VTN	Vitronectin			55584	4811.31	55321	4783.02	5060.698	28.768002	179
240419_ES_R00006_MG_c00001_SA_NPB_3_i2.55639.55639.3	D:\SHARE\Tim\25-12-03_GD_Dataset\GD_dataset\NPB_3_i2\interact.pep.xml	NISDGFDGIPDNVDAALALPAHSYSGR	N[2319]ISDGFDGIPDNVDAALALPAHSYSGR	VLDPDYPR.NISDGFDGIPDNVDAALALPAHSYSGR.ERVYFFKG	R	E	27	3	4835.315	4979.102	4979.09	1660.7079	1660.7039	4976.0874	1659.7031	3.0024	0.05727959	13.468	0	0.7133	0.000230947	2	0	242	268	0	1N(2204.7725)	NA	HexNAc(4)Hex(5)NeuAc(2) % 2204.7724	-0.24	0	nISDGFDGIPDNVDAALALPAHSYSGR	N(13.47)I(0.00)S(0.00)D(0.00)G(0.00)F(0.00)D(0.00)G(0.00)I(0.00)P(0.00)D(0.00)N(0.00)V(0.00)D(0.00)A(0.00)A(0.00)L(0.00)A(0.00)L(0.00)P(0.00)A(0.00)H(0.00)S(0.00)Y(0.00)S(0.00)G(0.00)R(0.00)	N1	1	N(0.00)I(0.00)S(0.00)D(0.00)G(0.00)F(0.00)D(0.00)G(0.00)I(0.00)P(0.00)D(0.00)N(0.00)V(0.00)D(0.00)A(0.00)A(0.00)L(0.00)A(0.00)L(0.00)P(0.00)A(0.00)H(0.00)S(0.00)Y(0.00)S(0.00)G(0.00)R(0.00)	N(0)I(0)S(0)D(0)G(0)F(0)D(0)G(0)I(0)P(0)D(0)N(0)V(0)D(0)A(0)A(0)L(0)A(0)L(0)P(0)A(0)H(0)S(0)Y(0)S(0)G(0)R(0)	13.468075	7	0	0	13.468075	7	0	0	0	0	0	FALSE	FALSE	TRUE	sp|P04004|VTNC_HUMAN	P04004	VTNC_HUMAN	VTN	Vitronectin			55604	0	0	0	0	0	0
240419_ES_R00006_MG_c00001_SA_NPB_3_i2.55670.55670.4	D:\SHARE\Tim\25-12-03_GD_Dataset\GD_dataset\NPB_3_i2\interact.pep.xml	NISDGFDGIPDNVDAALALPAHSYSGR	N[3121]ISDGFDGIPDNVDAALALPAHSYSGR	VLDPDYPR.NISDGFDGIPDNVDAALALPAHSYSGR.ERVYFFKG	R	E	27	4	4837.776	5778.39	5778.373	1445.6048	1445.6005	5778.373	1445.6006	2.00E-04	0	48.21	7.154	1	0	2	0	242	268	16038048	1N(3007.0579)	NA	HexNAc(5)Hex(6)Fuc(1)NeuAc(3) % 3007.0579	4.99	0	nISDGFDGIPDNVDAALALPAHSYSGR	N(45.10)I(0.00)S(0.00)D(0.00)G(0.00)F(0.00)D(0.00)G(0.00)I(0.00)P(0.00)D(0.00)N(0.00)V(0.00)D(0.00)A(0.00)A(0.00)L(0.00)A(0.00)L(0.00)P(0.00)A(0.00)H(0.00)S(0.00)Y(0.00)S(0.00)G(0.00)R(0.00)	N1	1	N(9.51)I(0.00)S(0.00)D(0.00)G(0.00)F(0.00)D(0.00)G(0.00)I(0.00)P(0.00)D(0.00)N(0.00)V(0.00)D(0.00)A(0.00)A(0.00)L(0.00)A(0.00)L(0.00)P(0.00)A(0.00)H(0.00)S(0.00)Y(0.00)S(0.00)G(0.00)R(0.00)	N(0)I(0)S(0)D(0)G(0)F(0)D(0)G(0)I(0)P(0)D(0)N(0)V(0)D(0)A(0)A(0)L(0)A(0)L(0)P(0)A(0)H(0)S(0)Y(0)S(0)G(0)R(0)	45.09868	14	0	0	48.210594	16	9.510934	0	0	0	0	FALSE	FALSE	TRUE	sp|P04004|VTNC_HUMAN	P04004	VTNC_HUMAN	VTN	Vitronectin			55650	4846.2134	55777	4809.116	5034.243	22.673	150
240419_ES_R00006_MG_c00001_SA_NPB_3_i2.55679.55679.5	D:\SHARE\Tim\25-12-03_GD_Dataset\GD_dataset\NPB_3_i2\interact.pep.xml	NISDGFDGIPDNVDAALALPAHSYSGR	N[3121]ISDGFDGIPDNVDAALALPAHSYSGR	VLDPDYPR.NISDGFDGIPDNVDAALALPAHSYSGR.ERVYFFKG	R	E	27	5	4838.3896	5778.3896	5778.3716	1156.6852	1156.6816	5778.373	1156.6819	-0.0012	1.04E-08	24.446	0	1	0	2	0	242	268	0	1N(3007.0579)	NA	HexNAc(5)Hex(6)Fuc(1)NeuAc(3) % 3007.0579	3.21	0	nISDGFDGIPDNVDAALALPAHSYSGR	N(22.88)I(0.00)S(0.00)D(0.00)G(0.00)F(0.00)D(0.00)G(0.00)I(0.00)P(0.00)D(0.00)N(0.00)V(0.00)D(0.00)A(0.00)A(0.00)L(0.00)A(0.00)L(0.00)P(0.00)A(0.00)H(0.00)S(0.00)Y(0.00)S(0.00)G(0.00)R(0.00)	N1	1	N(4.99)I(0.00)S(0.00)D(0.00)G(0.00)F(0.00)D(0.00)G(0.00)I(0.00)P(0.00)D(0.00)N(0.00)V(0.00)D(0.00)A(0.00)A(0.00)L(0.00)A(0.00)L(0.00)P(0.00)A(0.00)H(0.00)S(0.00)Y(0.00)S(0.00)G(0.00)R(0.00)	N(0)I(0)S(0)D(0)G(0)F(0)D(0)G(0)I(0)P(0)D(0)N(0)V(0)D(0)A(0)A(0)L(0)A(0)L(0)P(0)A(0)H(0)S(0)Y(0)S(0)G(0)R(0)	22.883942	9	0	0	24.446287	10	4.989194	0	0	0	0	FALSE	FALSE	TRUE	sp|P04004|VTNC_HUMAN	P04004	VTNC_HUMAN	VTN	Vitronectin			55650	0	0	0	0	0	0
240419_ES_R00006_MG_c00001_SA_NPB_3_i2.55766.55766.4	D:\SHARE\Tim\25-12-03_GD_Dataset\GD_dataset\NPB_3_i2\interact.pep.xml	FEDGVLDPDYPRNISDGFDGIPDNVDAALALPAHSYSGR	FEDGVLDPDYPRN[2319]ISDGFDGIPDNVDAALALPAHSYSGR	FKGSQYWR.FEDGVLDPDYPRNISDGFDGIPDNVDAALALPAHSYSGR.ERVYFFKG	R	E	39	4	4845.245	6379.74	6379.742	1595.9423	1595.9428	6379.7231	1595.9381	0.019	5.99E-09	35.815	0	1	0	2	1	230	268	59205004	13N(2204.7725)	NA	HexNAc(4)Hex(5)NeuAc(2) % 2204.7724	2.29	0	FEDGVLDPDYPRnISDGFDGIPDNVDAALALPAHSYSGR	F(0.00)E(0.00)D(0.00)G(0.00)V(0.00)L(0.00)D(0.00)P(0.00)D(0.00)Y(0.00)P(0.00)R(0.00)N(35.82)I(0.00)S(0.00)D(0.00)G(0.00)F(0.00)D(0.00)G(0.00)I(0.00)P(0.00)D(0.00)N(0.00)V(0.00)D(0.00)A(0.00)A(0.00)L(0.00)A(0.00)L(0.00)P(0.00)A(0.00)H(0.00)S(0.00)Y(0.00)S(0.00)G(0.00)R(0.00)	N13	1	F(0.00)E(0.00)D(0.00)G(0.00)V(0.00)L(0.00)D(0.00)P(0.00)D(0.00)Y(0.00)P(0.00)R(0.00)N(0.00)I(0.00)S(0.00)D(0.00)G(0.00)F(0.00)D(0.00)G(0.00)I(0.00)P(0.00)D(0.00)N(0.00)V(0.00)D(0.00)A(0.00)A(0.00)L(0.00)A(0.00)L(0.00)P(0.00)A(0.00)H(0.00)S(0.00)Y(0.00)S(0.00)G(0.00)R(0.00)	F(0)E(0)D(0)G(0)V(0)L(0)D(0)P(0)D(0)Y(0)P(0)R(0)N(0)I(0)S(0)D(0)G(0)F(0)D(0)G(0)I(0)P(0)D(0)N(0)V(0)D(0)A(0)A(0)L(0)A(0)L(0)P(0)A(0)H(0)S(0)Y(0)S(0)G(0)R(0)	35.81575	17	0	0	35.81575	17	0	0	0	0	0	FALSE	FALSE	TRUE	sp|P04004|VTNC_HUMAN	P04004	VTNC_HUMAN	VTN	Vitronectin			55748	4831.1113	55584	4750.554	4883.3013	20.489	79
240419_ES_R00006_MG_c00001_SA_NPB_3_i2.55783.55783.5	D:\SHARE\Tim\25-12-03_GD_Dataset\GD_dataset\NPB_3_i2\interact.pep.xml	NISDGFDGIPDNVDAALALPAHSYSGR	N[2975]ISDGFDGIPDNVDAALALPAHSYSGR	VLDPDYPR.NISDGFDGIPDNVDAALALPAHSYSGR.ERVYFFKG	R	E	27	5	4846.7026	5632.34	5632.317	1127.4753	1127.4707	5632.3149	1127.4703	0.002	2.19E-07	26.905	8.326	1	0	2	0	242	268	8794813	1N(2861.0000)	NA	HexNAc(5)Hex(6)NeuAc(3) % 2861.0000	5.76	0	nISDGFDGIPDNVDAALALPAHSYSGR	N(24.99)I(0.00)S(0.00)D(0.00)G(0.00)F(0.00)D(0.00)G(0.00)I(0.00)P(0.00)D(0.00)N(0.00)V(0.00)D(0.00)A(0.00)A(0.00)L(0.00)A(0.00)L(0.00)P(0.00)A(0.00)H(0.00)S(0.00)Y(0.00)S(0.00)G(0.00)R(0.00)	N1	1	N(5.49)I(0.00)S(0.00)D(0.00)G(0.00)F(0.00)D(0.00)G(0.00)I(0.00)P(0.00)D(0.00)N(0.00)V(0.00)D(0.00)A(0.00)A(0.00)L(0.00)A(0.00)L(0.00)P(0.00)A(0.00)H(0.00)S(0.00)Y(0.00)S(0.00)G(0.00)R(0.00)	N(0)I(0)S(0)D(0)G(0)F(0)D(0)G(0)I(0)P(0)D(0)N(0)V(0)D(0)A(0)A(0)L(0)A(0)L(0)P(0)A(0)H(0)S(0)Y(0)S(0)G(0)R(0)	24.990482	9	0	0	26.905787	10	5.49195	0	0	0	0	FALSE	FALSE	TRUE	sp|P04004|VTNC_HUMAN	P04004	VTNC_HUMAN	VTN	Vitronectin			55765	4849.0225	55813	4841.1055	4984.6753	42.197002	103
240419_ES_R00006_MG_c00001_SA_NPB_3_i2.55814.55814.4	D:\SHARE\Tim\25-12-03_GD_Dataset\GD_dataset\NPB_3_i2\interact.pep.xml	FEDGVLDPDYPRNISDGFDGIPDNVDAALALPAHSYSGR	FEDGVLDPDYPRN[2319]ISDGFDGIPDNVDAALALPAHSYSGR	FKGSQYWR.FEDGVLDPDYPRNISDGFDGIPDNVDAALALPAHSYSGR.ERVYFFKG	R	E	39	4	4849.0386	6379.743	6379.742	1595.943	1595.9428	6379.7231	1595.9381	0.019	3.00E-14	44.156	0	1	0	2	1	230	268	59205004	13N(2204.7725)	NA	HexNAc(4)Hex(5)NeuAc(2) % 2204.7724	1.97	0	FEDGVLDPDYPRnISDGFDGIPDNVDAALALPAHSYSGR	F(0.00)E(0.00)D(0.00)G(0.00)V(0.00)L(0.00)D(0.00)P(0.00)D(0.00)Y(0.00)P(0.00)R(0.00)N(44.16)I(0.00)S(0.00)D(0.00)G(0.00)F(0.00)D(0.00)G(0.00)I(0.00)P(0.00)D(0.00)N(0.00)V(0.00)D(0.00)A(0.00)A(0.00)L(0.00)A(0.00)L(0.00)P(0.00)A(0.00)H(0.00)S(0.00)Y(0.00)S(0.00)G(0.00)R(0.00)	N13	1	F(0.00)E(0.00)D(0.00)G(0.00)V(0.00)L(0.00)D(0.00)P(0.00)D(0.00)Y(0.00)P(0.00)R(0.00)N(3.89)I(0.00)S(0.00)D(0.00)G(0.00)F(0.00)D(0.00)G(0.00)I(0.00)P(0.00)D(0.00)N(0.00)V(0.00)D(0.00)A(0.00)A(0.00)L(0.00)A(0.00)L(0.00)P(0.00)A(0.00)H(0.00)S(0.00)Y(0.00)S(0.00)G(0.00)R(0.00)	F(0)E(0)D(0)G(0)V(0)L(0)D(0)P(0)D(0)Y(0)P(0)R(0)N(0)I(0)S(0)D(0)G(0)F(0)D(0)G(0)I(0)P(0)D(0)N(0)V(0)D(0)A(0)A(0)L(0)A(0)L(0)P(0)A(0)H(0)S(0)Y(0)S(0)G(0)R(0)	44.1561	18	0	0	44.1561	18	3.8894093	0	0	0	0	FALSE	FALSE	TRUE	sp|P04004|VTNC_HUMAN	P04004	VTNC_HUMAN	VTN	Vitronectin			55796	4831.1113	55584	4750.554	4883.3013	20.489	79
240419_ES_R00006_MG_c00001_SA_NPB_3_i2.55875.55875.5	D:\SHARE\Tim\25-12-03_GD_Dataset\GD_dataset\NPB_3_i2\interact.pep.xml	NISDGFDGIPDNVDAALALPAHSYSGR	N[2975]ISDGFDGIPDNVDAALALPAHSYSGR	VLDPDYPR.NISDGFDGIPDNVDAALALPAHSYSGR.ERVYFFKG	R	E	27	5	4854.1294	5632.3154	5632.317	1127.4704	1127.4707	5632.3149	1127.4703	0.002	4.14E-11	48.032	0	1	0	2	0	242	268	0	1N(2861.0000)	NA	HexNAc(5)Hex(6)NeuAc(3) % 2861.0000	6.7	0	nISDGFDGIPDNVDAALALPAHSYSGR	N(45.14)I(0.00)S(0.00)D(0.00)G(0.00)F(0.00)D(0.00)G(0.00)I(0.00)P(0.00)D(0.00)N(0.00)V(0.00)D(0.00)A(0.00)A(0.00)L(0.00)A(0.00)L(0.00)P(0.00)A(0.00)H(0.00)S(0.00)Y(0.00)S(0.00)G(0.00)R(0.00)	N1	1	N(9.80)I(0.00)S(0.00)D(0.00)G(0.00)F(0.00)D(0.00)G(0.00)I(0.00)P(0.00)D(0.00)N(0.00)V(0.00)D(0.00)A(0.00)A(0.00)L(0.00)A(0.00)L(0.00)P(0.00)A(0.00)H(0.00)S(0.00)Y(0.00)S(0.00)G(0.00)R(0.00)	N(0)I(0)S(0)D(0)G(0)F(0)D(0)G(0)I(0)P(0)D(0)N(0)V(0)D(0)A(0)A(0)L(0)A(0)L(0)P(0)A(0)H(0)S(0)Y(0)S(0)G(0)R(0)	45.142628	14	0	0	48.032887	16	9.79798	0	0	0	0	FALSE	FALSE	TRUE	sp|P04004|VTNC_HUMAN	P04004	VTNC_HUMAN	VTN	Vitronectin			55855	0	0	0	0	0	0
240419_ES_R00006_MG_c00001_SA_NPB_3_i2.55886.55886.5	D:\SHARE\Tim\25-12-03_GD_Dataset\GD_dataset\NPB_3_i2\interact.pep.xml	FEDGVLDPDYPRNISDGFDGIPDNVDAALALPAHSYSGR	FEDGVLDPDYPRN[2319]ISDGFDGIPDNVDAALALPAHSYSGR	FKGSQYWR.FEDGVLDPDYPRNISDGFDGIPDNVDAALALPAHSYSGR.ERVYFFKG	R	E	39	5	4854.9126	6379.7407	6379.732	1276.9554	1276.9537	6379.7231	1276.9519	0.0088	0	56.827	7.891	1	0	2	1	230	268	56035900	13N(2204.7725)	NA	HexNAc(4)Hex(5)NeuAc(2) % 2204.7724	4.42	0	FEDGVLDPDYPRnISDGFDGIPDNVDAALALPAHSYSGR	F(0.00)E(0.00)D(0.00)G(0.00)V(0.00)L(0.00)D(0.00)P(0.00)D(0.00)Y(0.00)P(0.00)R(0.00)N(56.83)I(0.00)S(0.00)D(0.00)G(0.00)F(0.00)D(0.00)G(0.00)I(0.00)P(0.00)D(0.00)N(0.00)V(0.00)D(0.00)A(0.00)A(0.00)L(0.00)A(0.00)L(0.00)P(0.00)A(0.00)H(0.00)S(0.00)Y(0.00)S(0.00)G(0.00)R(0.00)	N13	1	F(0.00)E(0.00)D(0.00)G(0.00)V(0.00)L(0.00)D(0.00)P(0.00)D(0.00)Y(0.00)P(0.00)R(0.00)N(9.19)I(0.00)S(0.00)D(0.00)G(0.00)F(0.00)D(0.00)G(0.00)I(0.00)P(0.00)D(0.00)N(0.00)V(0.00)D(0.00)A(0.00)A(0.00)L(0.00)A(0.00)L(0.00)P(0.00)A(0.00)H(0.00)S(0.00)Y(0.00)S(0.00)G(0.00)R(0.00)	F(0)E(0)D(0)G(0)V(0)L(0)D(0)P(0)D(0)Y(0)P(0)R(0)N(1)I(0)S(0)D(0)G(0)F(0)D(0)G(0)I(0)P(0)D(0)N(0)V(0)D(0)A(0)A(0)L(0)A(0)L(0)P(0)A(0)H(0)S(0)Y(0)S(0)G(0)R(0)	56.827972	21	0	0	55.099625	20	9.189206	1	0	0	0	FALSE	FALSE	TRUE	sp|P04004|VTNC_HUMAN	P04004	VTNC_HUMAN	VTN	Vitronectin			55872	4839.079	55688	4709.617	5024.077	22.014002	198
240419_ES_R00006_MG_c00001_SA_NPB_3_i2.55889.55889.5	D:\SHARE\Tim\25-12-03_GD_Dataset\GD_dataset\NPB_3_i2\interact.pep.xml	NISDGFDGIPDNVDAALALPAHSYSGR	N[3121]ISDGFDGIPDNVDAALALPAHSYSGR	VLDPDYPR.NISDGFDGIPDNVDAALALPAHSYSGR.ERVYFFKG	R	E	27	5	4855.243	5778.3936	5778.373	1156.686	1156.6819	5778.373	1156.6819	2.00E-04	4.19E-11	51.013	0	1	0	2	0	242	268	0	1N(3007.0579)	NA	HexNAc(5)Hex(6)Fuc(1)NeuAc(3) % 3007.0579	7.14	0	nISDGFDGIPDNVDAALALPAHSYSGR	N(47.99)I(0.00)S(0.00)D(0.00)G(0.00)F(0.00)D(0.00)G(0.00)I(0.00)P(0.00)D(0.00)N(0.00)V(0.00)D(0.00)A(0.00)A(0.00)L(0.00)A(0.00)L(0.00)P(0.00)A(0.00)H(0.00)S(0.00)Y(0.00)S(0.00)G(0.00)R(0.00)	N1	1	N(9.41)I(0.00)S(0.00)D(0.00)G(0.00)F(0.00)D(0.00)G(0.00)I(0.00)P(0.00)D(0.00)N(0.00)V(0.00)D(0.00)A(0.00)A(0.00)L(0.00)A(0.00)L(0.00)P(0.00)A(0.00)H(0.00)S(0.00)Y(0.00)S(0.00)G(0.00)R(0.00)	N(0)I(0)S(0)D(0)G(0)F(0)D(0)G(0)I(0)P(0)D(0)N(0)V(0)D(0)A(0)A(0)L(0)A(0)L(0)P(0)A(0)H(0)S(0)Y(0)S(0)G(0)R(0)	47.98555	15	0	0	51.01317	17	9.407087	0	0	0	0	FALSE	FALSE	TRUE	sp|P04004|VTNC_HUMAN	P04004	VTNC_HUMAN	VTN	Vitronectin			55872	0	0	0	0	0	0
240419_ES_R00006_MG_c00001_SA_NPB_3_i2.55924.55924.5	D:\SHARE\Tim\25-12-03_GD_Dataset\GD_dataset\NPB_3_i2\interact.pep.xml	FEDGVLDPDYPRNISDGFDGIPDNVDAALALPAHSYSGR	FEDGVLDPDYPRN[2465]ISDGFDGIPDNVDAALALPAHSYSGR	FKGSQYWR.FEDGVLDPDYPRNISDGFDGIPDNVDAALALPAHSYSGR.ERVYFFKG	R	E	39	5	4857.9995	6527.7837	6527.7812	1306.564	1306.5635	6525.7813	1306.1636	2.0002	6.23E-09	26.712	0	1	0	2	1	230	268	9578616	13N(2350.8303)	NA	HexNAc(4)Hex(5)Fuc(1)NeuAc(2) % 2350.8303	2.81	0	FEDGVLDPDYPRnISDGFDGIPDNVDAALALPAHSYSGR	F(0.00)E(0.00)D(0.00)G(0.00)V(0.00)L(0.00)D(0.00)P(0.00)D(0.00)Y(0.00)P(0.00)R(0.00)N(26.71)I(0.00)S(0.00)D(0.00)G(0.00)F(0.00)D(0.00)G(0.00)I(0.00)P(0.00)D(0.00)N(0.00)V(0.00)D(0.00)A(0.00)A(0.00)L(0.00)A(0.00)L(0.00)P(0.00)A(0.00)H(0.00)S(0.00)Y(0.00)S(0.00)G(0.00)R(0.00)	N13	1	F(0.00)E(0.00)D(0.00)G(0.00)V(0.00)L(0.00)D(0.00)P(0.00)D(0.00)Y(0.00)P(0.00)R(0.00)N(3.80)I(0.00)S(0.00)D(0.00)G(0.00)F(0.00)D(0.00)G(0.00)I(0.00)P(0.00)D(0.00)N(0.00)V(0.00)D(0.00)A(0.00)A(0.00)L(0.00)A(0.00)L(0.00)P(0.00)A(0.00)H(0.00)S(0.00)Y(0.00)S(0.00)G(0.00)R(0.00)	F(0)E(0)D(0)G(0)V(0)L(0)D(0)P(0)D(0)Y(0)P(0)R(0)N(0)I(0)S(0)D(0)G(0)F(0)D(0)G(0)I(0)P(0)D(0)N(0)V(0)D(0)A(0)A(0)L(0)A(0)L(0)P(0)A(0)H(0)S(0)Y(0)S(0)G(0)R(0)	26.712574	11	0	0	26.712574	11	3.7960732	0	0	0	0	FALSE	FALSE	TRUE	sp|P04004|VTNC_HUMAN	P04004	VTNC_HUMAN	VTN	Vitronectin			55908	4840.2354	55702	4707.701	4863.935	19.708	91
240419_ES_R00006_MG_c00001_SA_NPB_3_i2.56041.56041.5	D:\SHARE\Tim\25-12-03_GD_Dataset\GD_dataset\NPB_3_i2\interact.pep.xml	FEDGVLDPDYPRNISDGFDGIPDNVDAALALPAHSYSGR	FEDGVLDPDYPRN[2465]ISDGFDGIPDNVDAALALPAHSYSGR	FKGSQYWR.FEDGVLDPDYPRNISDGFDGIPDNVDAALALPAHSYSGR.ERVYFFKG	R	E	39	5	4867.1445	6527.711	6527.6562	1306.5495	1306.5385	6525.7813	1306.1636	1.8752	3.23E-12	28.058	7.022	1	0	2	1	230	268	0	13N(2350.8303)	NA	HexNAc(4)Hex(5)Fuc(1)NeuAc(2) % 2350.8303	-0.99	0.000597015	FEDGVLDPDYPRnISDGFDGIPDNVDAALALPAHSYSGR	F(0.00)E(0.00)D(0.00)G(0.00)V(0.00)L(0.00)D(0.00)P(0.00)D(0.00)Y(0.00)P(0.00)R(0.00)N(28.06)I(0.00)S(0.00)D(0.00)G(0.00)F(0.00)D(0.00)G(0.00)I(0.00)P(0.00)D(0.00)N(0.00)V(0.00)D(0.00)A(0.00)A(0.00)L(0.00)A(0.00)L(0.00)P(0.00)A(0.00)H(0.00)S(0.00)Y(0.00)S(0.00)G(0.00)R(0.00)	N13	1	F(0.00)E(0.00)D(0.00)G(0.00)V(0.00)L(0.00)D(0.00)P(0.00)D(0.00)Y(0.00)P(0.00)R(0.00)N(3.94)I(0.00)S(0.00)D(0.00)G(0.00)F(0.00)D(0.00)G(0.00)I(0.00)P(0.00)D(0.00)N(0.00)V(0.00)D(0.00)A(0.00)A(0.00)L(0.00)A(0.00)L(0.00)P(0.00)A(0.00)H(0.00)S(0.00)Y(0.00)S(0.00)G(0.00)R(0.00)	F(0)E(0)D(0)G(0)V(0)L(0)D(0)P(0)D(0)Y(0)P(0)R(0)N(0)I(0)S(0)D(0)G(0)F(0)D(0)G(0)I(0)P(0)D(0)N(0)V(0)D(0)A(0)A(0)L(0)A(0)L(0)P(0)A(0)H(0)S(0)Y(0)S(0)G(0)R(0)	28.058182	11	0	0	28.058182	11	3.9352317	0	0	0	0	FALSE	FALSE	TRUE	sp|P04004|VTNC_HUMAN	P04004	VTNC_HUMAN	VTN	Vitronectin			56020	0	0	0	0	0	0
240419_ES_R00006_MG_c00001_SA_NPB_3_i2.56059.56059.4	D:\SHARE\Tim\25-12-03_GD_Dataset\GD_dataset\NPB_3_i2\interact.pep.xml	NISDGFDGIPDNVDAALALPAHSYSGR	N[2319]ISDGFDGIPDNVDAALALPAHSYSGR	VLDPDYPR.NISDGFDGIPDNVDAALALPAHSYSGR.ERVYFFKG	R	E	27	4	4868.5522	4977.098	4977.0854	1245.2818	1245.2786	4976.0874	1245.0292	0.998	0	60.645	13.837	1	0	2	0	242	268	62002900	1N(2204.7725)	NA	HexNAc(4)Hex(5)NeuAc(2) % 2204.7724	5.58	0	nISDGFDGIPDNVDAALALPAHSYSGR	N(55.83)I(0.00)S(0.00)D(0.00)G(0.00)F(0.00)D(0.00)G(0.00)I(0.00)P(0.00)D(0.00)N(0.00)V(0.00)D(0.00)A(0.00)A(0.00)L(0.00)A(0.00)L(0.00)P(0.00)A(0.00)H(0.00)S(0.00)Y(0.00)S(0.00)G(0.00)R(0.00)	N1	1	N(11.32)I(0.00)S(0.00)D(0.00)G(0.00)F(0.00)D(0.00)G(0.00)I(0.00)P(0.00)D(0.00)N(0.00)V(0.00)D(0.00)A(0.00)A(0.00)L(0.00)A(0.00)L(0.00)P(0.00)A(0.00)H(0.00)S(0.00)Y(0.00)S(0.00)G(0.00)R(0.00)	N(1)I(0)S(0)D(0)G(0)F(0)D(0)G(0)I(0)P(0)D(0)N(0)V(0)D(0)A(0)A(0)L(0)A(0)L(0)P(0)A(0)H(0)S(0)Y(0)S(0)G(0)R(0)	55.83099	18	0	0	60.645824	21	11.315157	1	0	0	0	FALSE	FALSE	TRUE	sp|P04004|VTNC_HUMAN	P04004	VTNC_HUMAN	VTN	Vitronectin			56038	4883.3013	56251	4783.02	5058.8403	28.768002	179
240419_ES_R00006_MG_c00001_SA_NPB_3_i2.56065.56065.4	D:\SHARE\Tim\25-12-03_GD_Dataset\GD_dataset\NPB_3_i2\interact.pep.xml	NNATVHEQVGGPSLTSDLQAQSK	NN[2028]ATVHEQVGGPSLTSDLQAQSK	VYDDGEEK.NNATVHEQVGGPSLTSDLQAQSK.GNPEQTPV	K	G	23	4	4868.9624	4293.833	4293.824	1074.4655	1074.4633	4293.8389	1074.467	-0.0146	0.2630611	16.107	10.22	0.9516	0.000230947	2	0	85	107	4705855.5	2N(1913.6770)	NA	HexNAc(4)Hex(5)NeuAc(1) % 1913.6770	2.14	0	NnATVHEQVGGPSLTSDLQAQSK	N(0.00)N(16.11)A(0.00)T(0.00)V(0.00)H(0.00)E(0.00)Q(0.00)V(0.00)G(0.00)G(0.00)P(0.00)S(0.00)L(0.00)T(0.00)S(0.00)D(0.00)L(0.00)Q(0.00)A(0.00)Q(0.00)S(0.00)K(0.00)	N2	1	N(0.00)N(10.17)A(0.00)T(0.00)V(0.00)H(0.00)E(0.00)Q(0.00)V(0.00)G(0.00)G(0.00)P(0.00)S(0.00)L(0.00)T(0.00)S(0.00)D(0.00)L(0.00)Q(0.00)A(0.00)Q(0.00)S(0.00)K(0.00)	N(0)N(0)A(0)T(0)V(0)H(0)E(0)Q(0)V(0)G(0)G(0)P(0)S(0)L(0)T(0)S(0)D(0)L(0)Q(0)A(0)Q(0)S(0)K(0)	16.10788	3	0	0	16.10788	3	10.168582	0	0	0	0	FALSE	FALSE	FALSE	sp|P04004|VTNC_HUMAN	P04004	VTNC_HUMAN	VTN	Vitronectin		tr|F5GX75|F5GX75_HUMAN	56038	4871.686	56101	4852.414	4874.599	22.185001	13
240419_ES_R00006_MG_c00001_SA_NPB_3_i2.56104.56104.5	D:\SHARE\Tim\25-12-03_GD_Dataset\GD_dataset\NPB_3_i2\interact.pep.xml	FEDGVLDPDYPRNISDGFDGIPDNVDAALALPAHSYSGR	FEDGVLDPDYPRN[2319]ISDGFDGIPDNVDAALALPAHSYSGR	FKGSQYWR.FEDGVLDPDYPRNISDGFDGIPDNVDAALALPAHSYSGR.ERVYFFKG	R	E	39	5	4871.9956	6380.7183	6380.701	1277.1509	1277.1475	6379.7231	1276.9519	0.978	1.07E-10	49.38	0	1	0	2	1	230	268	37546444	13N(2204.7725)	NA	HexNAc(4)Hex(5)NeuAc(2) % 2204.7724	4.04	0	FEDGVLDPDYPRnISDGFDGIPDNVDAALALPAHSYSGR	F(0.00)E(0.00)D(0.00)G(0.00)V(0.00)L(0.00)D(0.00)P(0.00)D(0.00)Y(0.00)P(0.00)R(0.00)N(49.38)I(0.00)S(0.00)D(0.00)G(0.00)F(0.00)D(0.00)G(0.00)I(0.00)P(0.00)D(0.00)N(0.00)V(0.00)D(0.00)A(0.00)A(0.00)L(0.00)A(0.00)L(0.00)P(0.00)A(0.00)H(0.00)S(0.00)Y(0.00)S(0.00)G(0.00)R(0.00)	N13	1	F(0.00)E(0.00)D(0.00)G(0.00)V(0.00)L(0.00)D(0.00)P(0.00)D(0.00)Y(0.00)P(0.00)R(0.00)N(9.35)I(0.00)S(0.00)D(0.00)G(0.00)F(0.00)D(0.00)G(0.00)I(0.00)P(0.00)D(0.00)N(0.00)V(0.00)D(0.00)A(0.00)A(0.00)L(0.00)A(0.00)L(0.00)P(0.00)A(0.00)H(0.00)S(0.00)Y(0.00)S(0.00)G(0.00)R(0.00)	F(0)E(0)D(0)G(0)V(0)L(0)D(0)P(0)D(0)Y(0)P(0)R(0)N(0)I(0)S(0)D(0)G(0)F(0)D(0)G(0)I(0)P(0)D(0)N(0)V(0)D(0)A(0)A(0)L(0)A(0)L(0)P(0)A(0)H(0)S(0)Y(0)S(0)G(0)R(0)	49.380264	17	0	0	49.380264	17	9.351027	0	0	0	0	FALSE	FALSE	TRUE	sp|P04004|VTNC_HUMAN	P04004	VTNC_HUMAN	VTN	Vitronectin			56074	4861.455	55970	4709.617	5024.077	22.014002	198
240419_ES_R00006_MG_c00001_SA_NPB_3_i2.56122.56122.4	D:\SHARE\Tim\25-12-03_GD_Dataset\GD_dataset\NPB_3_i2\interact.pep.xml	NNATVHEQVGGPSLTSDLQAQSK	NN[2319]ATVHEQVGGPSLTSDLQAQSK	VYDDGEEK.NNATVHEQVGGPSLTSDLQAQSK.GNPEQTPV	K	G	23	4	4873.3877	4584.982	4584.938	1147.2528	1147.2418	4584.9346	1147.241	0.0037	6.06E-05	25.564	0	1	0	2	0	85	107	24185094	2N(2204.7725)	NA	HexNAc(4)Hex(5)NeuAc(2) % 2204.7724	5.78	0	NnATVHEQVGGPSLTSDLQAQSK	N(0.00)N(25.56)A(0.00)T(0.00)V(0.00)H(0.00)E(0.00)Q(0.00)V(0.00)G(0.00)G(0.00)P(0.00)S(0.00)L(0.00)T(0.00)S(0.00)D(0.00)L(0.00)Q(0.00)A(0.00)Q(0.00)S(0.00)K(0.00)	N2	1	N(0.00)N(12.65)A(0.00)T(0.00)V(0.00)H(0.00)E(0.00)Q(0.00)V(0.00)G(0.00)G(0.00)P(0.00)S(0.00)L(0.00)T(0.00)S(0.00)D(0.00)L(0.00)Q(0.00)A(0.00)Q(0.00)S(0.00)K(0.00)	N(0)N(2)A(0)T(0)V(0)H(0)E(0)Q(0)V(0)G(0)G(0)P(0)S(0)L(0)T(0)S(0)D(0)L(0)Q(0)A(0)Q(0)S(0)K(0)	25.564798	8	0	0	24.073414	7	12.654049	2	0	0	0	FALSE	FALSE	FALSE	sp|P04004|VTNC_HUMAN	P04004	VTNC_HUMAN	VTN	Vitronectin		tr|F5GX75|F5GX75_HUMAN	56101	4876.4844	56162	4781.4805	4890.0044	10.649	65
240419_ES_R00006_MG_c00001_SA_NPB_3_i2.56124.56124.3	D:\SHARE\Tim\25-12-03_GD_Dataset\GD_dataset\NPB_3_i2\interact.pep.xml	NISDGFDGIPDNVDAALALPAHSYSGR	N[2319]ISDGFDGIPDNVDAALALPAHSYSGR	VLDPDYPR.NISDGFDGIPDNVDAALALPAHSYSGR.ERVYFFKG	R	E	27	3	4873.5244	4976.088	4976.0874	1659.7033	1659.7031	4976.0874	1659.7031	0	2.50E-13	39.827	7.912	1	0	2	0	242	268	0	1N(2204.7725)	NA	HexNAc(4)Hex(5)NeuAc(2) % 2204.7724	9.36	0	nISDGFDGIPDNVDAALALPAHSYSGR	N(36.48)I(0.00)S(0.00)D(0.00)G(0.00)F(0.00)D(0.00)G(0.00)I(0.00)P(0.00)D(0.00)N(0.00)V(0.00)D(0.00)A(0.00)A(0.00)L(0.00)A(0.00)L(0.00)P(0.00)A(0.00)H(0.00)S(0.00)Y(0.00)S(0.00)G(0.00)R(0.00)	N1	1	N(6.09)I(0.00)S(0.00)D(0.00)G(0.00)F(0.00)D(0.00)G(0.00)I(0.00)P(0.00)D(0.00)N(0.00)V(0.00)D(0.00)A(0.00)A(0.00)L(0.00)A(0.00)L(0.00)P(0.00)A(0.00)H(0.00)S(0.00)Y(0.00)S(0.00)G(0.00)R(0.00)	N(0)I(0)S(0)D(0)G(0)F(0)D(0)G(0)I(0)P(0)D(0)N(0)V(0)D(0)A(0)A(0)L(0)A(0)L(0)P(0)A(0)H(0)S(0)Y(0)S(0)G(0)R(0)	36.4847	13	0	0	39.82721	15	6.090092	0	0	0	0	FALSE	FALSE	TRUE	sp|P04004|VTNC_HUMAN	P04004	VTNC_HUMAN	VTN	Vitronectin			56101	0	0	0	0	0	0
240419_ES_R00006_MG_c00001_SA_NPB_3_i2.56141.56141.3	D:\SHARE\Tim\25-12-03_GD_Dataset\GD_dataset\NPB_3_i2\interact.pep.xml	NISDGFDGIPDNVDAALALPAHSYSGR	N[2319]ISDGFDGIPDNVDAALALPAHSYSGR	VLDPDYPR.NISDGFDGIPDNVDAALALPAHSYSGR.ERVYFFKG	R	E	27	3	4874.9453	4977.152	4977.144	1660.0579	1660.0553	4976.0874	1659.7031	1.0566	0	56.302	8.787	1	0	2	0	242	268	0	1N(2204.7725)	NA	HexNAc(4)Hex(5)NeuAc(2) % 2204.7724	1.33	0	nISDGFDGIPDNVDAALALPAHSYSGR	N(54.64)I(0.00)S(0.00)D(0.00)G(0.00)F(0.00)D(0.00)G(0.00)I(0.00)P(0.00)D(0.00)N(0.00)V(0.00)D(0.00)A(0.00)A(0.00)L(0.00)A(0.00)L(0.00)P(0.00)A(0.00)H(0.00)S(0.00)Y(0.00)S(0.00)G(0.00)R(0.00)	N1	1	N(11.06)I(0.00)S(0.00)D(0.00)G(0.00)F(0.00)D(0.00)G(0.00)I(0.00)P(0.00)D(0.00)N(0.00)V(0.00)D(0.00)A(0.00)A(0.00)L(0.00)A(0.00)L(0.00)P(0.00)A(0.00)H(0.00)S(0.00)Y(0.00)S(0.00)G(0.00)R(0.00)	N(2)I(0)S(0)D(0)G(0)F(0)D(0)G(0)I(0)P(0)D(0)N(0)V(0)D(0)A(0)A(0)L(0)A(0)L(0)P(0)A(0)H(0)S(0)Y(0)S(0)G(0)R(0)	54.63899	19	0	0	56.302578	20	11.06247	2	0	0	0	FALSE	FALSE	TRUE	sp|P04004|VTNC_HUMAN	P04004	VTNC_HUMAN	VTN	Vitronectin			56120	0	0	0	0	0	0
240419_ES_R00006_MG_c00001_SA_NPB_3_i2.56169.56169.3	D:\SHARE\Tim\25-12-03_GD_Dataset\GD_dataset\NPB_3_i2\interact.pep.xml	NISDGFDGIPDNVDAALALPAHSYSGR	N[2319]ISDGFDGIPDNVDAALALPAHSYSGR	VLDPDYPR.NISDGFDGIPDNVDAALALPAHSYSGR.ERVYFFKG	R	E	27	3	4877.0347	4977.151	4977.1523	1660.0576	1660.058	4976.0874	1659.7031	1.0649	0	62.45	8.795	1	0	2	0	242	268	51391484	1N(2204.7725)	NA	HexNAc(4)Hex(5)NeuAc(2) % 2204.7724	2.38	0	nISDGFDGIPDNVDAALALPAHSYSGR	N(59.23)I(0.00)S(0.00)D(0.00)G(0.00)F(0.00)D(0.00)G(0.00)I(0.00)P(0.00)D(0.00)N(0.00)V(0.00)D(0.00)A(0.00)A(0.00)L(0.00)A(0.00)L(0.00)P(0.00)A(0.00)H(0.00)S(0.00)Y(0.00)S(0.00)G(0.00)R(0.00)	N1	1	N(11.32)I(0.00)S(0.00)D(0.00)G(0.00)F(0.00)D(0.00)G(0.00)I(0.00)P(0.00)D(0.00)N(0.00)V(0.00)D(0.00)A(0.00)A(0.00)L(0.00)A(0.00)L(0.00)P(0.00)A(0.00)H(0.00)S(0.00)Y(0.00)S(0.00)G(0.00)R(0.00)	N(1)I(0)S(0)D(0)G(0)F(0)D(0)G(0)I(0)P(0)D(0)N(0)V(0)D(0)A(0)A(0)L(0)A(0)L(0)P(0)A(0)H(0)S(0)Y(0)S(0)G(0)R(0)	59.228043	19	0	0	62.450123	21	11.319773	1	0	0	0	FALSE	FALSE	TRUE	sp|P04004|VTNC_HUMAN	P04004	VTNC_HUMAN	VTN	Vitronectin			56137	4896.3804	56420	4866.866	4912.641	14.004001	24
240419_ES_R00006_MG_c00001_SA_NPB_3_i2.56191.56191.4	D:\SHARE\Tim\25-12-03_GD_Dataset\GD_dataset\NPB_3_i2\interact.pep.xml	NNATVHEQVGGPSLTSDLQAQSK	NN[2319]ATVHEQVGGPSLTSDLQAQSK	VYDDGEEK.NNATVHEQVGGPSLTSDLQAQSK.GNPEQTPV	K	G	23	4	4878.6953	4585.963	4585.936	1147.498	1147.4913	4584.9346	1147.241	1.0017	0.000201488	24.283	6.649	1	0	2	0	85	107	23725638	2N(2204.7725)	NA	HexNAc(4)Hex(5)NeuAc(2) % 2204.7724	6.92	0	NnATVHEQVGGPSLTSDLQAQSK	N(0.00)N(24.28)A(0.00)T(0.00)V(0.00)H(0.00)E(0.00)Q(0.00)V(0.00)G(0.00)G(0.00)P(0.00)S(0.00)L(0.00)T(0.00)S(0.00)D(0.00)L(0.00)Q(0.00)A(0.00)Q(0.00)S(0.00)K(0.00)	N2	1	N(0.00)N(13.21)A(0.00)T(0.00)V(0.00)H(0.00)E(0.00)Q(0.00)V(0.00)G(0.00)G(0.00)P(0.00)S(0.00)L(0.00)T(0.00)S(0.00)D(0.00)L(0.00)Q(0.00)A(0.00)Q(0.00)S(0.00)K(0.00)	N(0)N(1)A(0)T(0)V(0)H(0)E(0)Q(0)V(0)G(0)G(0)P(0)S(0)L(0)T(0)S(0)D(0)L(0)Q(0)A(0)Q(0)S(0)K(0)	24.28357	6	0	0	23.01409	5	13.206982	1	0	0	0	FALSE	FALSE	FALSE	sp|P04004|VTNC_HUMAN	P04004	VTNC_HUMAN	VTN	Vitronectin		tr|F5GX75|F5GX75_HUMAN	56162	4874.599	56137	4783.02	5361.823	15.830001	417
240419_ES_R00006_MG_c00001_SA_NPB_3_i2.56216.56216.4	D:\SHARE\Tim\25-12-03_GD_Dataset\GD_dataset\NPB_3_i2\interact.pep.xml	NISDGFDGIPDNVDAALALPAHSYSGR	N[2684]ISDGFDGIPDNVDAALALPAHSYSGR	VLDPDYPR.NISDGFDGIPDNVDAALALPAHSYSGR.ERVYFFKG	R	E	27	4	4880.6133	5341.2534	5341.2383	1336.3206	1336.3169	5341.2197	1336.3123	0.0188	0	56.82	9.025	1	0	2	0	242	268	0	1N(2569.9045)	NA	HexNAc(5)Hex(6)NeuAc(2) % 2569.9046	2.58	0	nISDGFDGIPDNVDAALALPAHSYSGR	N(51.05)I(0.00)S(0.00)D(0.00)G(0.00)F(0.00)D(0.00)G(0.00)I(0.00)P(0.00)D(0.00)N(0.00)V(0.00)D(0.00)A(0.00)A(0.00)L(0.00)A(0.00)L(0.00)P(0.00)A(0.00)H(0.00)S(0.00)Y(0.00)S(0.00)G(0.00)R(0.00)	N1	1	N(6.14)I(0.00)S(0.00)D(0.00)G(0.00)F(0.00)D(0.00)G(0.00)I(0.00)P(0.00)D(0.00)N(0.00)V(0.00)D(0.00)A(0.00)A(0.00)L(0.00)A(0.00)L(0.00)P(0.00)A(0.00)H(0.00)S(0.00)Y(0.00)S(0.00)G(0.00)R(0.00)	N(0)I(0)S(0)D(0)G(0)F(0)D(0)G(0)I(0)P(0)D(0)N(0)V(0)D(0)A(0)A(0)L(0)A(0)L(0)P(0)A(0)H(0)S(0)Y(0)S(0)G(0)R(0)	51.047497	18	0	0	56.820282	22	6.142579	0	0	0	0	FALSE	FALSE	TRUE	sp|P04004|VTNC_HUMAN	P04004	VTNC_HUMAN	VTN	Vitronectin			56186	0	0	0	0	0	0
240419_ES_R00006_MG_c00001_SA_NPB_3_i2.56219.56219.3	D:\SHARE\Tim\25-12-03_GD_Dataset\GD_dataset\NPB_3_i2\interact.pep.xml	NISDGFDGIPDNVDAALALPAHSYSGR	N[2028]ISDGFDGIPDNVDAALALPAHSYSGR	VLDPDYPR.NISDGFDGIPDNVDAALALPAHSYSGR.ERVYFFKG	R	E	27	3	4880.8184	4684.9697	4684.966	1562.6638	1562.6626	4684.9922	1562.6714	-0.0262	0	56.628	11.981	1	0	2	0	242	268	0	1N(1913.6770)	NA	HexNAc(4)Hex(5)NeuAc(1) % 1913.6770	3.05	0	nISDGFDGIPDNVDAALALPAHSYSGR	N(54.61)I(0.00)S(0.00)D(0.00)G(0.00)F(0.00)D(0.00)G(0.00)I(0.00)P(0.00)D(0.00)N(0.00)V(0.00)D(0.00)A(0.00)A(0.00)L(0.00)A(0.00)L(0.00)P(0.00)A(0.00)H(0.00)S(0.00)Y(0.00)S(0.00)G(0.00)R(0.00)	N1	1	N(15.00)I(0.00)S(0.00)D(0.00)G(0.00)F(0.00)D(0.00)G(0.00)I(0.00)P(0.00)D(0.00)N(0.00)V(0.00)D(0.00)A(0.00)A(0.00)L(0.00)A(0.00)L(0.00)P(0.00)A(0.00)H(0.00)S(0.00)Y(0.00)S(0.00)G(0.00)R(0.00)	N(2)I(0)S(0)D(0)G(0)F(0)D(0)G(0)I(0)P(0)D(0)N(0)V(0)D(0)A(0)A(0)L(0)A(0)L(0)P(0)A(0)H(0)S(0)Y(0)S(0)G(0)R(0)	54.606617	17	0	0	56.6287	18	14.995946	2	0	0	0	FALSE	FALSE	TRUE	sp|P04004|VTNC_HUMAN	P04004	VTNC_HUMAN	VTN	Vitronectin			56186	0	0	0	0	0	0
240419_ES_R00006_MG_c00001_SA_NPB_3_i2.56230.56230.4	D:\SHARE\Tim\25-12-03_GD_Dataset\GD_dataset\NPB_3_i2\interact.pep.xml	NISDGFDGIPDNVDAALALPAHSYSGR	N[2975]ISDGFDGIPDNVDAALALPAHSYSGR	VLDPDYPR.NISDGFDGIPDNVDAALALPAHSYSGR.ERVYFFKG	R	E	27	4	4881.6587	5632.3276	5632.3193	1409.0892	1409.0871	5632.3149	1409.0861	0.0044	0	57.456	8.479	1	0	2	0	242	268	3341798140	1N(2861.0000)	NA	HexNAc(5)Hex(6)NeuAc(3) % 2861.0000	5.52	0	nISDGFDGIPDNVDAALALPAHSYSGR	N(52.90)I(0.00)S(0.00)D(0.00)G(0.00)F(0.00)D(0.00)G(0.00)I(0.00)P(0.00)D(0.00)N(0.00)V(0.00)D(0.00)A(0.00)A(0.00)L(0.00)A(0.00)L(0.00)P(0.00)A(0.00)H(0.00)S(0.00)Y(0.00)S(0.00)G(0.00)R(0.00)	N1	1	N(9.76)I(0.00)S(0.00)D(0.00)G(0.00)F(0.00)D(0.00)G(0.00)I(0.00)P(0.00)D(0.00)N(0.00)V(0.00)D(0.00)A(0.00)A(0.00)L(0.00)A(0.00)L(0.00)P(0.00)A(0.00)H(0.00)S(0.00)Y(0.00)S(0.00)G(0.00)R(0.00)	N(1)I(0)S(0)D(0)G(0)F(0)D(0)G(0)I(0)P(0)D(0)N(0)V(0)D(0)A(0)A(0)L(0)A(0)L(0)P(0)A(0)H(0)S(0)Y(0)S(0)G(0)R(0)	52.90271	18	0	0	57.45673	21	9.760664	1	0	0	0	FALSE	FALSE	TRUE	sp|P04004|VTNC_HUMAN	P04004	VTNC_HUMAN	VTN	Vitronectin			56209	4902.4194	56499	4816.3975	5035.431	42.814003	147
240419_ES_R00006_MG_c00001_SA_NPB_3_i2.56234.56234.3	D:\SHARE\Tim\25-12-03_GD_Dataset\GD_dataset\NPB_3_i2\interact.pep.xml	NISDGFDGIPDNVDAALALPAHSYSGR	N[2465]ISDGFDGIPDNVDAALALPAHSYSGR	VLDPDYPR.NISDGFDGIPDNVDAALALPAHSYSGR.ERVYFFKG	R	E	27	3	4882.0586	5122.1475	5122.1357	1708.3898	1708.3858	5122.1455	1708.3892	-0.0095	2.11E-05	26.2	6.902	1	0	2	0	242	268	15952181	1N(2350.8303)	NA	HexNAc(4)Hex(5)Fuc(1)NeuAc(2) % 2350.8303	2.33	0	nISDGFDGIPDNVDAALALPAHSYSGR	N(23.02)I(0.00)S(0.00)D(0.00)G(0.00)F(0.00)D(0.00)G(0.00)I(0.00)P(0.00)D(0.00)N(0.00)V(0.00)D(0.00)A(0.00)A(0.00)L(0.00)A(0.00)L(0.00)P(0.00)A(0.00)H(0.00)S(0.00)Y(0.00)S(0.00)G(0.00)R(0.00)	N1	1	N(4.71)I(0.00)S(0.00)D(0.00)G(0.00)F(0.00)D(0.00)G(0.00)I(0.00)P(0.00)D(0.00)N(0.00)V(0.00)D(0.00)A(0.00)A(0.00)L(0.00)A(0.00)L(0.00)P(0.00)A(0.00)H(0.00)S(0.00)Y(0.00)S(0.00)G(0.00)R(0.00)	N(0)I(0)S(0)D(0)G(0)F(0)D(0)G(0)I(0)P(0)D(0)N(0)V(0)D(0)A(0)A(0)L(0)A(0)L(0)P(0)A(0)H(0)S(0)Y(0)S(0)G(0)R(0)	23.01757	9	0	0	26.200611	11	4.707239	0	0	0	0	FALSE	FALSE	TRUE	sp|P04004|VTNC_HUMAN	P04004	VTNC_HUMAN	VTN	Vitronectin			56209	4885.157	56276	4873.178	4896.3804	11.579	9
240419_ES_R00006_MG_c00001_SA_NPB_3_i2.56253.56253.4	D:\SHARE\Tim\25-12-03_GD_Dataset\GD_dataset\NPB_3_i2\interact.pep.xml	NISDGFDGIPDNVDAALALPAHSYSGR	N[2830]ISDGFDGIPDNVDAALALPAHSYSGR	VLDPDYPR.NISDGFDGIPDNVDAALALPAHSYSGR.ERVYFFKG	R	E	27	4	4883.51	5487.29	5487.2734	1372.8298	1372.8256	5487.2773	1372.8267	-0.0039	6.38E-11	48.28	7.517	1	0	2	0	242	268	0	1N(2715.9624)	NA	HexNAc(5)Hex(6)Fuc(1)NeuAc(2) % 2715.9625	3.17	0	nISDGFDGIPDNVDAALALPAHSYSGR	N(45.05)I(0.00)S(0.00)D(0.00)G(0.00)F(0.00)D(0.00)G(0.00)I(0.00)P(0.00)D(0.00)N(0.00)V(0.00)D(0.00)A(0.00)A(0.00)L(0.00)A(0.00)L(0.00)P(0.00)A(0.00)H(0.00)S(0.00)Y(0.00)S(0.00)G(0.00)R(0.00)	N1	1	N(7.87)I(0.00)S(0.00)D(0.00)G(0.00)F(0.00)D(0.00)G(0.00)I(0.00)P(0.00)D(0.00)N(0.00)V(0.00)D(0.00)A(0.00)A(0.00)L(0.00)A(0.00)L(0.00)P(0.00)A(0.00)H(0.00)S(0.00)Y(0.00)S(0.00)G(0.00)R(0.00)	N(0)I(0)S(0)D(0)G(0)F(0)D(0)G(0)I(0)P(0)D(0)N(0)V(0)D(0)A(0)A(0)L(0)A(0)L(0)P(0)A(0)H(0)S(0)Y(0)S(0)G(0)R(0)	45.049297	15	0	0	48.280342	17	7.867905	0	0	0	0	FALSE	FALSE	TRUE	sp|P04004|VTNC_HUMAN	P04004	VTNC_HUMAN	VTN	Vitronectin			56229	0	0	0	0	0	0
240419_ES_R00006_MG_c00001_SA_NPB_3_i2.56297.56297.3	D:\SHARE\Tim\25-12-03_GD_Dataset\GD_dataset\NPB_3_i2\interact.pep.xml	NISDGFDGIPDNVDAALALPAHSYSGR	N[2465]ISDGFDGIPDNVDAALALPAHSYSGR	VLDPDYPR.NISDGFDGIPDNVDAALALPAHSYSGR.ERVYFFKG	R	E	27	3	4886.8687	5122.225	5122.217	1708.4156	1708.4129	5122.1455	1708.3892	0.0715	0	50.738	7.919	1	0	2	0	242	268	21010476	1N(2350.8303)	NA	HexNAc(4)Hex(5)Fuc(1)NeuAc(2) % 2350.8303	1.48	0	nISDGFDGIPDNVDAALALPAHSYSGR	N(48.52)I(0.00)S(0.00)D(0.00)G(0.00)F(0.00)D(0.00)G(0.00)I(0.00)P(0.00)D(0.00)N(0.00)V(0.00)D(0.00)A(0.00)A(0.00)L(0.00)A(0.00)L(0.00)P(0.00)A(0.00)H(0.00)S(0.00)Y(0.00)S(0.00)G(0.00)R(0.00)	N1	1	N(9.86)I(0.00)S(0.00)D(0.00)G(0.00)F(0.00)D(0.00)G(0.00)I(0.00)P(0.00)D(0.00)N(0.00)V(0.00)D(0.00)A(0.00)A(0.00)L(0.00)A(0.00)L(0.00)P(0.00)A(0.00)H(0.00)S(0.00)Y(0.00)S(0.00)G(0.00)R(0.00)	N(0)I(0)S(0)D(0)G(0)F(0)D(0)G(0)I(0)P(0)D(0)N(0)V(0)D(0)A(0)A(0)L(0)A(0)L(0)P(0)A(0)H(0)S(0)Y(0)S(0)G(0)R(0)	48.524418	15	0	0	50.73872	16	9.862146	0	0	0	0	FALSE	FALSE	TRUE	sp|P04004|VTNC_HUMAN	P04004	VTNC_HUMAN	VTN	Vitronectin			56276	4885.157	56276	4874.599	4896.3804	14.6640005	10
240419_ES_R00006_MG_c00001_SA_NPB_3_i2.56327.56327.3	D:\SHARE\Tim\25-12-03_GD_Dataset\GD_dataset\NPB_3_i2\interact.pep.xml	NISDGFDGIPDNVDAALALPAHSYSGR	N[2465]ISDGFDGIPDNVDAALALPAHSYSGR	VLDPDYPR.NISDGFDGIPDNVDAALALPAHSYSGR.ERVYFFKG	R	E	27	3	4889.1025	5122.1377	5122.1353	1708.3865	1708.3857	5122.1455	1708.3892	-0.01	8.00E-14	42.941	8.581	1	0	2	0	242	268	0	1N(2350.8303)	NA	HexNAc(4)Hex(5)Fuc(1)NeuAc(2) % 2350.8303	0.42	0	nISDGFDGIPDNVDAALALPAHSYSGR	N(42.94)I(0.00)S(0.00)D(0.00)G(0.00)F(0.00)D(0.00)G(0.00)I(0.00)P(0.00)D(0.00)N(0.00)V(0.00)D(0.00)A(0.00)A(0.00)L(0.00)A(0.00)L(0.00)P(0.00)A(0.00)H(0.00)S(0.00)Y(0.00)S(0.00)G(0.00)R(0.00)	N1	1	N(11.19)I(0.00)S(0.00)D(0.00)G(0.00)F(0.00)D(0.00)G(0.00)I(0.00)P(0.00)D(0.00)N(0.00)V(0.00)D(0.00)A(0.00)A(0.00)L(0.00)A(0.00)L(0.00)P(0.00)A(0.00)H(0.00)S(0.00)Y(0.00)S(0.00)G(0.00)R(0.00)	N(2)I(0)S(0)D(0)G(0)F(0)D(0)G(0)I(0)P(0)D(0)N(0)V(0)D(0)A(0)A(0)L(0)A(0)L(0)P(0)A(0)H(0)S(0)Y(0)S(0)G(0)R(0)	42.941353	15	0	0	42.62116	15	11.188411	2	0	0	0	FALSE	FALSE	TRUE	sp|P04004|VTNC_HUMAN	P04004	VTNC_HUMAN	VTN	Vitronectin			56292	0	0	0	0	0	0
240419_ES_R00006_MG_c00001_SA_NPB_3_i2.56368.56368.4	D:\SHARE\Tim\25-12-03_GD_Dataset\GD_dataset\NPB_3_i2\interact.pep.xml	NISDGFDGIPDNVDAALALPAHSYSGR	N[2465]ISDGFDGIPDNVDAALALPAHSYSGR	VLDPDYPR.NISDGFDGIPDNVDAALALPAHSYSGR.ERVYFFKG	R	E	27	4	4892.2563	5124.1436	5124.151	1282.0432	1282.045	5122.1455	1281.5437	2.0056	0	56.087	8.831	1	0	2	0	242	268	0	1N(2350.8303)	NA	HexNAc(4)Hex(5)Fuc(1)NeuAc(2) % 2350.8303	6.09	0	nISDGFDGIPDNVDAALALPAHSYSGR	N(51.32)I(0.00)S(0.00)D(0.00)G(0.00)F(0.00)D(0.00)G(0.00)I(0.00)P(0.00)D(0.00)N(0.00)V(0.00)D(0.00)A(0.00)A(0.00)L(0.00)A(0.00)L(0.00)P(0.00)A(0.00)H(0.00)S(0.00)Y(0.00)S(0.00)G(0.00)R(0.00)	N1	1	N(9.82)I(0.00)S(0.00)D(0.00)G(0.00)F(0.00)D(0.00)G(0.00)I(0.00)P(0.00)D(0.00)N(0.00)V(0.00)D(0.00)A(0.00)A(0.00)L(0.00)A(0.00)L(0.00)P(0.00)A(0.00)H(0.00)S(0.00)Y(0.00)S(0.00)G(0.00)R(0.00)	N(0)I(0)S(0)D(0)G(0)F(0)D(0)G(0)I(0)P(0)D(0)N(0)V(0)D(0)A(0)A(0)L(0)A(0)L(0)P(0)A(0)H(0)S(0)Y(0)S(0)G(0)R(0)	51.316654	16	0	0	56.087204	19	9.815319	0	0	0	0	FALSE	FALSE	TRUE	sp|P04004|VTNC_HUMAN	P04004	VTNC_HUMAN	VTN	Vitronectin			56339	0	0	0	0	0	0
240419_ES_R00006_MG_c00001_SA_NPB_3_i2.56394.56394.3	D:\SHARE\Tim\25-12-03_GD_Dataset\GD_dataset\NPB_3_i2\interact.pep.xml	NISDGFDGIPDNVDAALALPAHSYSGR	N[2465]ISDGFDGIPDNVDAALALPAHSYSGR	VLDPDYPR.NISDGFDGIPDNVDAALALPAHSYSGR.ERVYFFKG	R	E	27	3	4894.3667	5123.205	5123.207	1708.7423	1708.7429	5122.1455	1708.3892	1.0618	0	51.904	7.569	1	0	2	0	242	268	0	1N(2350.8303)	NA	HexNAc(4)Hex(5)Fuc(1)NeuAc(2) % 2350.8303	2.2	0	nISDGFDGIPDNVDAALALPAHSYSGR	N(45.50)I(0.00)S(0.00)D(0.00)G(0.00)F(0.00)D(0.00)G(0.00)I(0.00)P(0.00)D(0.00)N(0.00)V(0.00)D(0.00)A(0.00)A(0.00)L(0.00)A(0.00)L(0.00)P(0.00)A(0.00)H(0.00)S(0.00)Y(0.00)S(0.00)G(0.00)R(0.00)	N1	1	N(9.93)I(0.00)S(0.00)D(0.00)G(0.00)F(0.00)D(0.00)G(0.00)I(0.00)P(0.00)D(0.00)N(0.00)V(0.00)D(0.00)A(0.00)A(0.00)L(0.00)A(0.00)L(0.00)P(0.00)A(0.00)H(0.00)S(0.00)Y(0.00)S(0.00)G(0.00)R(0.00)	N(0)I(0)S(0)D(0)G(0)F(0)D(0)G(0)I(0)P(0)D(0)N(0)V(0)D(0)A(0)A(0)L(0)A(0)L(0)P(0)A(0)H(0)S(0)Y(0)S(0)G(0)R(0)	45.495064	14	0	0	51.90404	18	9.93158	0	0	0	0	FALSE	FALSE	TRUE	sp|P04004|VTNC_HUMAN	P04004	VTNC_HUMAN	VTN	Vitronectin			56378	0	0	0	0	0	0
240419_ES_R00006_MG_c00001_SA_NPB_3_i2.56397.56397.5	D:\SHARE\Tim\25-12-03_GD_Dataset\GD_dataset\NPB_3_i2\interact.pep.xml	NISDGFDGIPDNVDAALALPAHSYSGR	N[2684]ISDGFDGIPDNVDAALALPAHSYSGR	VLDPDYPR.NISDGFDGIPDNVDAALALPAHSYSGR.ERVYFFKG	R	E	27	5	4894.572	5341.248	5341.2373	1069.2569	1069.2547	5341.2197	1069.2512	0.0178	0	48.146	9.861	1	0	2	0	242	268	12039146	1N(2569.9045)	NA	HexNAc(5)Hex(6)NeuAc(2) % 2569.9046	2.02	0	nISDGFDGIPDNVDAALALPAHSYSGR	N(46.77)I(0.00)S(0.00)D(0.00)G(0.00)F(0.00)D(0.00)G(0.00)I(0.00)P(0.00)D(0.00)N(0.00)V(0.00)D(0.00)A(0.00)A(0.00)L(0.00)A(0.00)L(0.00)P(0.00)A(0.00)H(0.00)S(0.00)Y(0.00)S(0.00)G(0.00)R(0.00)	N1	1	N(9.47)I(0.00)S(0.00)D(0.00)G(0.00)F(0.00)D(0.00)G(0.00)I(0.00)P(0.00)D(0.00)N(0.00)V(0.00)D(0.00)A(0.00)A(0.00)L(0.00)A(0.00)L(0.00)P(0.00)A(0.00)H(0.00)S(0.00)Y(0.00)S(0.00)G(0.00)R(0.00)	N(1)I(0)S(0)D(0)G(0)F(0)D(0)G(0)I(0)P(0)D(0)N(0)V(0)D(0)A(0)A(0)L(0)A(0)L(0)P(0)A(0)H(0)S(0)Y(0)S(0)G(0)R(0)	46.773277	16	0	0	48.146362	17	9.474972	1	0	0	0	FALSE	FALSE	TRUE	sp|P04004|VTNC_HUMAN	P04004	VTNC_HUMAN	VTN	Vitronectin			56378	4896.3804	56420	4885.157	4899.157	7.214	8
240419_ES_R00006_MG_c00001_SA_NPB_3_i2.56402.56402.5	D:\SHARE\Tim\25-12-03_GD_Dataset\GD_dataset\NPB_3_i2\interact.pep.xml	NISDGFDGIPDNVDAALALPAHSYSGR	N[2684]ISDGFDGIPDNVDAALALPAHSYSGR	VLDPDYPR.NISDGFDGIPDNVDAALALPAHSYSGR.ERVYFFKG	R	E	27	5	4895.067	5343.2607	5343.237	1069.6594	1069.6547	5341.2197	1069.2512	2.0173	7.82E-11	52.954	10.319	1	0	2	0	242	268	12039146	1N(2569.9045)	NA	HexNAc(5)Hex(6)NeuAc(2) % 2569.9046	2.85	0	nISDGFDGIPDNVDAALALPAHSYSGR	N(48.28)I(0.00)S(0.00)D(0.00)G(0.00)F(0.00)D(0.00)G(0.00)I(0.00)P(0.00)D(0.00)N(0.00)V(0.00)D(0.00)A(0.00)A(0.00)L(0.00)A(0.00)L(0.00)P(0.00)A(0.00)H(0.00)S(0.00)Y(0.00)S(0.00)G(0.00)R(0.00)	N1	1	N(9.75)I(0.00)S(0.00)D(0.00)G(0.00)F(0.00)D(0.00)G(0.00)I(0.00)P(0.00)D(0.00)N(0.00)V(0.00)D(0.00)A(0.00)A(0.00)L(0.00)A(0.00)L(0.00)P(0.00)A(0.00)H(0.00)S(0.00)Y(0.00)S(0.00)G(0.00)R(0.00)	N(0)I(0)S(0)D(0)G(0)F(0)D(0)G(0)I(0)P(0)D(0)N(0)V(0)D(0)A(0)A(0)L(0)A(0)L(0)P(0)A(0)H(0)S(0)Y(0)S(0)G(0)R(0)	48.282448	15	0	0	52.954136	18	9.7505455	0	0	0	0	FALSE	FALSE	TRUE	sp|P04004|VTNC_HUMAN	P04004	VTNC_HUMAN	VTN	Vitronectin			56387	4896.3804	56420	4885.157	4899.157	7.214	8
240419_ES_R00006_MG_c00001_SA_NPB_3_i2.56421.56421.3	D:\SHARE\Tim\25-12-03_GD_Dataset\GD_dataset\NPB_3_i2\interact.pep.xml	NISDGFDGIPDNVDAALALPAHSYSGR	N[2465]ISDGFDGIPDNVDAALALPAHSYSGR	VLDPDYPR.NISDGFDGIPDNVDAALALPAHSYSGR.ERVYFFKG	R	E	27	3	4896.395	5123.118	5123.117	1708.7133	1708.7129	5122.1455	1708.3892	0.9719	4.20E-11	49.009	0	1	0	2	0	242	268	0	1N(2350.8303)	NA	HexNAc(4)Hex(5)Fuc(1)NeuAc(2) % 2350.8303	3.08	0	nISDGFDGIPDNVDAALALPAHSYSGR	N(45.54)I(0.00)S(0.00)D(0.00)G(0.00)F(0.00)D(0.00)G(0.00)I(0.00)P(0.00)D(0.00)N(0.00)V(0.00)D(0.00)A(0.00)A(0.00)L(0.00)A(0.00)L(0.00)P(0.00)A(0.00)H(0.00)S(0.00)Y(0.00)S(0.00)G(0.00)R(0.00)	N1	1	N(10.13)I(0.00)S(0.00)D(0.00)G(0.00)F(0.00)D(0.00)G(0.00)I(0.00)P(0.00)D(0.00)N(0.00)V(0.00)D(0.00)A(0.00)A(0.00)L(0.00)A(0.00)L(0.00)P(0.00)A(0.00)H(0.00)S(0.00)Y(0.00)S(0.00)G(0.00)R(0.00)	N(0)I(0)S(0)D(0)G(0)F(0)D(0)G(0)I(0)P(0)D(0)N(0)V(0)D(0)A(0)A(0)L(0)A(0)L(0)P(0)A(0)H(0)S(0)Y(0)S(0)G(0)R(0)	45.540802	14	0	0	49.009346	16	10.126448	0	0	0	0	FALSE	FALSE	TRUE	sp|P04004|VTNC_HUMAN	P04004	VTNC_HUMAN	VTN	Vitronectin			56398	0	0	0	0	0	0
240419_ES_R00006_MG_c00001_SA_NPB_3_i2.56424.56424.5	D:\SHARE\Tim\25-12-03_GD_Dataset\GD_dataset\NPB_3_i2\interact.pep.xml	NISDGFDGIPDNVDAALALPAHSYSGR	N[2684]ISDGFDGIPDNVDAALALPAHSYSGR	VLDPDYPR.NISDGFDGIPDNVDAALALPAHSYSGR.ERVYFFKG	R	E	27	5	4896.726	5342.273	5342.2407	1069.4619	1069.4554	5341.2197	1069.2512	1.0212	3.38E-09	43.729	10.007	1	0	2	0	242	268	13580757	1N(2569.9045)	NA	HexNAc(5)Hex(6)NeuAc(2) % 2569.9046	2.83	0	nISDGFDGIPDNVDAALALPAHSYSGR	N(39.39)I(0.00)S(0.00)D(0.00)G(0.00)F(0.00)D(0.00)G(0.00)I(0.00)P(0.00)D(0.00)N(0.00)V(0.00)D(0.00)A(0.00)A(0.00)L(0.00)A(0.00)L(0.00)P(0.00)A(0.00)H(0.00)S(0.00)Y(0.00)S(0.00)G(0.00)R(0.00)	N1	1	N(7.97)I(0.00)S(0.00)D(0.00)G(0.00)F(0.00)D(0.00)G(0.00)I(0.00)P(0.00)D(0.00)N(0.00)V(0.00)D(0.00)A(0.00)A(0.00)L(0.00)A(0.00)L(0.00)P(0.00)A(0.00)H(0.00)S(0.00)Y(0.00)S(0.00)G(0.00)R(0.00)	N(0)I(0)S(0)D(0)G(0)F(0)D(0)G(0)I(0)P(0)D(0)N(0)V(0)D(0)A(0)A(0)L(0)A(0)L(0)P(0)A(0)H(0)S(0)Y(0)S(0)G(0)R(0)	39.390705	13	0	0	43.729485	16	7.9712625	0	0	0	0	FALSE	FALSE	TRUE	sp|P04004|VTNC_HUMAN	P04004	VTNC_HUMAN	VTN	Vitronectin			56398	4902.4194	56499	4883.3013	4922.824	10.853001	19
240419_ES_R00006_MG_c00001_SA_NPB_3_i2.56441.56441.4	D:\SHARE\Tim\25-12-03_GD_Dataset\GD_dataset\NPB_3_i2\interact.pep.xml	NISDGFDGIPDNVDAALALPAHSYSGR	N[2319]ISDGFDGIPDNVDAALALPAHSYSGR	VLDPDYPR.NISDGFDGIPDNVDAALALPAHSYSGR.ERVYFFKG	R	E	27	4	4897.9185	4976.1143	4976.093	1245.0359	1245.0305	4976.0874	1245.0292	0.0054	0	62.288	9.521	1	0	2	0	242	268	0	1N(2204.7725)	NA	HexNAc(4)Hex(5)NeuAc(2) % 2204.7724	5.31	0	nISDGFDGIPDNVDAALALPAHSYSGR	N(58.82)I(0.00)S(0.00)D(0.00)G(0.00)F(0.00)D(0.00)G(0.00)I(0.00)P(0.00)D(0.00)N(0.00)V(0.00)D(0.00)A(0.00)A(0.00)L(0.00)A(0.00)L(0.00)P(0.00)A(0.00)H(0.00)S(0.00)Y(0.00)S(0.00)G(0.00)R(0.00)	N1	1	N(11.21)I(0.00)S(0.00)D(0.00)G(0.00)F(0.00)D(0.00)G(0.00)I(0.00)P(0.00)D(0.00)N(0.00)V(0.00)D(0.00)A(0.00)A(0.00)L(0.00)A(0.00)L(0.00)P(0.00)A(0.00)H(0.00)S(0.00)Y(0.00)S(0.00)G(0.00)R(0.00)	N(1)I(0)S(0)D(0)G(0)F(0)D(0)G(0)I(0)P(0)D(0)N(0)V(0)D(0)A(0)A(0)L(0)A(0)L(0)P(0)A(0)H(0)S(0)Y(0)S(0)G(0)R(0)	58.81558	19	0	0	62.288475	21	11.205867	1	0	0	0	FALSE	FALSE	TRUE	sp|P04004|VTNC_HUMAN	P04004	VTNC_HUMAN	VTN	Vitronectin			56420	0	0	0	0	0	0
240419_ES_R00006_MG_c00001_SA_NPB_3_i2.56444.56444.3	D:\SHARE\Tim\25-12-03_GD_Dataset\GD_dataset\NPB_3_i2\interact.pep.xml	NISDGFDGIPDNVDAALALPAHSYSGR	N[1663]ISDGFDGIPDNVDAALALPAHSYSGR	VLDPDYPR.NISDGFDGIPDNVDAALALPAHSYSGR.ERVYFFKG	R	E	27	3	4898.2446	4322.8843	4322.8687	1441.9687	1441.9635	4319.8599	1440.9606	3.0089	0	36.398	6.037	1	0	2	0	242	268	0	1N(1548.5448)	NA	HexNAc(3)Hex(4)NeuAc(1) % 1548.5448	2.14	0	nISDGFDGIPDNVDAALALPAHSYSGR	N(33.25)I(0.00)S(0.00)D(0.00)G(0.00)F(0.00)D(0.00)G(0.00)I(0.00)P(0.00)D(0.00)N(0.00)V(0.00)D(0.00)A(0.00)A(0.00)L(0.00)A(0.00)L(0.00)P(0.00)A(0.00)H(0.00)S(0.00)Y(0.00)S(0.00)G(0.00)R(0.00)	N1	1	N(5.37)I(0.00)S(0.00)D(0.00)G(0.00)F(0.00)D(0.00)G(0.00)I(0.00)P(0.00)D(0.00)N(0.00)V(0.00)D(0.00)A(0.00)A(0.00)L(0.00)A(0.00)L(0.00)P(0.00)A(0.00)H(0.00)S(0.00)Y(0.00)S(0.00)G(0.00)R(0.00)	N(0)I(0)S(0)D(0)G(0)F(0)D(0)G(0)I(0)P(0)D(0)N(0)V(0)D(0)A(0)A(0)L(0)A(0)L(0)P(0)A(0)H(0)S(0)Y(0)S(0)G(0)R(0)	33.249313	12	0	0	36.398453	14	5.3700147	0	0	0	0	FALSE	FALSE	TRUE	sp|P04004|VTNC_HUMAN	P04004	VTNC_HUMAN	VTN	Vitronectin			56420	0	0	0	0	0	0
240419_ES_R00006_MG_c00001_SA_NPB_3_i2.56454.56454.3	D:\SHARE\Tim\25-12-03_GD_Dataset\GD_dataset\NPB_3_i2\interact.pep.xml	NISDGFDGIPDNVDAALALPAHSYSGR	N[2028]ISDGFDGIPDNVDAALALPAHSYSGR	VLDPDYPR.NISDGFDGIPDNVDAALALPAHSYSGR.ERVYFFKG	R	E	27	3	4898.9355	4687.0195	4687.0156	1563.3471	1563.3458	4684.9922	1562.6714	2.0236	3.40E-13	50.069	9.582	1	0	2	0	242	268	0	1N(1913.6770)	NA	HexNAc(4)Hex(5)NeuAc(1) % 1913.6770	1.17	0	nISDGFDGIPDNVDAALALPAHSYSGR	N(46.75)I(0.00)S(0.00)D(0.00)G(0.00)F(0.00)D(0.00)G(0.00)I(0.00)P(0.00)D(0.00)N(0.00)V(0.00)D(0.00)A(0.00)A(0.00)L(0.00)A(0.00)L(0.00)P(0.00)A(0.00)H(0.00)S(0.00)Y(0.00)S(0.00)G(0.00)R(0.00)	N1	1	N(9.49)I(0.00)S(0.00)D(0.00)G(0.00)F(0.00)D(0.00)G(0.00)I(0.00)P(0.00)D(0.00)N(0.00)V(0.00)D(0.00)A(0.00)A(0.00)L(0.00)A(0.00)L(0.00)P(0.00)A(0.00)H(0.00)S(0.00)Y(0.00)S(0.00)G(0.00)R(0.00)	N(1)I(0)S(0)D(0)G(0)F(0)D(0)G(0)I(0)P(0)D(0)N(0)V(0)D(0)A(0)A(0)L(0)A(0)L(0)P(0)A(0)H(0)S(0)Y(0)S(0)G(0)R(0)	46.747105	16	0	0	50.069214	18	9.4852295	1	0	0	0	FALSE	FALSE	TRUE	sp|P04004|VTNC_HUMAN	P04004	VTNC_HUMAN	VTN	Vitronectin			56420	0	0	0	0	0	0
240419_ES_R00006_MG_c00001_SA_NPB_3_i2.56459.56459.4	D:\SHARE\Tim\25-12-03_GD_Dataset\GD_dataset\NPB_3_i2\interact.pep.xml	NISDGFDGIPDNVDAALALPAHSYSGR	N[2319]ISDGFDGIPDNVDAALALPAHSYSGR	VLDPDYPR.NISDGFDGIPDNVDAALALPAHSYSGR.ERVYFFKG	R	E	27	4	4899.4346	4976.059	4976.073	1245.022	1245.0255	4976.0874	1245.0292	-0.0142	0	59.364	7.832	1	0	2	0	242	268	62810024	1N(2204.7725)	NA	HexNAc(4)Hex(5)NeuAc(2) % 2204.7724	4.73	0	nISDGFDGIPDNVDAALALPAHSYSGR	N(52.84)I(0.00)S(0.00)D(0.00)G(0.00)F(0.00)D(0.00)G(0.00)I(0.00)P(0.00)D(0.00)N(0.00)V(0.00)D(0.00)A(0.00)A(0.00)L(0.00)A(0.00)L(0.00)P(0.00)A(0.00)H(0.00)S(0.00)Y(0.00)S(0.00)G(0.00)R(0.00)	N1	1	N(9.72)I(0.00)S(0.00)D(0.00)G(0.00)F(0.00)D(0.00)G(0.00)I(0.00)P(0.00)D(0.00)N(0.00)V(0.00)D(0.00)A(0.00)A(0.00)L(0.00)A(0.00)L(0.00)P(0.00)A(0.00)H(0.00)S(0.00)Y(0.00)S(0.00)G(0.00)R(0.00)	N(1)I(0)S(0)D(0)G(0)F(0)D(0)G(0)I(0)P(0)D(0)N(0)V(0)D(0)A(0)A(0)L(0)A(0)L(0)P(0)A(0)H(0)S(0)Y(0)S(0)G(0)R(0)	52.836872	18	0	0	59.36492	22	9.720612	1	0	0	0	FALSE	FALSE	TRUE	sp|P04004|VTNC_HUMAN	P04004	VTNC_HUMAN	VTN	Vitronectin			56440	4881.644	56229	4783.02	5058.8403	28.768002	177
240419_ES_R00006_MG_c00001_SA_NPB_3_i2.56500.56500.5	D:\SHARE\Tim\25-12-03_GD_Dataset\GD_dataset\NPB_3_i2\interact.pep.xml	NISDGFDGIPDNVDAALALPAHSYSGR	N[3121]ISDGFDGIPDNVDAALALPAHSYSGR	VLDPDYPR.NISDGFDGIPDNVDAALALPAHSYSGR.ERVYFFKG	R	E	27	5	4902.433	5778.3877	5778.3735	1156.6848	1156.682	5778.373	1156.6819	7.00E-04	0	54.54	14.598	1	0	2	0	242	268	2325030910	1N(3007.0579)	NA	HexNAc(5)Hex(6)Fuc(1)NeuAc(3) % 3007.0579	6.31	0	nISDGFDGIPDNVDAALALPAHSYSGR	N(54.03)I(0.00)S(0.00)D(0.00)G(0.00)F(0.00)D(0.00)G(0.00)I(0.00)P(0.00)D(0.00)N(0.00)V(0.00)D(0.00)A(0.00)A(0.00)L(0.00)A(0.00)L(0.00)P(0.00)A(0.00)H(0.00)S(0.00)Y(0.00)S(0.00)G(0.00)R(0.00)	N1	1	N(12.57)I(0.00)S(0.00)D(0.00)G(0.00)F(0.00)D(0.00)G(0.00)I(0.00)P(0.00)D(0.00)N(0.00)V(0.00)D(0.00)A(0.00)A(0.00)L(0.00)A(0.00)L(0.00)P(0.00)A(0.00)H(0.00)S(0.00)Y(0.00)S(0.00)G(0.00)R(0.00)	N(2)I(0)S(0)D(0)G(0)F(0)D(0)G(0)I(0)P(0)D(0)N(0)V(0)D(0)A(0)A(0)L(0)A(0)L(0)P(0)A(0)H(0)S(0)Y(0)S(0)G(0)R(0)	54.02813	18	0	0	54.54013	18	12.567461	2	0	0	0	FALSE	FALSE	TRUE	sp|P04004|VTNC_HUMAN	P04004	VTNC_HUMAN	VTN	Vitronectin			56481	4886.454	56292	4832.6514	4987.936	24.527	108
240419_ES_R00006_MG_c00001_SA_NPB_3_i2.56555.56555.3	D:\SHARE\Tim\25-12-03_GD_Dataset\GD_dataset\NPB_3_i2\interact.pep.xml	NISDGFDGIPDNVDAALALPAHSYSGR	N[2319]ISDGFDGIPDNVDAALALPAHSYSGR	VLDPDYPR.NISDGFDGIPDNVDAALALPAHSYSGR.ERVYFFKG	R	E	27	3	4906.798	4976.1475	4976.1465	1659.7231	1659.7228	4976.0874	1659.7031	0.0591	0	53.129	10.252	1	0	2	0	242	268	51391484	1N(2204.7725)	NA	HexNAc(4)Hex(5)NeuAc(2) % 2204.7724	2.58	0	nISDGFDGIPDNVDAALALPAHSYSGR	N(50.42)I(0.00)S(0.00)D(0.00)G(0.00)F(0.00)D(0.00)G(0.00)I(0.00)P(0.00)D(0.00)N(0.00)V(0.00)D(0.00)A(0.00)A(0.00)L(0.00)A(0.00)L(0.00)P(0.00)A(0.00)H(0.00)S(0.00)Y(0.00)S(0.00)G(0.00)R(0.00)	N1	1	N(8.62)I(0.00)S(0.00)D(0.00)G(0.00)F(0.00)D(0.00)G(0.00)I(0.00)P(0.00)D(0.00)N(0.00)V(0.00)D(0.00)A(0.00)A(0.00)L(0.00)A(0.00)L(0.00)P(0.00)A(0.00)H(0.00)S(0.00)Y(0.00)S(0.00)G(0.00)R(0.00)	N(1)I(0)S(0)D(0)G(0)F(0)D(0)G(0)I(0)P(0)D(0)N(0)V(0)D(0)A(0)A(0)L(0)A(0)L(0)P(0)A(0)H(0)S(0)Y(0)S(0)G(0)R(0)	50.417946	18	0	0	53.12994	20	8.6232815	1	0	0	0	FALSE	FALSE	TRUE	sp|P04004|VTNC_HUMAN	P04004	VTNC_HUMAN	VTN	Vitronectin			56530	4896.3804	56420	4886.454	4912.641	15.965001	16
240419_ES_R00006_MG_c00001_SA_NPB_3_i2.56570.56570.4	D:\SHARE\Tim\25-12-03_GD_Dataset\GD_dataset\NPB_3_i2\interact.pep.xml	NISDGFDGIPDNVDAALALPAHSYSGR	N[3121]ISDGFDGIPDNVDAALALPAHSYSGR	VLDPDYPR.NISDGFDGIPDNVDAALALPAHSYSGR.ERVYFFKG	R	E	27	4	4907.971	5778.3823	5778.3755	1445.6029	1445.6012	5778.373	1445.6006	0.0027	2.40E-13	49.736	6.738	1	0	2	0	242	268	5381704200	1N(3007.0579)	NA	HexNAc(5)Hex(6)Fuc(1)NeuAc(3) % 3007.0579	2.77	0	nISDGFDGIPDNVDAALALPAHSYSGR	N(45.11)I(0.00)S(0.00)D(0.00)G(0.00)F(0.00)D(0.00)G(0.00)I(0.00)P(0.00)D(0.00)N(0.00)V(0.00)D(0.00)A(0.00)A(0.00)L(0.00)A(0.00)L(0.00)P(0.00)A(0.00)H(0.00)S(0.00)Y(0.00)S(0.00)G(0.00)R(0.00)	N1	1	N(7.83)I(0.00)S(0.00)D(0.00)G(0.00)F(0.00)D(0.00)G(0.00)I(0.00)P(0.00)D(0.00)N(0.00)V(0.00)D(0.00)A(0.00)A(0.00)L(0.00)A(0.00)L(0.00)P(0.00)A(0.00)H(0.00)S(0.00)Y(0.00)S(0.00)G(0.00)R(0.00)	N(0)I(0)S(0)D(0)G(0)F(0)D(0)G(0)I(0)P(0)D(0)N(0)V(0)D(0)A(0)A(0)L(0)A(0)L(0)P(0)A(0)H(0)S(0)Y(0)S(0)G(0)R(0)	45.113735	15	0	0	49.73653	18	7.8304033	0	0	0	0	FALSE	FALSE	TRUE	sp|P04004|VTNC_HUMAN	P04004	VTNC_HUMAN	VTN	Vitronectin			56550	4886.454	56292	4816.3975	5034.243	22.673	149
240419_ES_R00006_MG_c00001_SA_NPB_3_i2.56597.56597.5	D:\SHARE\Tim\25-12-03_GD_Dataset\GD_dataset\NPB_3_i2\interact.pep.xml	NISDGFDGIPDNVDAALALPAHSYSGR	N[2975]ISDGFDGIPDNVDAALALPAHSYSGR	VLDPDYPR.NISDGFDGIPDNVDAALALPAHSYSGR.ERVYFFKG	R	E	27	5	4910.0254	5632.323	5632.317	1127.4719	1127.4707	5632.3149	1127.4703	0.002	6.90E-13	57.139	7.289	1	0	2	0	242	268	1467896450	1N(2861.0000)	NA	HexNAc(5)Hex(6)NeuAc(3) % 2861.0000	7.44	0	nISDGFDGIPDNVDAALALPAHSYSGR	N(55.14)I(0.00)S(0.00)D(0.00)G(0.00)F(0.00)D(0.00)G(0.00)I(0.00)P(0.00)D(0.00)N(0.00)V(0.00)D(0.00)A(0.00)A(0.00)L(0.00)A(0.00)L(0.00)P(0.00)A(0.00)H(0.00)S(0.00)Y(0.00)S(0.00)G(0.00)R(0.00)	N1	1	N(8.95)I(0.00)S(0.00)D(0.00)G(0.00)F(0.00)D(0.00)G(0.00)I(0.00)P(0.00)D(0.00)N(0.00)V(0.00)D(0.00)A(0.00)A(0.00)L(0.00)A(0.00)L(0.00)P(0.00)A(0.00)H(0.00)S(0.00)Y(0.00)S(0.00)G(0.00)R(0.00)	N(1)I(0)S(0)D(0)G(0)F(0)D(0)G(0)I(0)P(0)D(0)N(0)V(0)D(0)A(0)A(0)L(0)A(0)L(0)P(0)A(0)H(0)S(0)Y(0)S(0)G(0)R(0)	55.136116	19	0	0	57.139877	20	8.947707	1	0	0	0	FALSE	FALSE	TRUE	sp|P04004|VTNC_HUMAN	P04004	VTNC_HUMAN	VTN	Vitronectin			56584	4903.532	56513	4841.1055	4984.6753	42.197002	103
240419_ES_R00006_MG_c00001_SA_NPB_3_i2.56598.56598.3	D:\SHARE\Tim\25-12-03_GD_Dataset\GD_dataset\NPB_3_i2\interact.pep.xml	NISDGFDGIPDNVDAALALPAHSYSGR	N[2319]ISDGFDGIPDNVDAALALPAHSYSGR	VLDPDYPR.NISDGFDGIPDNVDAALALPAHSYSGR.ERVYFFKG	R	E	27	3	4910.2197	4977.099	4977.1035	1660.0403	1660.0418	4976.0874	1659.7031	1.0161	0	63.008	9.657	1	0	2	0	242	268	44993708	1N(2204.7725)	NA	HexNAc(4)Hex(5)NeuAc(2) % 2204.7724	4.37	0	nISDGFDGIPDNVDAALALPAHSYSGR	N(57.88)I(0.00)S(0.00)D(0.00)G(0.00)F(0.00)D(0.00)G(0.00)I(0.00)P(0.00)D(0.00)N(0.00)V(0.00)D(0.00)A(0.00)A(0.00)L(0.00)A(0.00)L(0.00)P(0.00)A(0.00)H(0.00)S(0.00)Y(0.00)S(0.00)G(0.00)R(0.00)	N1	1	N(11.96)I(0.00)S(0.00)D(0.00)G(0.00)F(0.00)D(0.00)G(0.00)I(0.00)P(0.00)D(0.00)N(0.00)V(0.00)D(0.00)A(0.00)A(0.00)L(0.00)A(0.00)L(0.00)P(0.00)A(0.00)H(0.00)S(0.00)Y(0.00)S(0.00)G(0.00)R(0.00)	N(0)I(0)S(0)D(0)G(0)F(0)D(0)G(0)I(0)P(0)D(0)N(0)V(0)D(0)A(0)A(0)L(0)A(0)L(0)P(0)A(0)H(0)S(0)Y(0)S(0)G(0)R(0)	57.879524	17	0	0	63.008865	20	11.959563	0	0	0	0	FALSE	FALSE	TRUE	sp|P04004|VTNC_HUMAN	P04004	VTNC_HUMAN	VTN	Vitronectin			56584	4897.8994	56440	4868.2744	4942.579	14.004001	39
240419_ES_R00006_MG_c00001_SA_NPB_3_i2.56691.56691.5	D:\SHARE\Tim\25-12-03_GD_Dataset\GD_dataset\NPB_3_i2\interact.pep.xml	FEDGVLDPDYPRNISDGFDGIPDNVDAALALPAHSYSGR	FEDGVLDPDYPRN[2319]ISDGFDGIPDNVDAALALPAHSYSGR	FKGSQYWR.FEDGVLDPDYPRNISDGFDGIPDNVDAALALPAHSYSGR.ERVYFFKG	R	E	39	5	4917.623	6379.7466	6379.731	1276.9566	1276.9535	6379.7231	1276.9519	0.0078	1.96E-08	39.328	7.125	1	0	2	1	230	268	0	13N(2204.7725)	NA	HexNAc(4)Hex(5)NeuAc(2) % 2204.7724	4.29	0	FEDGVLDPDYPRnISDGFDGIPDNVDAALALPAHSYSGR	F(0.00)E(0.00)D(0.00)G(0.00)V(0.00)L(0.00)D(0.00)P(0.00)D(0.00)Y(0.00)P(0.00)R(0.00)N(39.33)I(0.00)S(0.00)D(0.00)G(0.00)F(0.00)D(0.00)G(0.00)I(0.00)P(0.00)D(0.00)N(0.00)V(0.00)D(0.00)A(0.00)A(0.00)L(0.00)A(0.00)L(0.00)P(0.00)A(0.00)H(0.00)S(0.00)Y(0.00)S(0.00)G(0.00)R(0.00)	N13	1	F(0.00)E(0.00)D(0.00)G(0.00)V(0.00)L(0.00)D(0.00)P(0.00)D(0.00)Y(0.00)P(0.00)R(0.00)N(3.88)I(0.00)S(0.00)D(0.00)G(0.00)F(0.00)D(0.00)G(0.00)I(0.00)P(0.00)D(0.00)N(0.00)V(0.00)D(0.00)A(0.00)A(0.00)L(0.00)A(0.00)L(0.00)P(0.00)A(0.00)H(0.00)S(0.00)Y(0.00)S(0.00)G(0.00)R(0.00)	F(0)E(0)D(0)G(0)V(0)L(0)D(0)P(0)D(0)Y(0)P(0)R(0)N(0)I(0)S(0)D(0)G(0)F(0)D(0)G(0)I(0)P(0)D(0)N(0)V(0)D(0)A(0)A(0)L(0)A(0)L(0)P(0)A(0)H(0)S(0)Y(0)S(0)G(0)R(0)	39.328712	15	0	0	39.328712	15	3.8784661	0	0	0	0	FALSE	FALSE	TRUE	sp|P04004|VTNC_HUMAN	P04004	VTNC_HUMAN	VTN	Vitronectin			56675	0	0	0	0	0	0
240419_ES_R00006_MG_c00001_SA_NPB_3_i2.56731.56731.4	D:\SHARE\Tim\25-12-03_GD_Dataset\GD_dataset\NPB_3_i2\interact.pep.xml	FEDGVLDPDYPRNISDGFDGIPDNVDAALALPAHSYSGR	FEDGVLDPDYPRN[2319]ISDGFDGIPDNVDAALALPAHSYSGR	FKGSQYWR.FEDGVLDPDYPRNISDGFDGIPDNVDAALALPAHSYSGR.ERVYFFKG	R	E	39	4	4920.673	6380.727	6380.726	1596.189	1596.1888	6379.7231	1595.9381	1.0029	1.00E-14	28.302	0	1	0	2	1	230	268	0	13N(2204.7725)	NA	HexNAc(4)Hex(5)NeuAc(2) % 2204.7724	4.78	0	FEDGVLDPDYPRnISDGFDGIPDNVDAALALPAHSYSGR	F(0.00)E(0.00)D(0.00)G(0.00)V(0.00)L(0.00)D(0.00)P(0.00)D(0.00)Y(0.00)P(0.00)R(0.00)N(28.30)I(0.00)S(0.00)D(0.00)G(0.00)F(0.00)D(0.00)G(0.00)I(0.00)P(0.00)D(0.00)N(0.00)V(0.00)D(0.00)A(0.00)A(0.00)L(0.00)A(0.00)L(0.00)P(0.00)A(0.00)H(0.00)S(0.00)Y(0.00)S(0.00)G(0.00)R(0.00)	N13	1	F(0.00)E(0.00)D(0.00)G(0.00)V(0.00)L(0.00)D(0.00)P(0.00)D(0.00)Y(0.00)P(0.00)R(0.00)N(3.22)I(0.00)S(0.00)D(0.00)G(0.00)F(0.00)D(0.00)G(0.00)I(0.00)P(0.00)D(0.00)N(0.00)V(0.00)D(0.00)A(0.00)A(0.00)L(0.00)A(0.00)L(0.00)P(0.00)A(0.00)H(0.00)S(0.00)Y(0.00)S(0.00)G(0.00)R(0.00)	F(0)E(0)D(0)G(0)V(0)L(0)D(0)P(0)D(0)Y(0)P(0)R(0)N(0)I(0)S(0)D(0)G(0)F(0)D(0)G(0)I(0)P(0)D(0)N(0)V(0)D(0)A(0)A(0)L(0)A(0)L(0)P(0)A(0)H(0)S(0)Y(0)S(0)G(0)R(0)	28.302689	12	0	0	28.302689	12	3.2176352	0	0	0	0	FALSE	FALSE	TRUE	sp|P04004|VTNC_HUMAN	P04004	VTNC_HUMAN	VTN	Vitronectin			56706	0	0	0	0	0	0
240419_ES_R00006_MG_c00001_SA_NPB_3_i2.56733.56733.5	D:\SHARE\Tim\25-12-03_GD_Dataset\GD_dataset\NPB_3_i2\interact.pep.xml	FEDGVLDPDYPRNISDGFDGIPDNVDAALALPAHSYSGR	FEDGVLDPDYPRN[2319]ISDGFDGIPDNVDAALALPAHSYSGR	FKGSQYWR.FEDGVLDPDYPRNISDGFDGIPDNVDAALALPAHSYSGR.ERVYFFKG	R	E	39	5	4920.8096	6381.765	6381.7266	1277.3603	1277.3526	6379.7231	1276.9519	2.0034	6.68E-06	31.201	0	1	0	2	1	230	268	0	13N(2204.7725)	NA	HexNAc(4)Hex(5)NeuAc(2) % 2204.7724	4.12	0	FEDGVLDPDYPRnISDGFDGIPDNVDAALALPAHSYSGR	F(0.00)E(0.00)D(0.00)G(0.00)V(0.00)L(0.00)D(0.00)P(0.00)D(0.00)Y(0.00)P(0.00)R(0.00)N(31.20)I(0.00)S(0.00)D(0.00)G(0.00)F(0.00)D(0.00)G(0.00)I(0.00)P(0.00)D(0.00)N(0.00)V(0.00)D(0.00)A(0.00)A(0.00)L(0.00)A(0.00)L(0.00)P(0.00)A(0.00)H(0.00)S(0.00)Y(0.00)S(0.00)G(0.00)R(0.00)	N13	1	F(0.00)E(0.00)D(0.00)G(0.00)V(0.00)L(0.00)D(0.00)P(0.00)D(0.00)Y(0.00)P(0.00)R(0.00)N(3.83)I(0.00)S(0.00)D(0.00)G(0.00)F(0.00)D(0.00)G(0.00)I(0.00)P(0.00)D(0.00)N(0.00)V(0.00)D(0.00)A(0.00)A(0.00)L(0.00)A(0.00)L(0.00)P(0.00)A(0.00)H(0.00)S(0.00)Y(0.00)S(0.00)G(0.00)R(0.00)	F(0)E(0)D(0)G(0)V(0)L(0)D(0)P(0)D(0)Y(0)P(0)R(0)N(0)I(0)S(0)D(0)G(0)F(0)D(0)G(0)I(0)P(0)D(0)N(0)V(0)D(0)A(0)A(0)L(0)A(0)L(0)P(0)A(0)H(0)S(0)Y(0)S(0)G(0)R(0)	31.201769	12	0	0	31.201769	12	3.8286848	0	0	0	0	FALSE	FALSE	TRUE	sp|P04004|VTNC_HUMAN	P04004	VTNC_HUMAN	VTN	Vitronectin			56706	0	0	0	0	0	0
240419_ES_R00006_MG_c00001_SA_NPB_3_i2.56751.56751.4	D:\SHARE\Tim\25-12-03_GD_Dataset\GD_dataset\NPB_3_i2\interact.pep.xml	NNATVHEQVGGPSLTSDLQAQSK	NN[2319]ATVHEQVGGPSLTSDLQAQSK	VYDDGEEK.NNATVHEQVGGPSLTSDLQAQSK.GNPEQTPV	K	G	23	4	4922.198	4584.936	4584.9395	1147.2413	1147.2422	4584.9346	1147.241	0.0051	6.40E-05	30.513	9.4	1	0	2	0	85	107	21773772	2N(2204.7725)	NA	HexNAc(4)Hex(5)NeuAc(2) % 2204.7724	6.16	0	NnATVHEQVGGPSLTSDLQAQSK	N(0.00)N(30.51)A(0.00)T(0.00)V(0.00)H(0.00)E(0.00)Q(0.00)V(0.00)G(0.00)G(0.00)P(0.00)S(0.00)L(0.00)T(0.00)S(0.00)D(0.00)L(0.00)Q(0.00)A(0.00)Q(0.00)S(0.00)K(0.00)	N2	1	N(0.00)N(12.56)A(0.00)T(0.00)V(0.00)H(0.00)E(0.00)Q(0.00)V(0.00)G(0.00)G(0.00)P(0.00)S(0.00)L(0.00)T(0.00)S(0.00)D(0.00)L(0.00)Q(0.00)A(0.00)Q(0.00)S(0.00)K(0.00)	N(0)N(2)A(0)T(0)V(0)H(0)E(0)Q(0)V(0)G(0)G(0)P(0)S(0)L(0)T(0)S(0)D(0)L(0)Q(0)A(0)Q(0)S(0)K(0)	30.51392	10	0	0	29.268784	9	12.561192	2	0	0	0	FALSE	FALSE	FALSE	sp|P04004|VTNC_HUMAN	P04004	VTNC_HUMAN	VTN	Vitronectin		tr|F5GX75|F5GX75_HUMAN	56728	4906.3823	56550	4783.02	5164.219	15.830001	251
240419_ES_R00006_MG_c00001_SA_NPB_3_i2.56827.56827.3	D:\SHARE\Tim\25-12-03_GD_Dataset\GD_dataset\NPB_3_i2\interact.pep.xml	NISDGFDGIPDNVDAALALPAHSYSGR	N[2319]ISDGFDGIPDNVDAALALPAHSYSGR	VLDPDYPR.NISDGFDGIPDNVDAALALPAHSYSGR.ERVYFFKG	R	E	27	3	4928.269	4977.048	4977.047	1660.0233	1660.0229	4976.0874	1659.7031	0.9595	0	47.149	7.61	1	0	2	0	242	268	0	1N(2204.7725)	NA	HexNAc(4)Hex(5)NeuAc(2) % 2204.7724	3.59	0	nISDGFDGIPDNVDAALALPAHSYSGR	N(45.41)I(0.00)S(0.00)D(0.00)G(0.00)F(0.00)D(0.00)G(0.00)I(0.00)P(0.00)D(0.00)N(0.00)V(0.00)D(0.00)A(0.00)A(0.00)L(0.00)A(0.00)L(0.00)P(0.00)A(0.00)H(0.00)S(0.00)Y(0.00)S(0.00)G(0.00)R(0.00)	N1	1	N(8.13)I(0.00)S(0.00)D(0.00)G(0.00)F(0.00)D(0.00)G(0.00)I(0.00)P(0.00)D(0.00)N(0.00)V(0.00)D(0.00)A(0.00)A(0.00)L(0.00)A(0.00)L(0.00)P(0.00)A(0.00)H(0.00)S(0.00)Y(0.00)S(0.00)G(0.00)R(0.00)	N(0)I(0)S(0)D(0)G(0)F(0)D(0)G(0)I(0)P(0)D(0)N(0)V(0)D(0)A(0)A(0)L(0)A(0)L(0)P(0)A(0)H(0)S(0)Y(0)S(0)G(0)R(0)	45.412457	15	0	0	47.149582	16	8.125756	0	0	0	0	FALSE	FALSE	TRUE	sp|P04004|VTNC_HUMAN	P04004	VTNC_HUMAN	VTN	Vitronectin			56807	0	0	0	0	0	0
240419_ES_R00006_MG_c00001_SA_NPB_3_i2.56846.56846.3	D:\SHARE\Tim\25-12-03_GD_Dataset\GD_dataset\NPB_3_i2\interact.pep.xml	NISDGFDGIPDNVDAALALPAHSYSGR	N[2319]ISDGFDGIPDNVDAALALPAHSYSGR	VLDPDYPR.NISDGFDGIPDNVDAALALPAHSYSGR.ERVYFFKG	R	E	27	3	4929.778	4978.09	4978.093	1660.3706	1660.3716	4976.0874	1659.7031	2.0054	0	42.702	13.233	1	0	2	0	242	268	0	1N(2204.7725)	NA	HexNAc(4)Hex(5)NeuAc(2) % 2204.7724	5.24	0	nISDGFDGIPDNVDAALALPAHSYSGR	N(39.20)I(0.00)S(0.00)D(0.00)G(0.00)F(0.00)D(0.00)G(0.00)I(0.00)P(0.00)D(0.00)N(0.00)V(0.00)D(0.00)A(0.00)A(0.00)L(0.00)A(0.00)L(0.00)P(0.00)A(0.00)H(0.00)S(0.00)Y(0.00)S(0.00)G(0.00)R(0.00)	N1	1	N(9.40)I(0.00)S(0.00)D(0.00)G(0.00)F(0.00)D(0.00)G(0.00)I(0.00)P(0.00)D(0.00)N(0.00)V(0.00)D(0.00)A(0.00)A(0.00)L(0.00)A(0.00)L(0.00)P(0.00)A(0.00)H(0.00)S(0.00)Y(0.00)S(0.00)G(0.00)R(0.00)	N(0)I(0)S(0)D(0)G(0)F(0)D(0)G(0)I(0)P(0)D(0)N(0)V(0)D(0)A(0)A(0)L(0)A(0)L(0)P(0)A(0)H(0)S(0)Y(0)S(0)G(0)R(0)	39.19573	12	0	0	42.702484	14	9.398823	0	0	0	0	FALSE	FALSE	TRUE	sp|P04004|VTNC_HUMAN	P04004	VTNC_HUMAN	VTN	Vitronectin			56823	0	0	0	0	0	0
240419_ES_R00006_MG_c00001_SA_NPB_3_i2.56896.56896.4	D:\SHARE\Tim\25-12-03_GD_Dataset\GD_dataset\NPB_3_i2\interact.pep.xml	NNATVHEQVGGPSLTSDLQAQSK	NN[2028]ATVHEQVGGPSLTSDLQAQSK	VYDDGEEK.NNATVHEQVGGPSLTSDLQAQSK.GNPEQTPV	K	G	23	4	4933.8003	4293.854	4293.8345	1074.4708	1074.4659	4293.8389	1074.467	-0.0044	0.00287855	16.193	9.851	0.9998	0	2	0	85	107	0	2N(1913.6770)	NA	HexNAc(4)Hex(5)NeuAc(1) % 1913.6770	3.39	0	NnATVHEQVGGPSLTSDLQAQSK	N(0.00)N(16.19)A(0.00)T(0.00)V(0.00)H(0.00)E(0.00)Q(0.00)V(0.00)G(0.00)G(0.00)P(0.00)S(0.00)L(0.00)T(0.00)S(0.00)D(0.00)L(0.00)Q(0.00)A(0.00)Q(0.00)S(0.00)K(0.00)	N2	1	N(0.00)N(10.29)A(0.00)T(0.00)V(0.00)H(0.00)E(0.00)Q(0.00)V(0.00)G(0.00)G(0.00)P(0.00)S(0.00)L(0.00)T(0.00)S(0.00)D(0.00)L(0.00)Q(0.00)A(0.00)Q(0.00)S(0.00)K(0.00)	N(0)N(0)A(0)T(0)V(0)H(0)E(0)Q(0)V(0)G(0)G(0)P(0)S(0)L(0)T(0)S(0)D(0)L(0)Q(0)A(0)Q(0)S(0)K(0)	16.193079	3	0	0	16.193079	3	10.286318	0	0	0	0	FALSE	FALSE	FALSE	sp|P04004|VTNC_HUMAN	P04004	VTNC_HUMAN	VTN	Vitronectin		tr|F5GX75|F5GX75_HUMAN	56876	0	0	0	0	0	0
240419_ES_R00006_MG_c00001_SA_NPB_3_i2.56950.56950.5	D:\SHARE\Tim\25-12-03_GD_Dataset\GD_dataset\NPB_3_i2\interact.pep.xml	FEDGVLDPDYPRNISDGFDGIPDNVDAALALPAHSYSGR	FEDGVLDPDYPRN[2319]ISDGFDGIPDNVDAALALPAHSYSGR	FKGSQYWR.FEDGVLDPDYPRNISDGFDGIPDNVDAALALPAHSYSGR.ERVYFFKG	R	E	39	5	4937.882	6380.712	6380.7236	1277.1497	1277.152	6379.7231	1276.9519	1.0005	5.07E-07	34.679	0	1	0	2	1	230	268	0	13N(2204.7725)	NA	HexNAc(4)Hex(5)NeuAc(2) % 2204.7724	5.88	0	FEDGVLDPDYPRnISDGFDGIPDNVDAALALPAHSYSGR	F(0.00)E(0.00)D(0.00)G(0.00)V(0.00)L(0.00)D(0.00)P(0.00)D(0.00)Y(0.00)P(0.00)R(0.00)N(34.68)I(0.00)S(0.00)D(0.00)G(0.00)F(0.00)D(0.00)G(0.00)I(0.00)P(0.00)D(0.00)N(0.00)V(0.00)D(0.00)A(0.00)A(0.00)L(0.00)A(0.00)L(0.00)P(0.00)A(0.00)H(0.00)S(0.00)Y(0.00)S(0.00)G(0.00)R(0.00)	N13	1	F(0.00)E(0.00)D(0.00)G(0.00)V(0.00)L(0.00)D(0.00)P(0.00)D(0.00)Y(0.00)P(0.00)R(0.00)N(5.42)I(0.00)S(0.00)D(0.00)G(0.00)F(0.00)D(0.00)G(0.00)I(0.00)P(0.00)D(0.00)N(0.00)V(0.00)D(0.00)A(0.00)A(0.00)L(0.00)A(0.00)L(0.00)P(0.00)A(0.00)H(0.00)S(0.00)Y(0.00)S(0.00)G(0.00)R(0.00)	F(0)E(0)D(0)G(0)V(0)L(0)D(0)P(0)D(0)Y(0)P(0)R(0)N(0)I(0)S(0)D(0)G(0)F(0)D(0)G(0)I(0)P(0)D(0)N(0)V(0)D(0)A(0)A(0)L(0)A(0)L(0)P(0)A(0)H(0)S(0)Y(0)S(0)G(0)R(0)	34.679382	13	0	0	34.679382	13	5.42248	0	0	0	0	FALSE	FALSE	TRUE	sp|P04004|VTNC_HUMAN	P04004	VTNC_HUMAN	VTN	Vitronectin			56924	0	0	0	0	0	0
240419_ES_R00006_MG_c00001_SA_NPB_3_i2.56953.56953.3	D:\SHARE\Tim\25-12-03_GD_Dataset\GD_dataset\NPB_3_i2\interact.pep.xml	NNATVHEQVGGPSLTSDLQAQSK	NN[2319]ATVHEQVGGPSLTSDLQAQSK	VYDDGEEK.NNATVHEQVGGPSLTSDLQAQSK.GNPEQTPV	K	G	23	3	4938.1074	4584.94	4584.9346	1529.3206	1529.3188	4584.9346	1529.3188	2.00E-04	0.008856251	17.711	0	0.9957	0	2	0	85	107	0	2N(2204.7725)	NA	HexNAc(4)Hex(5)NeuAc(2) % 2204.7724	7.34	0	NnATVHEQVGGPSLTSDLQAQSK	N(0.00)N(17.71)A(0.00)T(0.00)V(0.00)H(0.00)E(0.00)Q(0.00)V(0.00)G(0.00)G(0.00)P(0.00)S(0.00)L(0.00)T(0.00)S(0.00)D(0.00)L(0.00)Q(0.00)A(0.00)Q(0.00)S(0.00)K(0.00)	N2	1	N(0.00)N(9.99)A(0.00)T(0.00)V(0.00)H(0.00)E(0.00)Q(0.00)V(0.00)G(0.00)G(0.00)P(0.00)S(0.00)L(0.00)T(0.00)S(0.00)D(0.00)L(0.00)Q(0.00)A(0.00)Q(0.00)S(0.00)K(0.00)	N(0)N(1)A(0)T(0)V(0)H(0)E(0)Q(0)V(0)G(0)G(0)P(0)S(0)L(0)T(0)S(0)D(0)L(0)Q(0)A(0)Q(0)S(0)K(0)	17.711372	5	0	0	15.642107	4	9.994934	1	0	0	0	FALSE	FALSE	FALSE	sp|P04004|VTNC_HUMAN	P04004	VTNC_HUMAN	VTN	Vitronectin		tr|F5GX75|F5GX75_HUMAN	56924	0	0	0	0	0	0
240419_ES_R00006_MG_c00001_SA_NPB_3_i2.56954.56954.4	D:\SHARE\Tim\25-12-03_GD_Dataset\GD_dataset\NPB_3_i2\interact.pep.xml	NISDGFDGIPDNVDAALALPAHSYSGR	N[2684]ISDGFDGIPDNVDAALALPAHSYSGR	VLDPDYPR.NISDGFDGIPDNVDAALALPAHSYSGR.ERVYFFKG	R	E	27	4	4938.1753	5342.248	5342.257	1336.5693	1336.5715	5341.2197	1336.3123	1.0374	2.00E-14	24.987	9.251	1	0	2	0	242	268	0	1N(2569.9045)	NA	HexNAc(5)Hex(6)NeuAc(2) % 2569.9046	0.83	0	nISDGFDGIPDNVDAALALPAHSYSGR	N(24.99)I(0.00)S(0.00)D(0.00)G(0.00)F(0.00)D(0.00)G(0.00)I(0.00)P(0.00)D(0.00)N(0.00)V(0.00)D(0.00)A(0.00)A(0.00)L(0.00)A(0.00)L(0.00)P(0.00)A(0.00)H(0.00)S(0.00)Y(0.00)S(0.00)G(0.00)R(0.00)	N1	1	N(4.34)I(0.00)S(0.00)D(0.00)G(0.00)F(0.00)D(0.00)G(0.00)I(0.00)P(0.00)D(0.00)N(0.00)V(0.00)D(0.00)A(0.00)A(0.00)L(0.00)A(0.00)L(0.00)P(0.00)A(0.00)H(0.00)S(0.00)Y(0.00)S(0.00)G(0.00)R(0.00)	N(0)I(0)S(0)D(0)G(0)F(0)D(0)G(0)I(0)P(0)D(0)N(0)V(0)D(0)A(0)A(0)L(0)A(0)L(0)P(0)A(0)H(0)S(0)Y(0)S(0)G(0)R(0)	24.987146	10	0	0	24.987146	10	4.342844	0	0	0	0	FALSE	FALSE	TRUE	sp|P04004|VTNC_HUMAN	P04004	VTNC_HUMAN	VTN	Vitronectin			56924	0	0	0	0	0	0
240419_ES_R00006_MG_c00001_SA_NPB_3_i2.56972.56972.4	D:\SHARE\Tim\25-12-03_GD_Dataset\GD_dataset\NPB_3_i2\interact.pep.xml	NISDGFDGIPDNVDAALALPAHSYSGR	N[2319]ISDGFDGIPDNVDAALALPAHSYSGR	VLDPDYPR.NISDGFDGIPDNVDAALALPAHSYSGR.ERVYFFKG	R	E	27	4	4939.5596	4977.087	4977.0757	1245.279	1245.2762	4976.0874	1245.0292	0.9883	0	36.667	9.483	1	0	2	0	242	268	19954792	1N(2204.7725)	NA	HexNAc(4)Hex(5)NeuAc(2) % 2204.7724	4.49	0	nISDGFDGIPDNVDAALALPAHSYSGR	N(35.13)I(0.00)S(0.00)D(0.00)G(0.00)F(0.00)D(0.00)G(0.00)I(0.00)P(0.00)D(0.00)N(0.00)V(0.00)D(0.00)A(0.00)A(0.00)L(0.00)A(0.00)L(0.00)P(0.00)A(0.00)H(0.00)S(0.00)Y(0.00)S(0.00)G(0.00)R(0.00)	N1	1	N(9.57)I(0.00)S(0.00)D(0.00)G(0.00)F(0.00)D(0.00)G(0.00)I(0.00)P(0.00)D(0.00)N(0.00)V(0.00)D(0.00)A(0.00)A(0.00)L(0.00)A(0.00)L(0.00)P(0.00)A(0.00)H(0.00)S(0.00)Y(0.00)S(0.00)G(0.00)R(0.00)	N(1)I(0)S(0)D(0)G(0)F(0)D(0)G(0)I(0)P(0)D(0)N(0)V(0)D(0)A(0)A(0)L(0)A(0)L(0)P(0)A(0)H(0)S(0)Y(0)S(0)G(0)R(0)	35.130867	12	0	0	36.66724	13	9.570185	1	0	0	0	FALSE	FALSE	TRUE	sp|P04004|VTNC_HUMAN	P04004	VTNC_HUMAN	VTN	Vitronectin			56947	4924.2764	56778	4783.02	5060.698	28.768002	179
240419_ES_R00006_MG_c00001_SA_NPB_3_i2.56993.56993.4	D:\SHARE\Tim\25-12-03_GD_Dataset\GD_dataset\NPB_3_i2\interact.pep.xml	FEDGVLDPDYPRNISDGFDGIPDNVDAALALPAHSYSGR	FEDGVLDPDYPRN[2319]ISDGFDGIPDNVDAALALPAHSYSGR	FKGSQYWR.FEDGVLDPDYPRNISDGFDGIPDNVDAALALPAHSYSGR.ERVYFFKG	R	E	39	4	4941.1743	6379.728	6379.725	1595.9393	1595.9385	6379.7231	1595.9381	0.002	1.23E-06	32.143	8.893	1	0	2	1	230	268	0	13N(2204.7725)	NA	HexNAc(4)Hex(5)NeuAc(2) % 2204.7724	4.39	0	FEDGVLDPDYPRnISDGFDGIPDNVDAALALPAHSYSGR	F(0.00)E(0.00)D(0.00)G(0.00)V(0.00)L(0.00)D(0.00)P(0.00)D(0.00)Y(0.00)P(0.00)R(0.00)N(32.14)I(0.00)S(0.00)D(0.00)G(0.00)F(0.00)D(0.00)G(0.00)I(0.00)P(0.00)D(0.00)N(0.00)V(0.00)D(0.00)A(0.00)A(0.00)L(0.00)A(0.00)L(0.00)P(0.00)A(0.00)H(0.00)S(0.00)Y(0.00)S(0.00)G(0.00)R(0.00)	N13	1	F(0.00)E(0.00)D(0.00)G(0.00)V(0.00)L(0.00)D(0.00)P(0.00)D(0.00)Y(0.00)P(0.00)R(0.00)N(3.09)I(0.00)S(0.00)D(0.00)G(0.00)F(0.00)D(0.00)G(0.00)I(0.00)P(0.00)D(0.00)N(0.00)V(0.00)D(0.00)A(0.00)A(0.00)L(0.00)A(0.00)L(0.00)P(0.00)A(0.00)H(0.00)S(0.00)Y(0.00)S(0.00)G(0.00)R(0.00)	F(0)E(0)D(0)G(0)V(0)L(0)D(0)P(0)D(0)Y(0)P(0)R(0)N(0)I(0)S(0)D(0)G(0)F(0)D(0)G(0)I(0)P(0)D(0)N(0)V(0)D(0)A(0)A(0)L(0)A(0)L(0)P(0)A(0)H(0)S(0)Y(0)S(0)G(0)R(0)	32.14325	14	0	0	32.14325	14	3.093494	0	0	0	0	FALSE	FALSE	TRUE	sp|P04004|VTNC_HUMAN	P04004	VTNC_HUMAN	VTN	Vitronectin			56968	0	0	0	0	0	0
240419_ES_R00006_MG_c00001_SA_NPB_3_i2.57018.57018.4	D:\SHARE\Tim\25-12-03_GD_Dataset\GD_dataset\NPB_3_i2\interact.pep.xml	NISDGFDGIPDNVDAALALPAHSYSGR	N[2684]ISDGFDGIPDNVDAALALPAHSYSGR	VLDPDYPR.NISDGFDGIPDNVDAALALPAHSYSGR.ERVYFFKG	R	E	27	4	4943.0664	5342.286	5342.245	1336.5788	1336.5685	5341.2197	1336.3123	1.0256	4.65E-06	20.087	6.725	0.9991	0	2	0	242	268	0	1N(2569.9045)	NA	HexNAc(5)Hex(6)NeuAc(2) % 2569.9046	1.88	0	nISDGFDGIPDNVDAALALPAHSYSGR	N(17.38)I(0.00)S(0.00)D(0.00)G(0.00)F(0.00)D(0.00)G(0.00)I(0.00)P(0.00)D(0.00)N(0.00)V(0.00)D(0.00)A(0.00)A(0.00)L(0.00)A(0.00)L(0.00)P(0.00)A(0.00)H(0.00)S(0.00)Y(0.00)S(0.00)G(0.00)R(0.00)	N1	1	N(5.54)I(0.00)S(0.00)D(0.00)G(0.00)F(0.00)D(0.00)G(0.00)I(0.00)P(0.00)D(0.00)N(0.00)V(0.00)D(0.00)A(0.00)A(0.00)L(0.00)A(0.00)L(0.00)P(0.00)A(0.00)H(0.00)S(0.00)Y(0.00)S(0.00)G(0.00)R(0.00)	N(0)I(0)S(0)D(0)G(0)F(0)D(0)G(0)I(0)P(0)D(0)N(0)V(0)D(0)A(0)A(0)L(0)A(0)L(0)P(0)A(0)H(0)S(0)Y(0)S(0)G(0)R(0)	17.377218	6	0	0	20.087532	8	5.536192	0	0	0	0	FALSE	FALSE	TRUE	sp|P04004|VTNC_HUMAN	P04004	VTNC_HUMAN	VTN	Vitronectin			56991	0	0	0	0	0	0
240419_ES_R00006_MG_c00001_SA_NPB_3_i2.57026.57026.4	D:\SHARE\Tim\25-12-03_GD_Dataset\GD_dataset\NPB_3_i2\interact.pep.xml	NISDGFDGIPDNVDAALALPAHSYSGR	N[2975]ISDGFDGIPDNVDAALALPAHSYSGR	VLDPDYPR.NISDGFDGIPDNVDAALALPAHSYSGR.ERVYFFKG	R	E	27	4	4943.6333	5632.3286	5632.3213	1409.0894	1409.0876	5632.3149	1409.0861	0.0063	0	55.56	7.045	1	0	2	0	242	268	119770584	1N(2861.0000)	NA	HexNAc(5)Hex(6)NeuAc(3) % 2861.0000	5.92	0	nISDGFDGIPDNVDAALALPAHSYSGR	N(52.27)I(0.00)S(0.00)D(0.00)G(0.00)F(0.00)D(0.00)G(0.00)I(0.00)P(0.00)D(0.00)N(0.00)V(0.00)D(0.00)A(0.00)A(0.00)L(0.00)A(0.00)L(0.00)P(0.00)A(0.00)H(0.00)S(0.00)Y(0.00)S(0.00)G(0.00)R(0.00)	N1	1	N(8.98)I(0.00)S(0.00)D(0.00)G(0.00)F(0.00)D(0.00)G(0.00)I(0.00)P(0.00)D(0.00)N(0.00)V(0.00)D(0.00)A(0.00)A(0.00)L(0.00)A(0.00)L(0.00)P(0.00)A(0.00)H(0.00)S(0.00)Y(0.00)S(0.00)G(0.00)R(0.00)	N(1)I(0)S(0)D(0)G(0)F(0)D(0)G(0)I(0)P(0)D(0)N(0)V(0)D(0)A(0)A(0)L(0)A(0)L(0)P(0)A(0)H(0)S(0)Y(0)S(0)G(0)R(0)	52.27269	18	0	0	55.560402	20	8.977817	1	0	0	0	FALSE	FALSE	TRUE	sp|P04004|VTNC_HUMAN	P04004	VTNC_HUMAN	VTN	Vitronectin			57012	4943.618	57025	4816.3975	5035.431	42.814003	147
240419_ES_R00006_MG_c00001_SA_NPB_3_i2.57028.57028.4	D:\SHARE\Tim\25-12-03_GD_Dataset\GD_dataset\NPB_3_i2\interact.pep.xml	NNATVHEQVGGPSLTSDLQAQSK	NN[2319]ATVHEQVGGPSLTSDLQAQSK	VYDDGEEK.NNATVHEQVGGPSLTSDLQAQSK.GNPEQTPV	K	G	23	4	4943.896	4584.9487	4584.9385	1147.2445	1147.2419	4584.9346	1147.241	0.0042	4.36E-05	30.943	11.124	0.9999	0	2	0	85	107	3872496.2	2N(2204.7725)	NA	HexNAc(4)Hex(5)NeuAc(2) % 2204.7724	5.88	0	NnATVHEQVGGPSLTSDLQAQSK	N(0.00)N(29.63)A(0.00)T(0.00)V(0.00)H(0.00)E(0.00)Q(0.00)V(0.00)G(0.00)G(0.00)P(0.00)S(0.00)L(0.00)T(0.00)S(0.00)D(0.00)L(0.00)Q(0.00)A(0.00)Q(0.00)S(0.00)K(0.00)	N2	1	N(0.00)N(10.08)A(0.00)T(0.00)V(0.00)H(0.00)E(0.00)Q(0.00)V(0.00)G(0.00)G(0.00)P(0.00)S(0.00)L(0.00)T(0.00)S(0.00)D(0.00)L(0.00)Q(0.00)A(0.00)Q(0.00)S(0.00)K(0.00)	N(0)N(1)A(0)T(0)V(0)H(0)E(0)Q(0)V(0)G(0)G(0)P(0)S(0)L(0)T(0)S(0)D(0)L(0)Q(0)A(0)Q(0)S(0)K(0)	29.631529	10	0	0	30.94322	11	10.082058	1	0	0	0	FALSE	FALSE	FALSE	sp|P04004|VTNC_HUMAN	P04004	VTNC_HUMAN	VTN	Vitronectin		tr|F5GX75|F5GX75_HUMAN	57012	4945.309	57047	4890.0044	5179.662	86.87701	197
240419_ES_R00006_MG_c00001_SA_NPB_3_i2.57073.57073.4	D:\SHARE\Tim\25-12-03_GD_Dataset\GD_dataset\NPB_3_i2\interact.pep.xml	NISDGFDGIPDNVDAALALPAHSYSGR	N[2684]ISDGFDGIPDNVDAALALPAHSYSGR	VLDPDYPR.NISDGFDGIPDNVDAALALPAHSYSGR.ERVYFFKG	R	E	27	4	4947.3247	5341.2607	5341.2476	1336.3225	1336.3192	5341.2197	1336.3123	0.0281	1.79E-06	17.522	9.377	1	0	2	0	242	268	4871032	1N(2569.9045)	NA	HexNAc(5)Hex(6)NeuAc(2) % 2569.9046	0.49	0	nISDGFDGIPDNVDAALALPAHSYSGR	N(15.42)I(0.00)S(0.00)D(0.00)G(0.00)F(0.00)D(0.00)G(0.00)I(0.00)P(0.00)D(0.00)N(0.00)V(0.00)D(0.00)A(0.00)A(0.00)L(0.00)A(0.00)L(0.00)P(0.00)A(0.00)H(0.00)S(0.00)Y(0.00)S(0.00)G(0.00)R(0.00)	N1	1	N(4.28)I(0.00)S(0.00)D(0.00)G(0.00)F(0.00)D(0.00)G(0.00)I(0.00)P(0.00)D(0.00)N(0.00)V(0.00)D(0.00)A(0.00)A(0.00)L(0.00)A(0.00)L(0.00)P(0.00)A(0.00)H(0.00)S(0.00)Y(0.00)S(0.00)G(0.00)R(0.00)	N(0)I(0)S(0)D(0)G(0)F(0)D(0)G(0)I(0)P(0)D(0)N(0)V(0)D(0)A(0)A(0)L(0)A(0)L(0)P(0)A(0)H(0)S(0)Y(0)S(0)G(0)R(0)	15.421629	6	0	0	17.522709	7	4.284662	0	0	0	0	FALSE	FALSE	TRUE	sp|P04004|VTNC_HUMAN	P04004	VTNC_HUMAN	VTN	Vitronectin			57047	4940.9644	56991	4935.87	4949.353	7.748	5
240419_ES_R00006_MG_c00001_SA_NPB_3_i2.57085.57085.3	D:\SHARE\Tim\25-12-03_GD_Dataset\GD_dataset\NPB_3_i2\interact.pep.xml	NNATVHEQVGGPSLTSDLQAQSK	NN[2319]ATVHEQVGGPSLTSDLQAQSK	VYDDGEEK.NNATVHEQVGGPSLTSDLQAQSK.GNPEQTPV	K	G	23	3	4948.3057	4586.9507	4586.9434	1529.9908	1529.9884	4584.9346	1529.3188	2.009	0.08948496	13.693	0	0.8163	0.000230947	2	0	85	107	0	2N(2204.7725)	NA	HexNAc(4)Hex(5)NeuAc(2) % 2204.7724	3.86	0	NnATVHEQVGGPSLTSDLQAQSK	N(0.00)N(13.69)A(0.00)T(0.00)V(0.00)H(0.00)E(0.00)Q(0.00)V(0.00)G(0.00)G(0.00)P(0.00)S(0.00)L(0.00)T(0.00)S(0.00)D(0.00)L(0.00)Q(0.00)A(0.00)Q(0.00)S(0.00)K(0.00)	N2	1	N(0.00)N(8.14)A(0.00)T(0.00)V(0.00)H(0.00)E(0.00)Q(0.00)V(0.00)G(0.00)G(0.00)P(0.00)S(0.00)L(0.00)T(0.00)S(0.00)D(0.00)L(0.00)Q(0.00)A(0.00)Q(0.00)S(0.00)K(0.00)	N(0)N(0)A(0)T(0)V(0)H(0)E(0)Q(0)V(0)G(0)G(0)P(0)S(0)L(0)T(0)S(0)D(0)L(0)Q(0)A(0)Q(0)S(0)K(0)	13.693097	3	0	0	13.693097	3	8.137249	0	0	0	0	FALSE	FALSE	FALSE	sp|P04004|VTNC_HUMAN	P04004	VTNC_HUMAN	VTN	Vitronectin		tr|F5GX75|F5GX75_HUMAN	57066	0	0	0	0	0	0
240419_ES_R00006_MG_c00001_SA_NPB_3_i2.57164.57164.5	D:\SHARE\Tim\25-12-03_GD_Dataset\GD_dataset\NPB_3_i2\interact.pep.xml	NISDGFDGIPDNVDAALALPAHSYSGR	N[3121]ISDGFDGIPDNVDAALALPAHSYSGR	VLDPDYPR.NISDGFDGIPDNVDAALALPAHSYSGR.ERVYFFKG	R	E	27	5	4954.4614	5778.391	5778.374	1156.6855	1156.6821	5778.373	1156.6819	0.0012	0	51.468	7.97	1	0	2	0	242	268	23036356	1N(3007.0579)	NA	HexNAc(5)Hex(6)Fuc(1)NeuAc(3) % 3007.0579	5.73	0	nISDGFDGIPDNVDAALALPAHSYSGR	N(49.22)I(0.00)S(0.00)D(0.00)G(0.00)F(0.00)D(0.00)G(0.00)I(0.00)P(0.00)D(0.00)N(0.00)V(0.00)D(0.00)A(0.00)A(0.00)L(0.00)A(0.00)L(0.00)P(0.00)A(0.00)H(0.00)S(0.00)Y(0.00)S(0.00)G(0.00)R(0.00)	N1	1	N(10.87)I(0.00)S(0.00)D(0.00)G(0.00)F(0.00)D(0.00)G(0.00)I(0.00)P(0.00)D(0.00)N(0.00)V(0.00)D(0.00)A(0.00)A(0.00)L(0.00)A(0.00)L(0.00)P(0.00)A(0.00)H(0.00)S(0.00)Y(0.00)S(0.00)G(0.00)R(0.00)	N(1)I(0)S(0)D(0)G(0)F(0)D(0)G(0)I(0)P(0)D(0)N(0)V(0)D(0)A(0)A(0)L(0)A(0)L(0)P(0)A(0)H(0)S(0)Y(0)S(0)G(0)R(0)	49.220856	16	0	0	51.46826	17	10.868878	1	0	0	0	FALSE	FALSE	TRUE	sp|P04004|VTNC_HUMAN	P04004	VTNC_HUMAN	VTN	Vitronectin			57147	4939.2134	56968	4832.6514	4987.936	24.527	108
240419_ES_R00006_MG_c00001_SA_NPB_3_i2.57224.57224.5	D:\SHARE\Tim\25-12-03_GD_Dataset\GD_dataset\NPB_3_i2\interact.pep.xml	FEDGVLDPDYPRNISDGFDGIPDNVDAALALPAHSYSGR	FEDGVLDPDYPRN[2319]ISDGFDGIPDNVDAALALPAHSYSGR	FKGSQYWR.FEDGVLDPDYPRNISDGFDGIPDNVDAALALPAHSYSGR.ERVYFFKG	R	E	39	5	4959.3813	6380.7515	6380.7295	1277.1576	1277.1532	6379.7231	1276.9519	1.0063	4.55E-12	37.331	10.7	1	0	2	1	230	268	0	13N(2204.7725)	NA	HexNAc(4)Hex(5)NeuAc(2) % 2204.7724	5.27	0	FEDGVLDPDYPRnISDGFDGIPDNVDAALALPAHSYSGR	F(0.00)E(0.00)D(0.00)G(0.00)V(0.00)L(0.00)D(0.00)P(0.00)D(0.00)Y(0.00)P(0.00)R(0.00)N(36.21)I(0.00)S(0.00)D(0.00)G(0.00)F(0.00)D(0.00)G(0.00)I(0.00)P(0.00)D(0.00)N(0.00)V(0.00)D(0.00)A(0.00)A(0.00)L(0.00)A(0.00)L(0.00)P(0.00)A(0.00)H(0.00)S(0.00)Y(0.00)S(0.00)G(0.00)R(0.00)	N13	1	F(0.00)E(0.00)D(0.00)G(0.00)V(0.00)L(0.00)D(0.00)P(0.00)D(0.00)Y(0.00)P(0.00)R(0.00)N(5.77)I(0.00)S(0.00)D(0.00)G(0.00)F(0.00)D(0.00)G(0.00)I(0.00)P(0.00)D(0.00)N(0.00)V(0.00)D(0.00)A(0.00)A(0.00)L(0.00)A(0.00)L(0.00)P(0.00)A(0.00)H(0.00)S(0.00)Y(0.00)S(0.00)G(0.00)R(0.00)	F(0)E(0)D(0)G(0)V(0)L(0)D(0)P(0)D(0)Y(0)P(0)R(0)N(0)I(0)S(0)D(0)G(0)F(0)D(0)G(0)I(0)P(0)D(0)N(0)V(0)D(0)A(0)A(0)L(0)A(0)L(0)P(0)A(0)H(0)S(0)Y(0)S(0)G(0)R(0)	36.20555	13	0	0	37.331085	14	5.770076	0	0	0	0	FALSE	FALSE	TRUE	sp|P04004|VTNC_HUMAN	P04004	VTNC_HUMAN	VTN	Vitronectin			57209	0	0	0	0	0	0
240419_ES_R00006_MG_c00001_SA_NPB_3_i2.57267.57267.5	D:\SHARE\Tim\25-12-03_GD_Dataset\GD_dataset\NPB_3_i2\interact.pep.xml	FEDGVLDPDYPRNISDGFDGIPDNVDAALALPAHSYSGR	FEDGVLDPDYPRN[2684]ISDGFDGIPDNVDAALALPAHSYSGR	FKGSQYWR.FEDGVLDPDYPRNISDGFDGIPDNVDAALALPAHSYSGR.ERVYFFKG	R	E	39	5	4962.687	6744.878	6744.8623	1349.9829	1349.9797	6744.8555	1349.9784	0.0071	0.000423156	20.994	0	1	0	2	1	230	268	0	13N(2569.9045)	NA	HexNAc(5)Hex(6)NeuAc(2) % 2569.9046	0.4	0	FEDGVLDPDYPRnISDGFDGIPDNVDAALALPAHSYSGR	F(0.00)E(0.00)D(0.00)G(0.00)V(0.00)L(0.00)D(0.00)P(0.00)D(0.00)Y(0.00)P(0.00)R(0.00)N(20.99)I(0.00)S(0.00)D(0.00)G(0.00)F(0.00)D(0.00)G(0.00)I(0.00)P(0.00)D(0.00)N(0.00)V(0.00)D(0.00)A(0.00)A(0.00)L(0.00)A(0.00)L(0.00)P(0.00)A(0.00)H(0.00)S(0.00)Y(0.00)S(0.00)G(0.00)R(0.00)	N13	1	F(0.00)E(0.00)D(0.00)G(0.00)V(0.00)L(0.00)D(0.00)P(0.00)D(0.00)Y(0.00)P(0.00)R(0.00)N(0.00)I(0.00)S(0.00)D(0.00)G(0.00)F(0.00)D(0.00)G(0.00)I(0.00)P(0.00)D(0.00)N(0.00)V(0.00)D(0.00)A(0.00)A(0.00)L(0.00)A(0.00)L(0.00)P(0.00)A(0.00)H(0.00)S(0.00)Y(0.00)S(0.00)G(0.00)R(0.00)	F(0)E(0)D(0)G(0)V(0)L(0)D(0)P(0)D(0)Y(0)P(0)R(0)N(0)I(0)S(0)D(0)G(0)F(0)D(0)G(0)I(0)P(0)D(0)N(0)V(0)D(0)A(0)A(0)L(0)A(0)L(0)P(0)A(0)H(0)S(0)Y(0)S(0)G(0)R(0)	20.994272	11	0	0	20.994272	11	0	0	0	0	0	FALSE	FALSE	TRUE	sp|P04004|VTNC_HUMAN	P04004	VTNC_HUMAN	VTN	Vitronectin			57251	0	0	0	0	0	0
240419_ES_R00006_MG_c00001_SA_NPB_3_i2.57281.57281.4	D:\SHARE\Tim\25-12-03_GD_Dataset\GD_dataset\NPB_3_i2\interact.pep.xml	NISDGFDGIPDNVDAALALPAHSYSGR	N[2319]ISDGFDGIPDNVDAALALPAHSYSGR	VLDPDYPR.NISDGFDGIPDNVDAALALPAHSYSGR.ERVYFFKG	R	E	27	4	4963.6636	4976.077	4976.0938	1245.0265	1245.0307	4976.0874	1245.0292	0.0063	0	39.242	9.025	1	0	2	0	242	268	10714160	1N(2204.7725)	NA	HexNAc(4)Hex(5)NeuAc(2) % 2204.7724	5.41	0	nISDGFDGIPDNVDAALALPAHSYSGR	N(39.24)I(0.00)S(0.00)D(0.00)G(0.00)F(0.00)D(0.00)G(0.00)I(0.00)P(0.00)D(0.00)N(0.00)V(0.00)D(0.00)A(0.00)A(0.00)L(0.00)A(0.00)L(0.00)P(0.00)A(0.00)H(0.00)S(0.00)Y(0.00)S(0.00)G(0.00)R(0.00)	N1	1	N(9.81)I(0.00)S(0.00)D(0.00)G(0.00)F(0.00)D(0.00)G(0.00)I(0.00)P(0.00)D(0.00)N(0.00)V(0.00)D(0.00)A(0.00)A(0.00)L(0.00)A(0.00)L(0.00)P(0.00)A(0.00)H(0.00)S(0.00)Y(0.00)S(0.00)G(0.00)R(0.00)	N(0)I(0)S(0)D(0)G(0)F(0)D(0)G(0)I(0)P(0)D(0)N(0)V(0)D(0)A(0)A(0)L(0)A(0)L(0)P(0)A(0)H(0)S(0)Y(0)S(0)G(0)R(0)	39.242313	12	0	0	39.242313	12	9.807008	0	0	0	0	FALSE	FALSE	TRUE	sp|P04004|VTNC_HUMAN	P04004	VTNC_HUMAN	VTN	Vitronectin			57263	4969.3594	57351	4920.395	5058.8403	20.569	90
240419_ES_R00006_MG_c00001_SA_NPB_3_i2.57282.57282.5	D:\SHARE\Tim\25-12-03_GD_Dataset\GD_dataset\NPB_3_i2\interact.pep.xml	NISDGFDGIPDNVDAALALPAHSYSGR	N[3121]ISDGFDGIPDNVDAALALPAHSYSGR	VLDPDYPR.NISDGFDGIPDNVDAALALPAHSYSGR.ERVYFFKG	R	E	27	5	4963.8584	5778.3867	5778.3745	1156.6846	1156.6822	5778.373	1156.6819	0.0017	0	39.257	0	1	0	2	0	242	268	14789339	1N(3007.0579)	NA	HexNAc(5)Hex(6)Fuc(1)NeuAc(3) % 3007.0579	4.55	0	nISDGFDGIPDNVDAALALPAHSYSGR	N(36.16)I(0.00)S(0.00)D(0.00)G(0.00)F(0.00)D(0.00)G(0.00)I(0.00)P(0.00)D(0.00)N(0.00)V(0.00)D(0.00)A(0.00)A(0.00)L(0.00)A(0.00)L(0.00)P(0.00)A(0.00)H(0.00)S(0.00)Y(0.00)S(0.00)G(0.00)R(0.00)	N1	1	N(7.54)I(0.00)S(0.00)D(0.00)G(0.00)F(0.00)D(0.00)G(0.00)I(0.00)P(0.00)D(0.00)N(0.00)V(0.00)D(0.00)A(0.00)A(0.00)L(0.00)A(0.00)L(0.00)P(0.00)A(0.00)H(0.00)S(0.00)Y(0.00)S(0.00)G(0.00)R(0.00)	N(0)I(0)S(0)D(0)G(0)F(0)D(0)G(0)I(0)P(0)D(0)N(0)V(0)D(0)A(0)A(0)L(0)A(0)L(0)P(0)A(0)H(0)S(0)Y(0)S(0)G(0)R(0)	36.15976	12	0	0	39.25778	14	7.537477	0	0	0	0	FALSE	FALSE	TRUE	sp|P04004|VTNC_HUMAN	P04004	VTNC_HUMAN	VTN	Vitronectin			57263	4943.618	57025	4834.6904	4979.7935	24.527	105
240419_ES_R00006_MG_c00001_SA_NPB_3_i2.57283.57283.5	D:\SHARE\Tim\25-12-03_GD_Dataset\GD_dataset\NPB_3_i2\interact.pep.xml	FEDGVLDPDYPRNISDGFDGIPDNVDAALALPAHSYSGR	FEDGVLDPDYPRN[2830]ISDGFDGIPDNVDAALALPAHSYSGR	FKGSQYWR.FEDGVLDPDYPRNISDGFDGIPDNVDAALALPAHSYSGR.ERVYFFKG	R	E	39	5	4963.9653	6890.9517	6890.935	1379.1976	1379.1943	6890.9131	1379.1899	0.022	0.001232396	19.137	18.385	1	0	2	1	230	268	0	13N(2715.9624)	NA	HexNAc(5)Hex(6)Fuc(1)NeuAc(2) % 2715.9625	-4.86	0.013769363	FEDGVLDPDYPRnISDGFDGIPDNVDAALALPAHSYSGR	F(0.00)E(0.00)D(0.00)G(0.00)V(0.00)L(0.00)D(0.00)P(0.00)D(0.00)Y(0.00)P(0.00)R(0.00)N(19.14)I(0.00)S(0.00)D(0.00)G(0.00)F(0.00)D(0.00)G(0.00)I(0.00)P(0.00)D(0.00)N(0.00)V(0.00)D(0.00)A(0.00)A(0.00)L(0.00)A(0.00)L(0.00)P(0.00)A(0.00)H(0.00)S(0.00)Y(0.00)S(0.00)G(0.00)R(0.00)	N13	1	F(0.00)E(0.00)D(0.00)G(0.00)V(0.00)L(0.00)D(0.00)P(0.00)D(0.00)Y(0.00)P(0.00)R(0.00)N(0.00)I(0.00)S(0.00)D(0.00)G(0.00)F(0.00)D(0.00)G(0.00)I(0.00)P(0.00)D(0.00)N(0.00)V(0.00)D(0.00)A(0.00)A(0.00)L(0.00)A(0.00)L(0.00)P(0.00)A(0.00)H(0.00)S(0.00)Y(0.00)S(0.00)G(0.00)R(0.00)	F(0)E(0)D(0)G(0)V(0)L(0)D(0)P(0)D(0)Y(0)P(0)R(0)N(0)I(0)S(0)D(0)G(0)F(0)D(0)G(0)I(0)P(0)D(0)N(0)V(0)D(0)A(0)A(0)L(0)A(0)L(0)P(0)A(0)H(0)S(0)Y(0)S(0)G(0)R(0)	19.137062	10	0	0	19.137062	10	0	0	0	0	0	FALSE	FALSE	TRUE	sp|P04004|VTNC_HUMAN	P04004	VTNC_HUMAN	VTN	Vitronectin			57263	0	0	0	0	0	0
240419_ES_R00006_MG_c00001_SA_NPB_3_i2.57327.57327.4	D:\SHARE\Tim\25-12-03_GD_Dataset\GD_dataset\NPB_3_i2\interact.pep.xml	FEDGVLDPDYPRNISDGFDGIPDNVDAALALPAHSYSGR	FEDGVLDPDYPRN[2465]ISDGFDGIPDNVDAALALPAHSYSGR	FKGSQYWR.FEDGVLDPDYPRNISDGFDGIPDNVDAALALPAHSYSGR.ERVYFFKG	R	E	39	4	4967.4463	6528.784	6528.7812	1633.2033	1633.2026	6525.7813	1632.4526	3.0002	0.01162787	14.238	0	0.8194	0.000230947	2	1	230	268	0	13N(2350.8303)	NA	HexNAc(4)Hex(5)Fuc(1)NeuAc(2) % 2350.8303	-4.18	0.011099899	FEDGVLDPDYPRnISDGFDGIPDNVDAALALPAHSYSGR	F(0.00)E(0.00)D(0.00)G(0.00)V(0.00)L(0.00)D(0.00)P(0.00)D(0.00)Y(0.00)P(0.00)R(0.00)N(14.24)I(0.00)S(0.00)D(0.00)G(0.00)F(0.00)D(0.00)G(0.00)I(0.00)P(0.00)D(0.00)N(0.00)V(0.00)D(0.00)A(0.00)A(0.00)L(0.00)A(0.00)L(0.00)P(0.00)A(0.00)H(0.00)S(0.00)Y(0.00)S(0.00)G(0.00)R(0.00)	N13	1	F(0.00)E(0.00)D(0.00)G(0.00)V(0.00)L(0.00)D(0.00)P(0.00)D(0.00)Y(0.00)P(0.00)R(0.00)N(0.00)I(0.00)S(0.00)D(0.00)G(0.00)F(0.00)D(0.00)G(0.00)I(0.00)P(0.00)D(0.00)N(0.00)V(0.00)D(0.00)A(0.00)A(0.00)L(0.00)A(0.00)L(0.00)P(0.00)A(0.00)H(0.00)S(0.00)Y(0.00)S(0.00)G(0.00)R(0.00)	F(0)E(0)D(0)G(0)V(0)L(0)D(0)P(0)D(0)Y(0)P(0)R(0)N(0)I(0)S(0)D(0)G(0)F(0)D(0)G(0)I(0)P(0)D(0)N(0)V(0)D(0)A(0)A(0)L(0)A(0)L(0)P(0)A(0)H(0)S(0)Y(0)S(0)G(0)R(0)	14.238287	7	0	0	14.238287	7	0	0	0	0	0	FALSE	FALSE	TRUE	sp|P04004|VTNC_HUMAN	P04004	VTNC_HUMAN	VTN	Vitronectin			57310	0	0	0	0	0	0
240419_ES_R00006_MG_c00001_SA_NPB_3_i2.57339.57339.3	D:\SHARE\Tim\25-12-03_GD_Dataset\GD_dataset\NPB_3_i2\interact.pep.xml	DLQSLEDILHQVENK	DLQSLEDILHQVEN[2319]K	TYQTKVDK.DLQSLEDILHQVENK.TSEVKQLI	K	T	15	3	4968.338	3984.6758	3984.6719	1329.2325	1329.2312	3984.6726	1329.2314	-7.00E-04	2.58E-05	27.854	0	1	0	2	0	65	79	551198590	14N(2204.7725)	NA	HexNAc(4)Hex(5)NeuAc(2) % 2204.7724	7.69	0	DLQSLEDILHQVEnK	D(0.00)L(0.00)Q(0.00)S(0.00)L(0.00)E(0.00)D(0.00)I(0.00)L(0.00)H(0.00)Q(0.00)V(0.00)E(0.00)N(27.83)K(0.00)	N14	1	D(0.00)L(0.00)Q(0.00)S(0.00)L(0.00)E(0.00)D(0.00)I(0.00)L(0.00)H(0.00)Q(0.00)V(0.00)E(0.00)N(11.26)K(0.00)	D(0)L(0)Q(0)S(0)L(0)E(0)D(0)I(0)L(0)H(0)Q(0)V(0)E(0)N(1)K(0)	27.825413	10	0	0	27.854183	10	11.259436	1	0	0	0	FALSE	FALSE	FALSE	tr|C9JC84|C9JC84_HUMAN	C9JC84	C9JC84_HUMAN	FGG	Fibrinogen gamma chain		"sp|P02679|FIBG_HUMAN, tr|C9JEU5|C9JEU5_HUMAN"	57323	4986.4175	57569	4961.324	5052.389	24.582	56
240419_ES_R00006_MG_c00001_SA_NPB_3_i2.57344.57344.4	D:\SHARE\Tim\25-12-03_GD_Dataset\GD_dataset\NPB_3_i2\interact.pep.xml	DLQSLEDILHQVENK	DLQSLEDILHQVEN[2319]K	TYQTKVDK.DLQSLEDILHQVENK.TSEVKQLI	K	T	15	4	4968.805	3984.6758	3984.6729	997.1762	997.1755	3984.6726	997.1754	2.00E-04	0.001912419	20.516	10.14	0.9998	0	2	0	65	79	532852480	14N(2204.7725)	NA	HexNAc(4)Hex(5)NeuAc(2) % 2204.7724	8.21	0	DLQSLEDILHQVEnK	D(0.00)L(0.00)Q(0.00)S(0.00)L(0.00)E(0.00)D(0.00)I(0.00)L(0.00)H(0.00)Q(0.00)V(0.00)E(0.00)N(18.70)K(0.00)	N14	1	D(0.00)L(0.00)Q(0.00)S(0.00)L(0.00)E(0.00)D(0.00)I(0.00)L(0.00)H(0.00)Q(0.00)V(0.00)E(0.00)N(10.32)K(0.00)	D(0)L(0)Q(0)S(0)L(0)E(0)D(0)I(0)L(0)H(0)Q(0)V(0)E(0)N(0)K(0)	18.703403	5	0	0	20.51685	6	10.318737	0	0	0	0	FALSE	FALSE	FALSE	tr|C9JC84|C9JC84_HUMAN	C9JC84	C9JC84_HUMAN	FGG	Fibrinogen gamma chain		"sp|P02679|FIBG_HUMAN, tr|C9JEU5|C9JEU5_HUMAN"	57323	4990.995	57628	4961.324	5062.099	23.277	63
240419_ES_R00006_MG_c00001_SA_NPB_3_i2.57352.57352.4	D:\SHARE\Tim\25-12-03_GD_Dataset\GD_dataset\NPB_3_i2\interact.pep.xml	NISDGFDGIPDNVDAALALPAHSYSGR	N[3121]ISDGFDGIPDNVDAALALPAHSYSGR	VLDPDYPR.NISDGFDGIPDNVDAALALPAHSYSGR.ERVYFFKG	R	E	27	4	4969.376	5778.3906	5778.378	1445.6049	1445.6018	5778.373	1445.6006	0.0051	0	36.261	8.022	1	0	2	0	242	268	43530568	1N(3007.0579)	NA	HexNAc(5)Hex(6)Fuc(1)NeuAc(3) % 3007.0579	3.4	0	nISDGFDGIPDNVDAALALPAHSYSGR	N(33.48)I(0.00)S(0.00)D(0.00)G(0.00)F(0.00)D(0.00)G(0.00)I(0.00)P(0.00)D(0.00)N(0.00)V(0.00)D(0.00)A(0.00)A(0.00)L(0.00)A(0.00)L(0.00)P(0.00)A(0.00)H(0.00)S(0.00)Y(0.00)S(0.00)G(0.00)R(0.00)	N1	1	N(7.86)I(0.00)S(0.00)D(0.00)G(0.00)F(0.00)D(0.00)G(0.00)I(0.00)P(0.00)D(0.00)N(0.00)V(0.00)D(0.00)A(0.00)A(0.00)L(0.00)A(0.00)L(0.00)P(0.00)A(0.00)H(0.00)S(0.00)Y(0.00)S(0.00)G(0.00)R(0.00)	N(0)I(0)S(0)D(0)G(0)F(0)D(0)G(0)I(0)P(0)D(0)N(0)V(0)D(0)A(0)A(0)L(0)A(0)L(0)P(0)A(0)H(0)S(0)Y(0)S(0)G(0)R(0)	33.481796	11	0	0	36.261734	13	7.861462	0	0	0	0	FALSE	FALSE	TRUE	sp|P04004|VTNC_HUMAN	P04004	VTNC_HUMAN	VTN	Vitronectin			57338	4947.8853	57080	4809.116	5034.243	22.673	150
240419_ES_R00006_MG_c00001_SA_NPB_3_i2.57355.57355.5	D:\SHARE\Tim\25-12-03_GD_Dataset\GD_dataset\NPB_3_i2\interact.pep.xml	FEDGVLDPDYPRNISDGFDGIPDNVDAALALPAHSYSGR	FEDGVLDPDYPRN[3121]ISDGFDGIPDNVDAALALPAHSYSGR	FKGSQYWR.FEDGVLDPDYPRNISDGFDGIPDNVDAALALPAHSYSGR.ERVYFFKG	R	E	39	5	4969.7124	7183.0537	7182.9956	1437.618	1437.6064	7182.0088	1437.4091	0.9871	0.000249316	22.913	17.842	1	0	2	1	230	268	0	13N(3007.0579)	NA	HexNAc(5)Hex(6)Fuc(1)NeuAc(3) % 3007.0579	-0.77	0	FEDGVLDPDYPRnISDGFDGIPDNVDAALALPAHSYSGR	F(0.00)E(0.00)D(0.00)G(0.00)V(0.00)L(0.00)D(0.00)P(0.00)D(0.00)Y(0.00)P(0.00)R(0.00)N(22.91)I(0.00)S(0.00)D(0.00)G(0.00)F(0.00)D(0.00)G(0.00)I(0.00)P(0.00)D(0.00)N(0.00)V(0.00)D(0.00)A(0.00)A(0.00)L(0.00)A(0.00)L(0.00)P(0.00)A(0.00)H(0.00)S(0.00)Y(0.00)S(0.00)G(0.00)R(0.00)	N13	1	F(0.00)E(0.00)D(0.00)G(0.00)V(0.00)L(0.00)D(0.00)P(0.00)D(0.00)Y(0.00)P(0.00)R(0.00)N(2.92)I(0.00)S(0.00)D(0.00)G(0.00)F(0.00)D(0.00)G(0.00)I(0.00)P(0.00)D(0.00)N(0.00)V(0.00)D(0.00)A(0.00)A(0.00)L(0.00)A(0.00)L(0.00)P(0.00)A(0.00)H(0.00)S(0.00)Y(0.00)S(0.00)G(0.00)R(0.00)	F(0)E(0)D(0)G(0)V(0)L(0)D(0)P(0)D(0)Y(0)P(0)R(0)N(0)I(0)S(0)D(0)G(0)F(0)D(0)G(0)I(0)P(0)D(0)N(0)V(0)D(0)A(0)A(0)L(0)A(0)L(0)P(0)A(0)H(0)S(0)Y(0)S(0)G(0)R(0)	22.91304	10	0	0	22.91304	10	2.9172301	0	0	0	0	FALSE	FALSE	TRUE	sp|P04004|VTNC_HUMAN	P04004	VTNC_HUMAN	VTN	Vitronectin			57338	0	0	0	0	0	0
240419_ES_R00006_MG_c00001_SA_NPB_3_i2.57387.57387.5	D:\SHARE\Tim\25-12-03_GD_Dataset\GD_dataset\NPB_3_i2\interact.pep.xml	NISDGFDGIPDNVDAALALPAHSYSGR	N[2975]ISDGFDGIPDNVDAALALPAHSYSGR	VLDPDYPR.NISDGFDGIPDNVDAALALPAHSYSGR.ERVYFFKG	R	E	27	5	4972.1987	5633.333	5633.3184	1127.6739	1127.671	5632.3149	1127.4703	1.0034	0	38.223	8.461	1	0	2	0	242	268	18575446	1N(2861.0000)	NA	HexNAc(5)Hex(6)NeuAc(3) % 2861.0000	7.73	0	nISDGFDGIPDNVDAALALPAHSYSGR	N(37.97)I(0.00)S(0.00)D(0.00)G(0.00)F(0.00)D(0.00)G(0.00)I(0.00)P(0.00)D(0.00)N(0.00)V(0.00)D(0.00)A(0.00)A(0.00)L(0.00)A(0.00)L(0.00)P(0.00)A(0.00)H(0.00)S(0.00)Y(0.00)S(0.00)G(0.00)R(0.00)	N1	1	N(11.41)I(0.00)S(0.00)D(0.00)G(0.00)F(0.00)D(0.00)G(0.00)I(0.00)P(0.00)D(0.00)N(0.00)V(0.00)D(0.00)A(0.00)A(0.00)L(0.00)A(0.00)L(0.00)P(0.00)A(0.00)H(0.00)S(0.00)Y(0.00)S(0.00)G(0.00)R(0.00)	N(1)I(0)S(0)D(0)G(0)F(0)D(0)G(0)I(0)P(0)D(0)N(0)V(0)D(0)A(0)A(0)L(0)A(0)L(0)P(0)A(0)H(0)S(0)Y(0)S(0)G(0)R(0)	37.971645	12	0	0	38.223152	12	11.405695	1	0	0	0	FALSE	FALSE	TRUE	sp|P04004|VTNC_HUMAN	P04004	VTNC_HUMAN	VTN	Vitronectin			57369	4956.7593	57192	4840.2354	4984.6753	42.197002	103
240419_ES_R00006_MG_c00001_SA_NPB_3_i2.57394.57394.4	D:\SHARE\Tim\25-12-03_GD_Dataset\GD_dataset\NPB_3_i2\interact.pep.xml	FEDGVLDPDYPRNISDGFDGIPDNVDAALALPAHSYSGR	FEDGVLDPDYPRN[2465]ISDGFDGIPDNVDAALALPAHSYSGR	FKGSQYWR.FEDGVLDPDYPRNISDGFDGIPDNVDAALALPAHSYSGR.ERVYFFKG	R	E	39	4	4972.6772	6525.786	6525.7837	1632.4538	1632.4532	6525.7432	1632.4431	0.0405	0.06978306	11.125	0	0.8813	0.000230947	2	1	230	268	0	13N(2350.7925)	NA	HexNAc(2)Hex(12) % 2350.7926	-2.73	0.00213961	FEDGVLDPDYPRnISDGFDGIPDNVDAALALPAHSYSGR	F(0.00)E(0.00)D(0.00)G(0.00)V(0.00)L(0.00)D(0.00)P(0.00)D(0.00)Y(0.00)P(0.00)R(0.00)N(11.13)I(0.00)S(0.00)D(0.00)G(0.00)F(0.00)D(0.00)G(0.00)I(0.00)P(0.00)D(0.00)N(0.00)V(0.00)D(0.00)A(0.00)A(0.00)L(0.00)A(0.00)L(0.00)P(0.00)A(0.00)H(0.00)S(0.00)Y(0.00)S(0.00)G(0.00)R(0.00)	N13	1	F(0.00)E(0.00)D(0.00)G(0.00)V(0.00)L(0.00)D(0.00)P(0.00)D(0.00)Y(0.00)P(0.00)R(0.00)N(0.00)I(0.00)S(0.00)D(0.00)G(0.00)F(0.00)D(0.00)G(0.00)I(0.00)P(0.00)D(0.00)N(0.00)V(0.00)D(0.00)A(0.00)A(0.00)L(0.00)A(0.00)L(0.00)P(0.00)A(0.00)H(0.00)S(0.00)Y(0.00)S(0.00)G(0.00)R(0.00)	F(0)E(0)D(0)G(0)V(0)L(0)D(0)P(0)D(0)Y(0)P(0)R(0)N(0)I(0)S(0)D(0)G(0)F(0)D(0)G(0)I(0)P(0)D(0)N(0)V(0)D(0)A(0)A(0)L(0)A(0)L(0)P(0)A(0)H(0)S(0)Y(0)S(0)G(0)R(0)	11.125754	5	0	0	11.125754	5	0	0	0	0	0	FALSE	FALSE	TRUE	sp|P04004|VTNC_HUMAN	P04004	VTNC_HUMAN	VTN	Vitronectin			57369	0	0	0	0	0	0
240419_ES_R00006_MG_c00001_SA_NPB_3_i2.57412.57412.5	D:\SHARE\Tim\25-12-03_GD_Dataset\GD_dataset\NPB_3_i2\interact.pep.xml	NISDGFDGIPDNVDAALALPAHSYSGR	N[2975]ISDGFDGIPDNVDAALALPAHSYSGR	VLDPDYPR.NISDGFDGIPDNVDAALALPAHSYSGR.ERVYFFKG	R	E	27	5	4974.1177	5632.335	5632.323	1127.4743	1127.4719	5632.3149	1127.4703	0.0083	3.81E-09	41.178	0	1	0	2	0	242	268	18575446	1N(2861.0000)	NA	HexNAc(5)Hex(6)NeuAc(3) % 2861.0000	5.02	0	nISDGFDGIPDNVDAALALPAHSYSGR	N(39.41)I(0.00)S(0.00)D(0.00)G(0.00)F(0.00)D(0.00)G(0.00)I(0.00)P(0.00)D(0.00)N(0.00)V(0.00)D(0.00)A(0.00)A(0.00)L(0.00)A(0.00)L(0.00)P(0.00)A(0.00)H(0.00)S(0.00)Y(0.00)S(0.00)G(0.00)R(0.00)	N1	1	N(8.15)I(0.00)S(0.00)D(0.00)G(0.00)F(0.00)D(0.00)G(0.00)I(0.00)P(0.00)D(0.00)N(0.00)V(0.00)D(0.00)A(0.00)A(0.00)L(0.00)A(0.00)L(0.00)P(0.00)A(0.00)H(0.00)S(0.00)Y(0.00)S(0.00)G(0.00)R(0.00)	N(0)I(0)S(0)D(0)G(0)F(0)D(0)G(0)I(0)P(0)D(0)N(0)V(0)D(0)A(0)A(0)L(0)A(0)L(0)P(0)A(0)H(0)S(0)Y(0)S(0)G(0)R(0)	39.41423	13	0	0	41.17862	14	8.150911	0	0	0	0	FALSE	FALSE	TRUE	sp|P04004|VTNC_HUMAN	P04004	VTNC_HUMAN	VTN	Vitronectin			57385	4956.7593	57192	4840.2354	4984.6753	42.197002	103
240419_ES_R00006_MG_c00001_SA_NPB_3_i2.57442.57442.5	D:\SHARE\Tim\25-12-03_GD_Dataset\GD_dataset\NPB_3_i2\interact.pep.xml	NISDGFDGIPDNVDAALALPAHSYSGR	N[3121]ISDGFDGIPDNVDAALALPAHSYSGR	VLDPDYPR.NISDGFDGIPDNVDAALALPAHSYSGR.ERVYFFKG	R	E	27	5	4976.5283	5779.3745	5779.375	1156.8822	1156.8823	5778.373	1156.6819	1.0022	0	39.324	8.164	1	0	2	0	242	268	8623385	1N(3007.0579)	NA	HexNAc(5)Hex(6)Fuc(1)NeuAc(3) % 3007.0579	6.15	0	nISDGFDGIPDNVDAALALPAHSYSGR	N(39.32)I(0.00)S(0.00)D(0.00)G(0.00)F(0.00)D(0.00)G(0.00)I(0.00)P(0.00)D(0.00)N(0.00)V(0.00)D(0.00)A(0.00)A(0.00)L(0.00)A(0.00)L(0.00)P(0.00)A(0.00)H(0.00)S(0.00)Y(0.00)S(0.00)G(0.00)R(0.00)	N1	1	N(11.59)I(0.00)S(0.00)D(0.00)G(0.00)F(0.00)D(0.00)G(0.00)I(0.00)P(0.00)D(0.00)N(0.00)V(0.00)D(0.00)A(0.00)A(0.00)L(0.00)A(0.00)L(0.00)P(0.00)A(0.00)H(0.00)S(0.00)Y(0.00)S(0.00)G(0.00)R(0.00)	N(0)I(0)S(0)D(0)G(0)F(0)D(0)G(0)I(0)P(0)D(0)N(0)V(0)D(0)A(0)A(0)L(0)A(0)L(0)P(0)A(0)H(0)S(0)Y(0)S(0)G(0)R(0)	39.32417	11	0	0	39.32417	11	11.593573	0	0	0	0	FALSE	FALSE	TRUE	sp|P04004|VTNC_HUMAN	P04004	VTNC_HUMAN	VTN	Vitronectin			57424	4966.058	57310	4832.6514	4987.936	24.527	108
240419_ES_R00006_MG_c00001_SA_NPB_3_i2.57464.57464.3	D:\SHARE\Tim\25-12-03_GD_Dataset\GD_dataset\NPB_3_i2\interact.pep.xml	NNATVHEQVGGPSLTSDLQAQSK	NN[2319]ATVHEQVGGPSLTSDLQAQSK	VYDDGEEK.NNATVHEQVGGPSLTSDLQAQSK.GNPEQTPV	K	G	23	3	4978.2173	4585.9053	4585.911	1529.6424	1529.6443	4584.9346	1529.3188	0.9768	0.01237371	14.13	0	0.9731	0.000230947	2	0	85	107	0	2N(2204.7725)	NA	HexNAc(4)Hex(5)NeuAc(2) % 2204.7724	2.45	0	NnATVHEQVGGPSLTSDLQAQSK	N(0.00)N(14.13)A(0.00)T(0.00)V(0.00)H(0.00)E(0.00)Q(0.00)V(0.00)G(0.00)G(0.00)P(0.00)S(0.00)L(0.00)T(0.00)S(0.00)D(0.00)L(0.00)Q(0.00)A(0.00)Q(0.00)S(0.00)K(0.00)	N2	1	N(0.00)N(12.24)A(0.00)T(0.00)V(0.00)H(0.00)E(0.00)Q(0.00)V(0.00)G(0.00)G(0.00)P(0.00)S(0.00)L(0.00)T(0.00)S(0.00)D(0.00)L(0.00)Q(0.00)A(0.00)Q(0.00)S(0.00)K(0.00)	N(0)N(1)A(0)T(0)V(0)H(0)E(0)Q(0)V(0)G(0)G(0)P(0)S(0)L(0)T(0)S(0)D(0)L(0)Q(0)A(0)Q(0)S(0)K(0)	14.130878	2	0	0	11.682636	1	12.236616	1	0	0	0	FALSE	FALSE	FALSE	sp|P04004|VTNC_HUMAN	P04004	VTNC_HUMAN	VTN	Vitronectin		tr|F5GX75|F5GX75_HUMAN	57440	0	0	0	0	0	0
240419_ES_R00006_MG_c00001_SA_NPB_3_i2.57487.57487.5	D:\SHARE\Tim\25-12-03_GD_Dataset\GD_dataset\NPB_3_i2\interact.pep.xml	FEDGVLDPDYPRNISDGFDGIPDNVDAALALPAHSYSGR	FEDGVLDPDYPRN[2319]ISDGFDGIPDNVDAALALPAHSYSGR	FKGSQYWR.FEDGVLDPDYPRNISDGFDGIPDNVDAALALPAHSYSGR.ERVYFFKG	R	E	39	5	4980.1626	6379.712	6379.6978	1276.9497	1276.9468	6379.7231	1276.9519	-0.0254	6.79E-06	27.173	8.912	1	0	2	1	230	268	0	13N(2204.7725)	NA	HexNAc(4)Hex(5)NeuAc(2) % 2204.7724	1.66	0	FEDGVLDPDYPRnISDGFDGIPDNVDAALALPAHSYSGR	F(0.00)E(0.00)D(0.00)G(0.00)V(0.00)L(0.00)D(0.00)P(0.00)D(0.00)Y(0.00)P(0.00)R(0.00)N(27.17)I(0.00)S(0.00)D(0.00)G(0.00)F(0.00)D(0.00)G(0.00)I(0.00)P(0.00)D(0.00)N(0.00)V(0.00)D(0.00)A(0.00)A(0.00)L(0.00)A(0.00)L(0.00)P(0.00)A(0.00)H(0.00)S(0.00)Y(0.00)S(0.00)G(0.00)R(0.00)	N13	1	F(0.00)E(0.00)D(0.00)G(0.00)V(0.00)L(0.00)D(0.00)P(0.00)D(0.00)Y(0.00)P(0.00)R(0.00)N(2.64)I(0.00)S(0.00)D(0.00)G(0.00)F(0.00)D(0.00)G(0.00)I(0.00)P(0.00)D(0.00)N(0.00)V(0.00)D(0.00)A(0.00)A(0.00)L(0.00)A(0.00)L(0.00)P(0.00)A(0.00)H(0.00)S(0.00)Y(0.00)S(0.00)G(0.00)R(0.00)	F(0)E(0)D(0)G(0)V(0)L(0)D(0)P(0)D(0)Y(0)P(0)R(0)N(0)I(0)S(0)D(0)G(0)F(0)D(0)G(0)I(0)P(0)D(0)N(0)V(0)D(0)A(0)A(0)L(0)A(0)L(0)P(0)A(0)H(0)S(0)Y(0)S(0)G(0)R(0)	27.173502	12	0	0	27.173502	12	2.6389143	0	0	0	0	FALSE	FALSE	TRUE	sp|P04004|VTNC_HUMAN	P04004	VTNC_HUMAN	VTN	Vitronectin			57471	0	0	0	0	0	0
240419_ES_R00006_MG_c00001_SA_NPB_3_i2.57522.57522.5	D:\SHARE\Tim\25-12-03_GD_Dataset\GD_dataset\NPB_3_i2\interact.pep.xml	FEDGVLDPDYPRNISDGFDGIPDNVDAALALPAHSYSGR	FEDGVLDPDYPRN[2319]ISDGFDGIPDNVDAALALPAHSYSGR	FKGSQYWR.FEDGVLDPDYPRNISDGFDGIPDNVDAALALPAHSYSGR.ERVYFFKG	R	E	39	5	4982.9043	6381.7363	6381.7256	1277.3545	1277.3524	6379.7231	1276.9519	2.0024	9.82E-07	32.532	0	1	0	2	1	230	268	0	13N(2204.7725)	NA	HexNAc(4)Hex(5)NeuAc(2) % 2204.7724	3.45	0	FEDGVLDPDYPRnISDGFDGIPDNVDAALALPAHSYSGR	F(0.00)E(0.00)D(0.00)G(0.00)V(0.00)L(0.00)D(0.00)P(0.00)D(0.00)Y(0.00)P(0.00)R(0.00)N(32.53)I(0.00)S(0.00)D(0.00)G(0.00)F(0.00)D(0.00)G(0.00)I(0.00)P(0.00)D(0.00)N(0.00)V(0.00)D(0.00)A(0.00)A(0.00)L(0.00)A(0.00)L(0.00)P(0.00)A(0.00)H(0.00)S(0.00)Y(0.00)S(0.00)G(0.00)R(0.00)	N13	1	F(0.00)E(0.00)D(0.00)G(0.00)V(0.00)L(0.00)D(0.00)P(0.00)D(0.00)Y(0.00)P(0.00)R(0.00)N(5.54)I(0.00)S(0.00)D(0.00)G(0.00)F(0.00)D(0.00)G(0.00)I(0.00)P(0.00)D(0.00)N(0.00)V(0.00)D(0.00)A(0.00)A(0.00)L(0.00)A(0.00)L(0.00)P(0.00)A(0.00)H(0.00)S(0.00)Y(0.00)S(0.00)G(0.00)R(0.00)	F(0)E(0)D(0)G(0)V(0)L(0)D(0)P(0)D(0)Y(0)P(0)R(0)N(1)I(0)S(0)D(0)G(0)F(0)D(0)G(0)I(0)P(0)D(0)N(0)V(0)D(0)A(0)A(0)L(0)A(0)L(0)P(0)A(0)H(0)S(0)Y(0)S(0)G(0)R(0)	32.53286	14	0	0	31.008656	13	5.535951	1	0	0	0	FALSE	FALSE	TRUE	sp|P04004|VTNC_HUMAN	P04004	VTNC_HUMAN	VTN	Vitronectin			57502	0	0	0	0	0	0
240419_ES_R00006_MG_c00001_SA_NPB_3_i2.57548.57548.4	D:\SHARE\Tim\25-12-03_GD_Dataset\GD_dataset\NPB_3_i2\interact.pep.xml	NISDGFDGIPDNVDAALALPAHSYSGR	N[2975]ISDGFDGIPDNVDAALALPAHSYSGR	VLDPDYPR.NISDGFDGIPDNVDAALALPAHSYSGR.ERVYFFKG	R	E	27	4	4984.8853	5633.2793	5633.313	1409.3271	1409.3355	5632.3149	1409.0861	0.998	1.11E-10	46.312	5.789	1	0	2	0	242	268	0	1N(2861.0000)	NA	HexNAc(5)Hex(6)NeuAc(3) % 2861.0000	5.76	0	nISDGFDGIPDNVDAALALPAHSYSGR	N(45.01)I(0.00)S(0.00)D(0.00)G(0.00)F(0.00)D(0.00)G(0.00)I(0.00)P(0.00)D(0.00)N(0.00)V(0.00)D(0.00)A(0.00)A(0.00)L(0.00)A(0.00)L(0.00)P(0.00)A(0.00)H(0.00)S(0.00)Y(0.00)S(0.00)G(0.00)R(0.00)	N1	1	N(9.51)I(0.00)S(0.00)D(0.00)G(0.00)F(0.00)D(0.00)G(0.00)I(0.00)P(0.00)D(0.00)N(0.00)V(0.00)D(0.00)A(0.00)A(0.00)L(0.00)A(0.00)L(0.00)P(0.00)A(0.00)H(0.00)S(0.00)Y(0.00)S(0.00)G(0.00)R(0.00)	N(0)I(0)S(0)D(0)G(0)F(0)D(0)G(0)I(0)P(0)D(0)N(0)V(0)D(0)A(0)A(0)L(0)A(0)L(0)P(0)A(0)H(0)S(0)Y(0)S(0)G(0)R(0)	45.01215	14	0	0	46.31234	15	9.505205	0	0	0	0	FALSE	FALSE	TRUE	sp|P04004|VTNC_HUMAN	P04004	VTNC_HUMAN	VTN	Vitronectin			57518	0	0	0	0	0	0
240419_ES_R00006_MG_c00001_SA_NPB_3_i2.57550.57550.4	D:\SHARE\Tim\25-12-03_GD_Dataset\GD_dataset\NPB_3_i2\interact.pep.xml	NNATVHEQVGGPSLTSDLQAQSK	NN[2319]ATVHEQVGGPSLTSDLQAQSK	VYDDGEEK.NNATVHEQVGGPSLTSDLQAQSK.GNPEQTPV	K	G	23	4	4985.0215	4584.9434	4584.939	1147.2431	1147.242	4584.9346	1147.241	0.0046	1.71E-08	42.565	9.569	1	0	2	0	85	107	19345100	2N(2204.7725)	NA	HexNAc(4)Hex(5)NeuAc(2) % 2204.7724	5.75	0	NnATVHEQVGGPSLTSDLQAQSK	N(0.00)N(36.58)A(0.00)T(0.00)V(0.00)H(0.00)E(0.00)Q(0.00)V(0.00)G(0.00)G(0.00)P(0.00)S(0.00)L(0.00)T(0.00)S(0.00)D(0.00)L(0.00)Q(0.00)A(0.00)Q(0.00)S(0.00)K(0.00)	N2	1	N(0.00)N(10.46)A(0.00)T(0.00)V(0.00)H(0.00)E(0.00)Q(0.00)V(0.00)G(0.00)G(0.00)P(0.00)S(0.00)L(0.00)T(0.00)S(0.00)D(0.00)L(0.00)Q(0.00)A(0.00)Q(0.00)S(0.00)K(0.00)	N(0)N(0)A(0)T(0)V(0)H(0)E(0)Q(0)V(0)G(0)G(0)P(0)S(0)L(0)T(0)S(0)D(0)L(0)Q(0)A(0)Q(0)S(0)K(0)	36.579643	11	0	0	42.56523	15	10.463676	0	0	0	0	FALSE	FALSE	FALSE	sp|P04004|VTNC_HUMAN	P04004	VTNC_HUMAN	VTN	Vitronectin		tr|F5GX75|F5GX75_HUMAN	57518	4979.7935	57483	4890.0044	5370.498	86.87701	352
240419_ES_R00006_MG_c00001_SA_NPB_3_i2.57551.57551.4	D:\SHARE\Tim\25-12-03_GD_Dataset\GD_dataset\NPB_3_i2\interact.pep.xml	FEDGVLDPDYPRNISDGFDGIPDNVDAALALPAHSYSGR	FEDGVLDPDYPRN[2319]ISDGFDGIPDNVDAALALPAHSYSGR	FKGSQYWR.FEDGVLDPDYPRNISDGFDGIPDNVDAALALPAHSYSGR.ERVYFFKG	R	E	39	4	4985.09	6380.748	6380.7446	1596.1943	1596.1934	6379.7231	1595.9381	1.0215	0.000854508	19.257	0	1	0	2	1	230	268	0	13N(2204.7725)	NA	HexNAc(4)Hex(5)NeuAc(2) % 2204.7724	-2.4	0.001632209	FEDGVLDPDYPRnISDGFDGIPDNVDAALALPAHSYSGR	F(0.00)E(0.00)D(0.00)G(0.00)V(0.00)L(0.00)D(0.00)P(0.00)D(0.00)Y(0.00)P(0.00)R(0.00)N(19.26)I(0.00)S(0.00)D(0.00)G(0.00)F(0.00)D(0.00)G(0.00)I(0.00)P(0.00)D(0.00)N(0.00)V(0.00)D(0.00)A(0.00)A(0.00)L(0.00)A(0.00)L(0.00)P(0.00)A(0.00)H(0.00)S(0.00)Y(0.00)S(0.00)G(0.00)R(0.00)	N13	1	F(0.00)E(0.00)D(0.00)G(0.00)V(0.00)L(0.00)D(0.00)P(0.00)D(0.00)Y(0.00)P(0.00)R(0.00)N(0.00)I(0.00)S(0.00)D(0.00)G(0.00)F(0.00)D(0.00)G(0.00)I(0.00)P(0.00)D(0.00)N(0.00)V(0.00)D(0.00)A(0.00)A(0.00)L(0.00)A(0.00)L(0.00)P(0.00)A(0.00)H(0.00)S(0.00)Y(0.00)S(0.00)G(0.00)R(0.00)	F(0)E(0)D(0)G(0)V(0)L(0)D(0)P(0)D(0)Y(0)P(0)R(0)N(0)I(0)S(0)D(0)G(0)F(0)D(0)G(0)I(0)P(0)D(0)N(0)V(0)D(0)A(0)A(0)L(0)A(0)L(0)P(0)A(0)H(0)S(0)Y(0)S(0)G(0)R(0)	19.257114	10	0	0	19.257114	10	0	0	0	0	0	FALSE	FALSE	TRUE	sp|P04004|VTNC_HUMAN	P04004	VTNC_HUMAN	VTN	Vitronectin			57518	0	0	0	0	0	0
240419_ES_R00006_MG_c00001_SA_NPB_3_i2.57556.57556.5	D:\SHARE\Tim\25-12-03_GD_Dataset\GD_dataset\NPB_3_i2\interact.pep.xml	NISDGFDGIPDNVDAALALPAHSYSGR	N[2975]ISDGFDGIPDNVDAALALPAHSYSGR	VLDPDYPR.NISDGFDGIPDNVDAALALPAHSYSGR.ERVYFFKG	R	E	27	5	4985.4307	5635.3413	5635.322	1128.0755	1128.0717	5632.3149	1127.4703	3.0068	0	40.054	6.109	1	0	2	0	242	268	0	1N(2861.0000)	NA	HexNAc(5)Hex(6)NeuAc(3) % 2861.0000	6.7	0	nISDGFDGIPDNVDAALALPAHSYSGR	N(36.44)I(0.00)S(0.00)D(0.00)G(0.00)F(0.00)D(0.00)G(0.00)I(0.00)P(0.00)D(0.00)N(0.00)V(0.00)D(0.00)A(0.00)A(0.00)L(0.00)A(0.00)L(0.00)P(0.00)A(0.00)H(0.00)S(0.00)Y(0.00)S(0.00)G(0.00)R(0.00)	N1	1	N(11.62)I(0.00)S(0.00)D(0.00)G(0.00)F(0.00)D(0.00)G(0.00)I(0.00)P(0.00)D(0.00)N(0.00)V(0.00)D(0.00)A(0.00)A(0.00)L(0.00)A(0.00)L(0.00)P(0.00)A(0.00)H(0.00)S(0.00)Y(0.00)S(0.00)G(0.00)R(0.00)	N(0)I(0)S(0)D(0)G(0)F(0)D(0)G(0)I(0)P(0)D(0)N(0)V(0)D(0)A(0)A(0)L(0)A(0)L(0)P(0)A(0)H(0)S(0)Y(0)S(0)G(0)R(0)	36.43597	10	0	0	40.05432	12	11.617249	0	0	0	0	FALSE	FALSE	TRUE	sp|P04004|VTNC_HUMAN	P04004	VTNC_HUMAN	VTN	Vitronectin			57518	0	0	0	0	0	0
240419_ES_R00006_MG_c00001_SA_NPB_3_i2.57590.57590.4	D:\SHARE\Tim\25-12-03_GD_Dataset\GD_dataset\NPB_3_i2\interact.pep.xml	FEDGVLDPDYPRNISDGFDGIPDNVDAALALPAHSYSGR	FEDGVLDPDYPRN[2319]ISDGFDGIPDNVDAALALPAHSYSGR	FKGSQYWR.FEDGVLDPDYPRNISDGFDGIPDNVDAALALPAHSYSGR.ERVYFFKG	R	E	39	4	4987.951	6381.716	6381.7266	1596.4363	1596.4389	6379.7231	1595.9381	2.0034	8.98E-05	22.686	0	0.9998	0	2	1	230	268	0	13N(2204.7725)	NA	HexNAc(4)Hex(5)NeuAc(2) % 2204.7724	1.25	0	FEDGVLDPDYPRnISDGFDGIPDNVDAALALPAHSYSGR	F(0.00)E(0.00)D(0.00)G(0.00)V(0.00)L(0.00)D(0.00)P(0.00)D(0.00)Y(0.00)P(0.00)R(0.00)N(22.69)I(0.00)S(0.00)D(0.00)G(0.00)F(0.00)D(0.00)G(0.00)I(0.00)P(0.00)D(0.00)N(0.00)V(0.00)D(0.00)A(0.00)A(0.00)L(0.00)A(0.00)L(0.00)P(0.00)A(0.00)H(0.00)S(0.00)Y(0.00)S(0.00)G(0.00)R(0.00)	N13	1	F(0.00)E(0.00)D(0.00)G(0.00)V(0.00)L(0.00)D(0.00)P(0.00)D(0.00)Y(0.00)P(0.00)R(0.00)N(0.00)I(0.00)S(0.00)D(0.00)G(0.00)F(0.00)D(0.00)G(0.00)I(0.00)P(0.00)D(0.00)N(0.00)V(0.00)D(0.00)A(0.00)A(0.00)L(0.00)A(0.00)L(0.00)P(0.00)A(0.00)H(0.00)S(0.00)Y(0.00)S(0.00)G(0.00)R(0.00)	F(0)E(0)D(0)G(0)V(0)L(0)D(0)P(0)D(0)Y(0)P(0)R(0)N(0)I(0)S(0)D(0)G(0)F(0)D(0)G(0)I(0)P(0)D(0)N(0)V(0)D(0)A(0)A(0)L(0)A(0)L(0)P(0)A(0)H(0)S(0)Y(0)S(0)G(0)R(0)	22.686863	12	0	0	22.686863	12	0	0	0	0	0	FALSE	FALSE	TRUE	sp|P04004|VTNC_HUMAN	P04004	VTNC_HUMAN	VTN	Vitronectin			57569	0	0	0	0	0	0
240419_ES_R00006_MG_c00001_SA_NPB_3_i2.57598.57598.5	D:\SHARE\Tim\25-12-03_GD_Dataset\GD_dataset\NPB_3_i2\interact.pep.xml	NISDGFDGIPDNVDAALALPAHSYSGR	N[2975]ISDGFDGIPDNVDAALALPAHSYSGR	VLDPDYPR.NISDGFDGIPDNVDAALALPAHSYSGR.ERVYFFKG	R	E	27	5	4988.623	5633.331	5633.318	1127.6735	1127.6709	5632.3149	1127.4703	1.0029	0	34.085	0	1	0	2	0	242	268	0	1N(2861.0000)	NA	HexNAc(5)Hex(6)NeuAc(3) % 2861.0000	7.17	0	nISDGFDGIPDNVDAALALPAHSYSGR	N(30.88)I(0.00)S(0.00)D(0.00)G(0.00)F(0.00)D(0.00)G(0.00)I(0.00)P(0.00)D(0.00)N(0.00)V(0.00)D(0.00)A(0.00)A(0.00)L(0.00)A(0.00)L(0.00)P(0.00)A(0.00)H(0.00)S(0.00)Y(0.00)S(0.00)G(0.00)R(0.00)	N1	1	N(9.72)I(0.00)S(0.00)D(0.00)G(0.00)F(0.00)D(0.00)G(0.00)I(0.00)P(0.00)D(0.00)N(0.00)V(0.00)D(0.00)A(0.00)A(0.00)L(0.00)A(0.00)L(0.00)P(0.00)A(0.00)H(0.00)S(0.00)Y(0.00)S(0.00)G(0.00)R(0.00)	N(0)I(0)S(0)D(0)G(0)F(0)D(0)G(0)I(0)P(0)D(0)N(0)V(0)D(0)A(0)A(0)L(0)A(0)L(0)P(0)A(0)H(0)S(0)Y(0)S(0)G(0)R(0)	30.881756	9	0	0	34.085964	11	9.718016	0	0	0	0	FALSE	FALSE	TRUE	sp|P04004|VTNC_HUMAN	P04004	VTNC_HUMAN	VTN	Vitronectin			57569	0	0	0	0	0	0
240419_ES_R00006_MG_c00001_SA_NPB_3_i2.57643.57643.4	D:\SHARE\Tim\25-12-03_GD_Dataset\GD_dataset\NPB_3_i2\interact.pep.xml	NNATVHEQVGGPSLTSDLQAQSK	NN[2028]ATVHEQVGGPSLTSDLQAQSK	VYDDGEEK.NNATVHEQVGGPSLTSDLQAQSK.GNPEQTPV	K	G	23	4	4992.1157	4293.8613	4293.8096	1074.4726	1074.4597	4293.8389	1074.467	-0.0293	0.005501739	16.538	0	0.9989	0	2	0	85	107	0	2N(1913.6770)	NA	HexNAc(4)Hex(5)NeuAc(1) % 1913.6770	0.67	0	NnATVHEQVGGPSLTSDLQAQSK	N(0.00)N(15.22)A(0.00)T(0.00)V(0.00)H(0.00)E(0.00)Q(0.00)V(0.00)G(0.00)G(0.00)P(0.00)S(0.00)L(0.00)T(0.00)S(0.00)D(0.00)L(0.00)Q(0.00)A(0.00)Q(0.00)S(0.00)K(0.00)	N2	1	N(0.00)N(7.56)A(0.00)T(0.00)V(0.00)H(0.00)E(0.00)Q(0.00)V(0.00)G(0.00)G(0.00)P(0.00)S(0.00)L(0.00)T(0.00)S(0.00)D(0.00)L(0.00)Q(0.00)A(0.00)Q(0.00)S(0.00)K(0.00)	N(0)N(0)A(0)T(0)V(0)H(0)E(0)Q(0)V(0)G(0)G(0)P(0)S(0)L(0)T(0)S(0)D(0)L(0)Q(0)A(0)Q(0)S(0)K(0)	15.224662	4	0	0	16.538654	5	7.563861	0	0	0	0	FALSE	FALSE	FALSE	sp|P04004|VTNC_HUMAN	P04004	VTNC_HUMAN	VTN	Vitronectin		tr|F5GX75|F5GX75_HUMAN	57610	0	0	0	0	0	0
240419_ES_R00006_MG_c00001_SA_NPB_3_i2.57688.57688.4	D:\SHARE\Tim\25-12-03_GD_Dataset\GD_dataset\NPB_3_i2\interact.pep.xml	NISDGFDGIPDNVDAALALPAHSYSGR	N[2319]ISDGFDGIPDNVDAALALPAHSYSGR	VLDPDYPR.NISDGFDGIPDNVDAALALPAHSYSGR.ERVYFFKG	R	E	27	4	4995.5356	4978.0967	4978.0864	1245.5315	1245.5289	4976.0874	1245.0292	1.999	1.68E-09	33.742	11.031	1	0	2	0	242	268	10352290	1N(2204.7725)	NA	HexNAc(4)Hex(5)NeuAc(2) % 2204.7724	4.9	0	nISDGFDGIPDNVDAALALPAHSYSGR	N(32.30)I(0.00)S(0.00)D(0.00)G(0.00)F(0.00)D(0.00)G(0.00)I(0.00)P(0.00)D(0.00)N(0.00)V(0.00)D(0.00)A(0.00)A(0.00)L(0.00)A(0.00)L(0.00)P(0.00)A(0.00)H(0.00)S(0.00)Y(0.00)S(0.00)G(0.00)R(0.00)	N1	1	N(8.12)I(0.00)S(0.00)D(0.00)G(0.00)F(0.00)D(0.00)G(0.00)I(0.00)P(0.00)D(0.00)N(0.00)V(0.00)D(0.00)A(0.00)A(0.00)L(0.00)A(0.00)L(0.00)P(0.00)A(0.00)H(0.00)S(0.00)Y(0.00)S(0.00)G(0.00)R(0.00)	N(1)I(0)S(0)D(0)G(0)F(0)D(0)G(0)I(0)P(0)D(0)N(0)V(0)D(0)A(0)A(0)L(0)A(0)L(0)P(0)A(0)H(0)S(0)Y(0)S(0)G(0)R(0)	32.29629	12	0	0	33.742516	13	8.116429	1	0	0	0	FALSE	FALSE	TRUE	sp|P04004|VTNC_HUMAN	P04004	VTNC_HUMAN	VTN	Vitronectin			57668	4986.4175	57569	4783.02	5058.8403	28.768002	179
240419_ES_R00006_MG_c00001_SA_NPB_3_i2.57715.57715.5	D:\SHARE\Tim\25-12-03_GD_Dataset\GD_dataset\NPB_3_i2\interact.pep.xml	FEDGVLDPDYPRNISDGFDGIPDNVDAALALPAHSYSGR	FEDGVLDPDYPRN[2975]ISDGFDGIPDNVDAALALPAHSYSGR	FKGSQYWR.FEDGVLDPDYPRNISDGFDGIPDNVDAALALPAHSYSGR.ERVYFFKG	R	E	39	5	4998.0327	7035.9404	7035.921	1408.1954	1408.1915	7035.9507	1408.1975	-0.0298	1.18E-07	36.208	0	1	0	2	1	230	268	15143774	13N(2861.0000)	NA	HexNAc(5)Hex(6)NeuAc(3) % 2861.0000	2.41	0	FEDGVLDPDYPRnISDGFDGIPDNVDAALALPAHSYSGR	F(0.00)E(0.00)D(0.00)G(0.00)V(0.00)L(0.00)D(0.00)P(0.00)D(0.00)Y(0.00)P(0.00)R(0.00)N(33.45)I(0.00)S(0.00)D(0.00)G(0.00)F(0.00)D(0.00)G(0.00)I(0.00)P(0.00)D(0.00)N(0.00)V(0.00)D(0.00)A(0.00)A(0.00)L(0.00)A(0.00)L(0.00)P(0.00)A(0.00)H(0.00)S(0.00)Y(0.00)S(0.00)G(0.00)R(0.00)	N13	1	F(0.00)E(0.00)D(0.00)G(0.00)V(0.00)L(0.00)D(0.00)P(0.00)D(0.00)Y(0.00)P(0.00)R(0.00)N(5.61)I(0.00)S(0.00)D(0.00)G(0.00)F(0.00)D(0.00)G(0.00)I(0.00)P(0.00)D(0.00)N(0.00)V(0.00)D(0.00)A(0.00)A(0.00)L(0.00)A(0.00)L(0.00)P(0.00)A(0.00)H(0.00)S(0.00)Y(0.00)S(0.00)G(0.00)R(0.00)	F(0)E(0)D(0)G(0)V(0)L(0)D(0)P(0)D(0)Y(0)P(0)R(0)N(0)I(0)S(0)D(0)G(0)F(0)D(0)G(0)I(0)P(0)D(0)N(0)V(0)D(0)A(0)A(0)L(0)A(0)L(0)P(0)A(0)H(0)S(0)Y(0)S(0)G(0)R(0)	33.450096	12	0	0	36.20891	13	5.6095157	0	0	0	0	FALSE	FALSE	TRUE	sp|P04004|VTNC_HUMAN	P04004	VTNC_HUMAN	VTN	Vitronectin			57687	5019.3135	57990	4990.995	5183.324	38.725002	124
240419_ES_R00006_MG_c00001_SA_NPB_3_i2.57760.57760.4	D:\SHARE\Tim\25-12-03_GD_Dataset\GD_dataset\NPB_3_i2\interact.pep.xml	NISDGFDGIPDNVDAALALPAHSYSGR	N[3121]ISDGFDGIPDNVDAALALPAHSYSGR	VLDPDYPR.NISDGFDGIPDNVDAALALPAHSYSGR.ERVYFFKG	R	E	27	4	5001.6	5778.3887	5778.3774	1445.6045	1445.6016	5778.373	1445.6006	0.0046	0	43.899	7.746	1	0	2	0	242	268	15141526	1N(3007.0579)	NA	HexNAc(5)Hex(6)Fuc(1)NeuAc(3) % 3007.0579	2.27	0	nISDGFDGIPDNVDAALALPAHSYSGR	N(39.20)I(0.00)S(0.00)D(0.00)G(0.00)F(0.00)D(0.00)G(0.00)I(0.00)P(0.00)D(0.00)N(0.00)V(0.00)D(0.00)A(0.00)A(0.00)L(0.00)A(0.00)L(0.00)P(0.00)A(0.00)H(0.00)S(0.00)Y(0.00)S(0.00)G(0.00)R(0.00)	N1	1	N(6.34)I(0.00)S(0.00)D(0.00)G(0.00)F(0.00)D(0.00)G(0.00)I(0.00)P(0.00)D(0.00)N(0.00)V(0.00)D(0.00)A(0.00)A(0.00)L(0.00)A(0.00)L(0.00)P(0.00)A(0.00)H(0.00)S(0.00)Y(0.00)S(0.00)G(0.00)R(0.00)	N(0)I(0)S(0)D(0)G(0)F(0)D(0)G(0)I(0)P(0)D(0)N(0)V(0)D(0)A(0)A(0)L(0)A(0)L(0)P(0)A(0)H(0)S(0)Y(0)S(0)G(0)R(0)	39.195393	14	0	0	43.899067	17	6.3411527	0	0	0	0	FALSE	FALSE	TRUE	sp|P04004|VTNC_HUMAN	P04004	VTNC_HUMAN	VTN	Vitronectin			57738	4992.954	57654	4813.7754	5034.243	22.673	149
240419_ES_R00006_MG_c00001_SA_NPB_3_i2.57762.57762.4	D:\SHARE\Tim\25-12-03_GD_Dataset\GD_dataset\NPB_3_i2\interact.pep.xml	NISDGFDGIPDNVDAALALPAHSYSGR	N[2319]ISDGFDGIPDNVDAALALPAHSYSGR	VLDPDYPR.NISDGFDGIPDNVDAALALPAHSYSGR.ERVYFFKG	R	E	27	4	5001.742	4977.0654	4977.055	1245.2736	1245.271	4976.0874	1245.0292	0.9678	3.80E-13	36.219	7.819	1	0	2	0	242	268	9675123	1N(2204.7725)	NA	HexNAc(4)Hex(5)NeuAc(2) % 2204.7724	2.68	0	nISDGFDGIPDNVDAALALPAHSYSGR	N(34.73)I(0.00)S(0.00)D(0.00)G(0.00)F(0.00)D(0.00)G(0.00)I(0.00)P(0.00)D(0.00)N(0.00)V(0.00)D(0.00)A(0.00)A(0.00)L(0.00)A(0.00)L(0.00)P(0.00)A(0.00)H(0.00)S(0.00)Y(0.00)S(0.00)G(0.00)R(0.00)	N1	1	N(9.23)I(0.00)S(0.00)D(0.00)G(0.00)F(0.00)D(0.00)G(0.00)I(0.00)P(0.00)D(0.00)N(0.00)V(0.00)D(0.00)A(0.00)A(0.00)L(0.00)A(0.00)L(0.00)P(0.00)A(0.00)H(0.00)S(0.00)Y(0.00)S(0.00)G(0.00)R(0.00)	N(1)I(0)S(0)D(0)G(0)F(0)D(0)G(0)I(0)P(0)D(0)N(0)V(0)D(0)A(0)A(0)L(0)A(0)L(0)P(0)A(0)H(0)S(0)Y(0)S(0)G(0)R(0)	34.729828	12	0	0	36.21983	13	9.233164	1	0	0	0	FALSE	FALSE	TRUE	sp|P04004|VTNC_HUMAN	P04004	VTNC_HUMAN	VTN	Vitronectin			57738	4987.936	57589	4783.02	5058.8403	28.768002	179
240419_ES_R00006_MG_c00001_SA_NPB_3_i2.57781.57781.4	D:\SHARE\Tim\25-12-03_GD_Dataset\GD_dataset\NPB_3_i2\interact.pep.xml	FEDGVLDPDYPRNISDGFDGIPDNVDAALALPAHSYSGR	FEDGVLDPDYPRN[2319]ISDGFDGIPDNVDAALALPAHSYSGR	FKGSQYWR.FEDGVLDPDYPRNISDGFDGIPDNVDAALALPAHSYSGR.ERVYFFKG	R	E	39	4	5003.0854	6379.7188	6379.7153	1595.937	1595.9361	6379.7231	1595.9381	-0.0078	6.56E-12	29.603	0	1	0	2	1	230	268	0	13N(2204.7725)	NA	HexNAc(4)Hex(5)NeuAc(2) % 2204.7724	2.29	0	FEDGVLDPDYPRnISDGFDGIPDNVDAALALPAHSYSGR	F(0.00)E(0.00)D(0.00)G(0.00)V(0.00)L(0.00)D(0.00)P(0.00)D(0.00)Y(0.00)P(0.00)R(0.00)N(29.60)I(0.00)S(0.00)D(0.00)G(0.00)F(0.00)D(0.00)G(0.00)I(0.00)P(0.00)D(0.00)N(0.00)V(0.00)D(0.00)A(0.00)A(0.00)L(0.00)A(0.00)L(0.00)P(0.00)A(0.00)H(0.00)S(0.00)Y(0.00)S(0.00)G(0.00)R(0.00)	N13	1	F(0.00)E(0.00)D(0.00)G(0.00)V(0.00)L(0.00)D(0.00)P(0.00)D(0.00)Y(0.00)P(0.00)R(0.00)N(1.58)I(0.00)S(0.00)D(0.00)G(0.00)F(0.00)D(0.00)G(0.00)I(0.00)P(0.00)D(0.00)N(0.00)V(0.00)D(0.00)A(0.00)A(0.00)L(0.00)A(0.00)L(0.00)P(0.00)A(0.00)H(0.00)S(0.00)Y(0.00)S(0.00)G(0.00)R(0.00)	F(0)E(0)D(0)G(0)V(0)L(0)D(0)P(0)D(0)Y(0)P(0)R(0)N(0)I(0)S(0)D(0)G(0)F(0)D(0)G(0)I(0)P(0)D(0)N(0)V(0)D(0)A(0)A(0)L(0)A(0)L(0)P(0)A(0)H(0)S(0)Y(0)S(0)G(0)R(0)	29.603582	14	0	0	29.603582	14	1.5775343	0	0	0	0	FALSE	FALSE	TRUE	sp|P04004|VTNC_HUMAN	P04004	VTNC_HUMAN	VTN	Vitronectin			57756	0	0	0	0	0	0
240419_ES_R00006_MG_c00001_SA_NPB_3_i2.57815.57815.4	D:\SHARE\Tim\25-12-03_GD_Dataset\GD_dataset\NPB_3_i2\interact.pep.xml	NISDGFDGIPDNVDAALALPAHSYSGR	N[2975]ISDGFDGIPDNVDAALALPAHSYSGR	VLDPDYPR.NISDGFDGIPDNVDAALALPAHSYSGR.ERVYFFKG	R	E	27	4	5005.7803	5632.3403	5632.3286	1409.0924	1409.0894	5632.3149	1409.0861	0.0137	1.32E-12	33.399	7.778	1	0	2	0	242	268	17993296	1N(2861.0000)	NA	HexNAc(5)Hex(6)NeuAc(3) % 2861.0000	3.37	0	nISDGFDGIPDNVDAALALPAHSYSGR	N(33.40)I(0.00)S(0.00)D(0.00)G(0.00)F(0.00)D(0.00)G(0.00)I(0.00)P(0.00)D(0.00)N(0.00)V(0.00)D(0.00)A(0.00)A(0.00)L(0.00)A(0.00)L(0.00)P(0.00)A(0.00)H(0.00)S(0.00)Y(0.00)S(0.00)G(0.00)R(0.00)	N1	1	N(3.81)I(0.00)S(0.00)D(0.00)G(0.00)F(0.00)D(0.00)G(0.00)I(0.00)P(0.00)D(0.00)N(0.00)V(0.00)D(0.00)A(0.00)A(0.00)L(0.00)A(0.00)L(0.00)P(0.00)A(0.00)H(0.00)S(0.00)Y(0.00)S(0.00)G(0.00)R(0.00)	N(0)I(0)S(0)D(0)G(0)F(0)D(0)G(0)I(0)P(0)D(0)N(0)V(0)D(0)A(0)A(0)L(0)A(0)L(0)P(0)A(0)H(0)S(0)Y(0)S(0)G(0)R(0)	33.399483	14	0	0	33.399483	14	3.8104553	0	0	0	0	FALSE	FALSE	TRUE	sp|P04004|VTNC_HUMAN	P04004	VTNC_HUMAN	VTN	Vitronectin			57796	4998.8584	57726	4816.3975	5034.243	42.814003	147
240419_ES_R00006_MG_c00001_SA_NPB_3_i2.57836.57836.5	D:\SHARE\Tim\25-12-03_GD_Dataset\GD_dataset\NPB_3_i2\interact.pep.xml	FEDGVLDPDYPRNISDGFDGIPDNVDAALALPAHSYSGR	FEDGVLDPDYPRN[2975]ISDGFDGIPDNVDAALALPAHSYSGR	FKGSQYWR.FEDGVLDPDYPRNISDGFDGIPDNVDAALALPAHSYSGR.ERVYFFKG	R	E	39	5	5007.4165	7036.953	7036.965	1408.3979	1408.4003	7035.9507	1408.1975	1.0142	8.86E-07	33.71	8.759	1	0	2	1	230	268	14226431	13N(2861.0000)	NA	HexNAc(5)Hex(6)NeuAc(3) % 2861.0000	3.14	0	FEDGVLDPDYPRnISDGFDGIPDNVDAALALPAHSYSGR	F(0.00)E(0.00)D(0.00)G(0.00)V(0.00)L(0.00)D(0.00)P(0.00)D(0.00)Y(0.00)P(0.00)R(0.00)N(33.71)I(0.00)S(0.00)D(0.00)G(0.00)F(0.00)D(0.00)G(0.00)I(0.00)P(0.00)D(0.00)N(0.00)V(0.00)D(0.00)A(0.00)A(0.00)L(0.00)A(0.00)L(0.00)P(0.00)A(0.00)H(0.00)S(0.00)Y(0.00)S(0.00)G(0.00)R(0.00)	N13	1	F(0.00)E(0.00)D(0.00)G(0.00)V(0.00)L(0.00)D(0.00)P(0.00)D(0.00)Y(0.00)P(0.00)R(0.00)N(0.00)I(0.00)S(0.00)D(0.00)G(0.00)F(0.00)D(0.00)G(0.00)I(0.00)P(0.00)D(0.00)N(0.00)V(0.00)D(0.00)A(0.00)A(0.00)L(0.00)A(0.00)L(0.00)P(0.00)A(0.00)H(0.00)S(0.00)Y(0.00)S(0.00)G(0.00)R(0.00)	F(0)E(0)D(0)G(0)V(0)L(0)D(0)P(0)D(0)Y(0)P(0)R(0)N(0)I(0)S(0)D(0)G(0)F(0)D(0)G(0)I(0)P(0)D(0)N(0)V(0)D(0)A(0)A(0)L(0)A(0)L(0)P(0)A(0)H(0)S(0)Y(0)S(0)G(0)R(0)	33.7109	15	0	0	33.7109	15	0	0	0	0	0	FALSE	FALSE	TRUE	sp|P04004|VTNC_HUMAN	P04004	VTNC_HUMAN	VTN	Vitronectin			57814	5017.25	57963	4989.5664	5258.374	38.725002	177
240419_ES_R00006_MG_c00001_SA_NPB_3_i2.57897.57897.4	D:\SHARE\Tim\25-12-03_GD_Dataset\GD_dataset\NPB_3_i2\interact.pep.xml	NISDGFDGIPDNVDAALALPAHSYSGR	N[2975]ISDGFDGIPDNVDAALALPAHSYSGR	VLDPDYPR.NISDGFDGIPDNVDAALALPAHSYSGR.ERVYFFKG	R	E	27	4	5012.146	5634.3486	5634.321	1409.5944	1409.5875	5632.3149	1409.0861	2.0059	3.58E-08	36.285	0	1	0	2	0	242	268	15840800	1N(2861.0000)	NA	HexNAc(5)Hex(6)NeuAc(3) % 2861.0000	5.29	0	nISDGFDGIPDNVDAALALPAHSYSGR	N(36.29)I(0.00)S(0.00)D(0.00)G(0.00)F(0.00)D(0.00)G(0.00)I(0.00)P(0.00)D(0.00)N(0.00)V(0.00)D(0.00)A(0.00)A(0.00)L(0.00)A(0.00)L(0.00)P(0.00)A(0.00)H(0.00)S(0.00)Y(0.00)S(0.00)G(0.00)R(0.00)	N1	1	N(9.28)I(0.00)S(0.00)D(0.00)G(0.00)F(0.00)D(0.00)G(0.00)I(0.00)P(0.00)D(0.00)N(0.00)V(0.00)D(0.00)A(0.00)A(0.00)L(0.00)A(0.00)L(0.00)P(0.00)A(0.00)H(0.00)S(0.00)Y(0.00)S(0.00)G(0.00)R(0.00)	N(0)I(0)S(0)D(0)G(0)F(0)D(0)G(0)I(0)P(0)D(0)N(0)V(0)D(0)A(0)A(0)L(0)A(0)L(0)P(0)A(0)H(0)S(0)Y(0)S(0)G(0)R(0)	36.285328	11	0	0	36.285328	11	9.275488	0	0	0	0	FALSE	FALSE	TRUE	sp|P04004|VTNC_HUMAN	P04004	VTNC_HUMAN	VTN	Vitronectin			57877	4999.824	57738	4816.3975	5029.2114	42.814003	144
240419_ES_R00006_MG_c00001_SA_NPB_3_i2.57925.57925.4	D:\SHARE\Tim\25-12-03_GD_Dataset\GD_dataset\NPB_3_i2\interact.pep.xml	NNATVHEQVGGPSLTSDLQAQSK	NN[2319]ATVHEQVGGPSLTSDLQAQSK	VYDDGEEK.NNATVHEQVGGPSLTSDLQAQSK.GNPEQTPV	K	G	23	4	5014.398	4585.9365	4585.94	1147.4914	1147.4923	4584.9346	1147.241	1.0056	4.03E-08	39.077	15.287	1	0	2	0	85	107	19553788	2N(2204.7725)	NA	HexNAc(4)Hex(5)NeuAc(2) % 2204.7724	6.19	0	NnATVHEQVGGPSLTSDLQAQSK	N(0.00)N(39.08)A(0.00)T(0.00)V(0.00)H(0.00)E(0.00)Q(0.00)V(0.00)G(0.00)G(0.00)P(0.00)S(0.00)L(0.00)T(0.00)S(0.00)D(0.00)L(0.00)Q(0.00)A(0.00)Q(0.00)S(0.00)K(0.00)	N2	1	N(0.00)N(14.78)A(0.00)T(0.00)V(0.00)H(0.00)E(0.00)Q(0.00)V(0.00)G(0.00)G(0.00)P(0.00)S(0.00)L(0.00)T(0.00)S(0.00)D(0.00)L(0.00)Q(0.00)A(0.00)Q(0.00)S(0.00)K(0.00)	N(0)N(2)A(0)T(0)V(0)H(0)E(0)Q(0)V(0)G(0)G(0)P(0)S(0)L(0)T(0)S(0)D(0)L(0)Q(0)A(0)Q(0)S(0)K(0)	39.077	12	0	0	36.62479	10	14.775052	2	0	0	0	FALSE	FALSE	FALSE	sp|P04004|VTNC_HUMAN	P04004	VTNC_HUMAN	VTN	Vitronectin		tr|F5GX75|F5GX75_HUMAN	57896	5030.956	58138	4783.02	5164.219	15.830001	251
240419_ES_R00006_MG_c00001_SA_NPB_3_i2.58009.58009.4	D:\SHARE\Tim\25-12-03_GD_Dataset\GD_dataset\NPB_3_i2\interact.pep.xml	FEDGVLDPDYPRNISDGFDGIPDNVDAALALPAHSYSGR	FEDGVLDPDYPRN[3121]ISDGFDGIPDNVDAALALPAHSYSGR	FKGSQYWR.FEDGVLDPDYPRNISDGFDGIPDNVDAALALPAHSYSGR.ERVYFFKG	R	E	39	4	5020.8604	7182.0215	7182.0293	1796.5127	1796.5146	7182.0088	1796.5095	0.0208	0.000733669	19.038	0	1	0	2	1	230	268	24935776	13N(3007.0579)	NA	HexNAc(5)Hex(6)Fuc(1)NeuAc(3) % 3007.0579	-4.2	0.011099899	FEDGVLDPDYPRnISDGFDGIPDNVDAALALPAHSYSGR	F(0.00)E(0.00)D(0.00)G(0.00)V(0.00)L(0.00)D(0.00)P(0.00)D(0.00)Y(0.00)P(0.00)R(0.00)N(19.04)I(0.00)S(0.00)D(0.00)G(0.00)F(0.00)D(0.00)G(0.00)I(0.00)P(0.00)D(0.00)N(0.00)V(0.00)D(0.00)A(0.00)A(0.00)L(0.00)A(0.00)L(0.00)P(0.00)A(0.00)H(0.00)S(0.00)Y(0.00)S(0.00)G(0.00)R(0.00)	N13	1	F(0.00)E(0.00)D(0.00)G(0.00)V(0.00)L(0.00)D(0.00)P(0.00)D(0.00)Y(0.00)P(0.00)R(0.00)N(0.00)I(0.00)S(0.00)D(0.00)G(0.00)F(0.00)D(0.00)G(0.00)I(0.00)P(0.00)D(0.00)N(0.00)V(0.00)D(0.00)A(0.00)A(0.00)L(0.00)A(0.00)L(0.00)P(0.00)A(0.00)H(0.00)S(0.00)Y(0.00)S(0.00)G(0.00)R(0.00)	F(0)E(0)D(0)G(0)V(0)L(0)D(0)P(0)D(0)Y(0)P(0)R(0)N(0)I(0)S(0)D(0)G(0)F(0)D(0)G(0)I(0)P(0)D(0)N(0)V(0)D(0)A(0)A(0)L(0)A(0)L(0)P(0)A(0)H(0)S(0)Y(0)S(0)G(0)R(0)	19.03811	9	0	0	19.03811	9	0	0	0	0	0	FALSE	FALSE	TRUE	sp|P04004|VTNC_HUMAN	P04004	VTNC_HUMAN	VTN	Vitronectin			57990	5024.077	58052	5014.187	5155.5645	21.705002	89
240419_ES_R00006_MG_c00001_SA_NPB_3_i2.58034.58034.5	D:\SHARE\Tim\25-12-03_GD_Dataset\GD_dataset\NPB_3_i2\interact.pep.xml	FEDGVLDPDYPRNISDGFDGIPDNVDAALALPAHSYSGR	FEDGVLDPDYPRN[2319]ISDGFDGIPDNVDAALALPAHSYSGR	FKGSQYWR.FEDGVLDPDYPRNISDGFDGIPDNVDAALALPAHSYSGR.ERVYFFKG	R	E	39	5	5022.746	6380.7466	6380.7334	1277.1566	1277.154	6379.7231	1276.9519	1.0103	0	35.043	0	1	0	2	1	230	268	0	13N(2204.7725)	NA	HexNAc(4)Hex(5)NeuAc(2) % 2204.7724	3.49	0	FEDGVLDPDYPRnISDGFDGIPDNVDAALALPAHSYSGR	F(0.00)E(0.00)D(0.00)G(0.00)V(0.00)L(0.00)D(0.00)P(0.00)D(0.00)Y(0.00)P(0.00)R(0.00)N(35.04)I(0.00)S(0.00)D(0.00)G(0.00)F(0.00)D(0.00)G(0.00)I(0.00)P(0.00)D(0.00)N(0.00)V(0.00)D(0.00)A(0.00)A(0.00)L(0.00)A(0.00)L(0.00)P(0.00)A(0.00)H(0.00)S(0.00)Y(0.00)S(0.00)G(0.00)R(0.00)	N13	1	F(0.00)E(0.00)D(0.00)G(0.00)V(0.00)L(0.00)D(0.00)P(0.00)D(0.00)Y(0.00)P(0.00)R(0.00)N(4.57)I(0.00)S(0.00)D(0.00)G(0.00)F(0.00)D(0.00)G(0.00)I(0.00)P(0.00)D(0.00)N(0.00)V(0.00)D(0.00)A(0.00)A(0.00)L(0.00)A(0.00)L(0.00)P(0.00)A(0.00)H(0.00)S(0.00)Y(0.00)S(0.00)G(0.00)R(0.00)	F(0)E(0)D(0)G(0)V(0)L(0)D(0)P(0)D(0)Y(0)P(0)R(0)N(0)I(0)S(0)D(0)G(0)F(0)D(0)G(0)I(0)P(0)D(0)N(0)V(0)D(0)A(0)A(0)L(0)A(0)L(0)P(0)A(0)H(0)S(0)Y(0)S(0)G(0)R(0)	35.043465	14	0	0	35.043465	14	4.5652227	0	0	0	0	FALSE	FALSE	TRUE	sp|P04004|VTNC_HUMAN	P04004	VTNC_HUMAN	VTN	Vitronectin			58006	0	0	0	0	0	0
240419_ES_R00006_MG_c00001_SA_NPB_3_i2.58078.58078.4	D:\SHARE\Tim\25-12-03_GD_Dataset\GD_dataset\NPB_3_i2\interact.pep.xml	NISDGFDGIPDNVDAALALPAHSYSGR	N[2319]ISDGFDGIPDNVDAALALPAHSYSGR	VLDPDYPR.NISDGFDGIPDNVDAALALPAHSYSGR.ERVYFFKG	R	E	27	4	5026.416	4976.0957	4976.072	1245.0312	1245.0253	4976.0874	1245.0292	-0.0156	6.23E-10	22.67	13.31	1	0	2	0	242	268	10605780	1N(2204.7725)	NA	HexNAc(4)Hex(5)NeuAc(2) % 2204.7724	4.07	0	nISDGFDGIPDNVDAALALPAHSYSGR	N(22.67)I(0.00)S(0.00)D(0.00)G(0.00)F(0.00)D(0.00)G(0.00)I(0.00)P(0.00)D(0.00)N(0.00)V(0.00)D(0.00)A(0.00)A(0.00)L(0.00)A(0.00)L(0.00)P(0.00)A(0.00)H(0.00)S(0.00)Y(0.00)S(0.00)G(0.00)R(0.00)	N1	1	N(7.50)I(0.00)S(0.00)D(0.00)G(0.00)F(0.00)D(0.00)G(0.00)I(0.00)P(0.00)D(0.00)N(0.00)V(0.00)D(0.00)A(0.00)A(0.00)L(0.00)A(0.00)L(0.00)P(0.00)A(0.00)H(0.00)S(0.00)Y(0.00)S(0.00)G(0.00)R(0.00)	N(0)I(0)S(0)D(0)G(0)F(0)D(0)G(0)I(0)P(0)D(0)N(0)V(0)D(0)A(0)A(0)L(0)A(0)L(0)P(0)A(0)H(0)S(0)Y(0)S(0)G(0)R(0)	22.670328	7	0	0	22.670328	7	7.4951153	0	0	0	0	FALSE	FALSE	TRUE	sp|P04004|VTNC_HUMAN	P04004	VTNC_HUMAN	VTN	Vitronectin			58052	5045.7153	58330	4888.415	5058.8403	12.585001	112
240419_ES_R00006_MG_c00001_SA_NPB_3_i2.58090.58090.4	D:\SHARE\Tim\25-12-03_GD_Dataset\GD_dataset\NPB_3_i2\interact.pep.xml	NISDGFDGIPDNVDAALALPAHSYSGR	N[2319]ISDGFDGIPDNVDAALALPAHSYSGR	VLDPDYPR.NISDGFDGIPDNVDAALALPAHSYSGR.ERVYFFKG	R	E	27	4	5027.4087	4977.1157	4977.106	1245.2862	1245.2838	4976.0874	1245.0292	1.0186	1.01E-11	36.372	6.811	1	0	2	0	242	268	7807999.5	1N(2204.7725)	NA	HexNAc(4)Hex(5)NeuAc(2) % 2204.7724	4.41	0	nISDGFDGIPDNVDAALALPAHSYSGR	N(36.37)I(0.00)S(0.00)D(0.00)G(0.00)F(0.00)D(0.00)G(0.00)I(0.00)P(0.00)D(0.00)N(0.00)V(0.00)D(0.00)A(0.00)A(0.00)L(0.00)A(0.00)L(0.00)P(0.00)A(0.00)H(0.00)S(0.00)Y(0.00)S(0.00)G(0.00)R(0.00)	N1	1	N(9.63)I(0.00)S(0.00)D(0.00)G(0.00)F(0.00)D(0.00)G(0.00)I(0.00)P(0.00)D(0.00)N(0.00)V(0.00)D(0.00)A(0.00)A(0.00)L(0.00)A(0.00)L(0.00)P(0.00)A(0.00)H(0.00)S(0.00)Y(0.00)S(0.00)G(0.00)R(0.00)	N(0)I(0)S(0)D(0)G(0)F(0)D(0)G(0)I(0)P(0)D(0)N(0)V(0)D(0)A(0)A(0)L(0)A(0)L(0)P(0)A(0)H(0)S(0)Y(0)S(0)G(0)R(0)	36.372368	11	0	0	36.372368	11	9.62805	0	0	0	0	FALSE	FALSE	TRUE	sp|P04004|VTNC_HUMAN	P04004	VTNC_HUMAN	VTN	Vitronectin			58074	5046.8394	58344	4783.02	5058.8403	28.768002	179
240419_ES_R00006_MG_c00001_SA_NPB_3_i2.58140.58140.3	D:\SHARE\Tim\25-12-03_GD_Dataset\GD_dataset\NPB_3_i2\interact.pep.xml	DLQSLEDILHQVENK	DLQSLEDILHQVEN[2319]K	TYQTKVDK.DLQSLEDILHQVENK.TSEVKQLI	K	T	15	3	5031.1665	3984.689	3984.673	1329.2369	1329.2316	3984.6726	1329.2314	5.00E-04	2.92E-07	34.639	0	1	0	2	0	65	79	14362759	14N(2204.7725)	NA	HexNAc(4)Hex(5)NeuAc(2) % 2204.7724	8.38	0	DLQSLEDILHQVEnK	D(0.00)L(0.00)Q(0.00)S(0.00)L(0.00)E(0.00)D(0.00)I(0.00)L(0.00)H(0.00)Q(0.00)V(0.00)E(0.00)N(30.57)K(0.00)	N14	1	D(0.00)L(0.00)Q(0.00)S(0.00)L(0.00)E(0.00)D(0.00)I(0.00)L(0.00)H(0.00)Q(0.00)V(0.00)E(0.00)N(11.50)K(0.00)	D(0)L(0)Q(0)S(0)L(0)E(0)D(0)I(0)L(0)H(0)Q(0)V(0)E(0)N(0)K(0)	30.56924	10	0	0	34.639694	12	11.5013685	0	0	0	0	FALSE	FALSE	FALSE	tr|C9JC84|C9JC84_HUMAN	C9JC84	C9JC84_HUMAN	FGG	Fibrinogen gamma chain		"sp|P02679|FIBG_HUMAN, tr|C9JEU5|C9JEU5_HUMAN"	58115	5034.243	58181	4962.3403	5050.72	24.582	56
240419_ES_R00006_MG_c00001_SA_NPB_3_i2.58142.58142.4	D:\SHARE\Tim\25-12-03_GD_Dataset\GD_dataset\NPB_3_i2\interact.pep.xml	NISDGFDGIPDNVDAALALPAHSYSGR	N[3121]ISDGFDGIPDNVDAALALPAHSYSGR	VLDPDYPR.NISDGFDGIPDNVDAALALPAHSYSGR.ERVYFFKG	R	E	27	4	5031.3027	5778.37	5778.372	1445.5998	1445.6003	5778.373	1445.6006	-7.00E-04	0.03204424	13.477	0	0.9936	0	2	0	242	268	10827621	1N(3007.0579)	NA	HexNAc(5)Hex(6)Fuc(1)NeuAc(3) % 3007.0579	2.95	0	nISDGFDGIPDNVDAALALPAHSYSGR	N(13.48)I(0.00)S(0.00)D(0.00)G(0.00)F(0.00)D(0.00)G(0.00)I(0.00)P(0.00)D(0.00)N(0.00)V(0.00)D(0.00)A(0.00)A(0.00)L(0.00)A(0.00)L(0.00)P(0.00)A(0.00)H(0.00)S(0.00)Y(0.00)S(0.00)G(0.00)R(0.00)	N1	1	N(2.93)I(0.00)S(0.00)D(0.00)G(0.00)F(0.00)D(0.00)G(0.00)I(0.00)P(0.00)D(0.00)N(0.00)V(0.00)D(0.00)A(0.00)A(0.00)L(0.00)A(0.00)L(0.00)P(0.00)A(0.00)H(0.00)S(0.00)Y(0.00)S(0.00)G(0.00)R(0.00)	N(0)I(0)S(0)D(0)G(0)F(0)D(0)G(0)I(0)P(0)D(0)N(0)V(0)D(0)A(0)A(0)L(0)A(0)L(0)P(0)A(0)H(0)S(0)Y(0)S(0)G(0)R(0)	13.477356	6	0	0	13.477356	6	2.9284165	0	0	0	0	FALSE	FALSE	TRUE	sp|P04004|VTNC_HUMAN	P04004	VTNC_HUMAN	VTN	Vitronectin			58115	5020.582	58006	4816.3975	5044.265	22.673	152
240419_ES_R00006_MG_c00001_SA_NPB_3_i2.58197.58197.5	D:\SHARE\Tim\25-12-03_GD_Dataset\GD_dataset\NPB_3_i2\interact.pep.xml	FEDGVLDPDYPRNISDGFDGIPDNVDAALALPAHSYSGR	FEDGVLDPDYPRN[3267]ISDGFDGIPDNVDAALALPAHSYSGR	FKGSQYWR.FEDGVLDPDYPRNISDGFDGIPDNVDAALALPAHSYSGR.ERVYFFKG	R	E	39	5	5035.447	7328.0835	7328.0957	1466.624	1466.6264	7328.0664	1466.6206	0.0291	1.34E-08	38.991	0	1	0	2	1	230	268	0	13N(3153.1160)	NA	HexNAc(5)Hex(6)Fuc(2)NeuAc(3) % 3153.1159	0.89	0	FEDGVLDPDYPRnISDGFDGIPDNVDAALALPAHSYSGR	F(0.00)E(0.00)D(0.00)G(0.00)V(0.00)L(0.00)D(0.00)P(0.00)D(0.00)Y(0.00)P(0.00)R(0.00)N(38.99)I(0.00)S(0.00)D(0.00)G(0.00)F(0.00)D(0.00)G(0.00)I(0.00)P(0.00)D(0.00)N(0.00)V(0.00)D(0.00)A(0.00)A(0.00)L(0.00)A(0.00)L(0.00)P(0.00)A(0.00)H(0.00)S(0.00)Y(0.00)S(0.00)G(0.00)R(0.00)	N13	1	F(0.00)E(0.00)D(0.00)G(0.00)V(0.00)L(0.00)D(0.00)P(0.00)D(0.00)Y(0.00)P(0.00)R(0.00)N(6.72)I(0.00)S(0.00)D(0.00)G(0.00)F(0.00)D(0.00)G(0.00)I(0.00)P(0.00)D(0.00)N(0.00)V(0.00)D(0.00)A(0.00)A(0.00)L(0.00)A(0.00)L(0.00)P(0.00)A(0.00)H(0.00)S(0.00)Y(0.00)S(0.00)G(0.00)R(0.00)	F(0)E(0)D(0)G(0)V(0)L(0)D(0)P(0)D(0)Y(0)P(0)R(0)N(0)I(0)S(0)D(0)G(0)F(0)D(0)G(0)I(0)P(0)D(0)N(0)V(0)D(0)A(0)A(0)L(0)A(0)L(0)P(0)A(0)H(0)S(0)Y(0)S(0)G(0)R(0)	38.991028	14	0	0	38.991028	14	6.724015	0	0	0	0	FALSE	FALSE	TRUE	sp|P04004|VTNC_HUMAN	P04004	VTNC_HUMAN	VTN	Vitronectin			58181	0	0	0	0	0	0
240419_ES_R00006_MG_c00001_SA_NPB_3_i2.58199.58199.4	D:\SHARE\Tim\25-12-03_GD_Dataset\GD_dataset\NPB_3_i2\interact.pep.xml	FEDGVLDPDYPRNISDGFDGIPDNVDAALALPAHSYSGR	FEDGVLDPDYPRN[2975]ISDGFDGIPDNVDAALALPAHSYSGR	FKGSQYWR.FEDGVLDPDYPRNISDGFDGIPDNVDAALALPAHSYSGR.ERVYFFKG	R	E	39	4	5035.7095	7035.9697	7035.995	1759.9997	1760.006	7035.9507	1759.995	0.0444	5.72E-12	45.846	0	1	0	2	1	230	268	0	13N(2861.0000)	NA	HexNAc(5)Hex(6)NeuAc(3) % 2861.0000	-0.21	0	FEDGVLDPDYPRnISDGFDGIPDNVDAALALPAHSYSGR	F(0.00)E(0.00)D(0.00)G(0.00)V(0.00)L(0.00)D(0.00)P(0.00)D(0.00)Y(0.00)P(0.00)R(0.00)N(44.36)I(0.00)S(0.00)D(0.00)G(0.00)F(0.00)D(0.00)G(0.00)I(0.00)P(0.00)D(0.00)N(0.00)V(0.00)D(0.00)A(0.00)A(0.00)L(0.00)A(0.00)L(0.00)P(0.00)A(0.00)H(0.00)S(0.00)Y(0.00)S(0.00)G(0.00)R(0.00)	N13	1	F(0.00)E(0.00)D(0.00)G(0.00)V(0.00)L(0.00)D(0.00)P(0.00)D(0.00)Y(0.00)P(0.00)R(0.00)N(3.99)I(0.00)S(0.00)D(0.00)G(0.00)F(0.00)D(0.00)G(0.00)I(0.00)P(0.00)D(0.00)N(0.00)V(0.00)D(0.00)A(0.00)A(0.00)L(0.00)A(0.00)L(0.00)P(0.00)A(0.00)H(0.00)S(0.00)Y(0.00)S(0.00)G(0.00)R(0.00)	F(0)E(0)D(0)G(0)V(0)L(0)D(0)P(0)D(0)Y(0)P(0)R(0)N(0)I(0)S(0)D(0)G(0)F(0)D(0)G(0)I(0)P(0)D(0)N(0)V(0)D(0)A(0)A(0)L(0)A(0)L(0)P(0)A(0)H(0)S(0)Y(0)S(0)G(0)R(0)	44.36054	18	0	0	45.846916	19	3.9885025	0	0	0	0	FALSE	FALSE	TRUE	sp|P04004|VTNC_HUMAN	P04004	VTNC_HUMAN	VTN	Vitronectin			58181	0	0	0	0	0	0
240419_ES_R00006_MG_c00001_SA_NPB_3_i2.58324.58324.3	D:\SHARE\Tim\25-12-03_GD_Dataset\GD_dataset\NPB_3_i2\interact.pep.xml	DLQSLEDILHQVENK	DLQSLEDILHQVEN[2319]K	TYQTKVDK.DLQSLEDILHQVENK.TSEVKQLI	K	T	15	3	5045.23	3984.6816	3984.6738	1329.2345	1329.2319	3984.6726	1329.2314	0.0012	2.25E-07	15.604	9.944	1	0	2	0	65	79	14362759	14N(2204.7725)	NA	HexNAc(4)Hex(5)NeuAc(2) % 2204.7724	6.38	0	DLQSLEDILHQVEnK	D(0.00)L(0.00)Q(0.00)S(0.00)L(0.00)E(0.00)D(0.00)I(0.00)L(0.00)H(0.00)Q(0.00)V(0.00)E(0.00)N(15.60)K(0.00)	N14	1	D(0.00)L(0.00)Q(0.00)S(0.00)L(0.00)E(0.00)D(0.00)I(0.00)L(0.00)H(0.00)Q(0.00)V(0.00)E(0.00)N(9.20)K(0.00)	D(0)L(0)Q(0)S(0)L(0)E(0)D(0)I(0)L(0)H(0)Q(0)V(0)E(0)N(0)K(0)	15.604833	4	0	0	15.604833	4	9.195234	0	0	0	0	FALSE	FALSE	FALSE	tr|C9JC84|C9JC84_HUMAN	C9JC84	C9JC84_HUMAN	FGG	Fibrinogen gamma chain		"sp|P02679|FIBG_HUMAN, tr|C9JEU5|C9JEU5_HUMAN"	58287	5034.243	58181	4961.324	5050.72	24.582	56
240419_ES_R00006_MG_c00001_SA_NPB_3_i2.58347.58347.4	D:\SHARE\Tim\25-12-03_GD_Dataset\GD_dataset\NPB_3_i2\interact.pep.xml	NNATVHEQVGGPSLTSDLQAQSK	NN[2319]ATVHEQVGGPSLTSDLQAQSK	VYDDGEEK.NNATVHEQVGGPSLTSDLQAQSK.GNPEQTPV	K	G	23	4	5047.1167	4584.936	4584.938	1147.2413	1147.2418	4584.9346	1147.241	0.0037	1.71E-10	39.626	15.817	1	0	2	0	85	107	25991754	2N(2204.7725)	NA	HexNAc(4)Hex(5)NeuAc(2) % 2204.7724	6.16	0	NnATVHEQVGGPSLTSDLQAQSK	N(0.00)N(39.63)A(0.00)T(0.00)V(0.00)H(0.00)E(0.00)Q(0.00)V(0.00)G(0.00)G(0.00)P(0.00)S(0.00)L(0.00)T(0.00)S(0.00)D(0.00)L(0.00)Q(0.00)A(0.00)Q(0.00)S(0.00)K(0.00)	N2	1	N(0.00)N(18.08)A(0.00)T(0.00)V(0.00)H(0.00)E(0.00)Q(0.00)V(0.00)G(0.00)G(0.00)P(0.00)S(0.00)L(0.00)T(0.00)S(0.00)D(0.00)L(0.00)Q(0.00)A(0.00)Q(0.00)S(0.00)K(0.00)	N(0)N(4)A(0)T(0)V(0)H(0)E(0)Q(0)V(0)G(0)G(0)P(0)S(0)L(0)T(0)S(0)D(0)L(0)Q(0)A(0)Q(0)S(0)K(0)	39.626434	13	0	0	33.721443	9	18.08162	4	0	0	0	FALSE	FALSE	FALSE	sp|P04004|VTNC_HUMAN	P04004	VTNC_HUMAN	VTN	Vitronectin		tr|F5GX75|F5GX75_HUMAN	58330	5052.389	58417	4890.0044	5178.345	86.87701	193
240419_ES_R00006_MG_c00001_SA_NPB_3_i2.58653.58653.4	D:\SHARE\Tim\25-12-03_GD_Dataset\GD_dataset\NPB_3_i2\interact.pep.xml	FEDGVLDPDYPRNISDGFDGIPDNVDAALALPAHSYSGR	FEDGVLDPDYPRN[2319]ISDGFDGIPDNVDAALALPAHSYSGR	FKGSQYWR.FEDGVLDPDYPRNISDGFDGIPDNVDAALALPAHSYSGR.ERVYFFKG	R	E	39	4	5070.782	6379.7207	6379.7163	1595.9375	1595.9364	6379.7231	1595.9381	-0.0068	3.31E-11	50.422	8.796	1	0	2	1	230	268	0	13N(2204.7725)	NA	HexNAc(4)Hex(5)NeuAc(2) % 2204.7724	3.78	0	FEDGVLDPDYPRnISDGFDGIPDNVDAALALPAHSYSGR	F(0.00)E(0.00)D(0.00)G(0.00)V(0.00)L(0.00)D(0.00)P(0.00)D(0.00)Y(0.00)P(0.00)R(0.00)N(50.42)I(0.00)S(0.00)D(0.00)G(0.00)F(0.00)D(0.00)G(0.00)I(0.00)P(0.00)D(0.00)N(0.00)V(0.00)D(0.00)A(0.00)A(0.00)L(0.00)A(0.00)L(0.00)P(0.00)A(0.00)H(0.00)S(0.00)Y(0.00)S(0.00)G(0.00)R(0.00)	N13	1	F(0.00)E(0.00)D(0.00)G(0.00)V(0.00)L(0.00)D(0.00)P(0.00)D(0.00)Y(0.00)P(0.00)R(0.00)N(6.97)I(0.00)S(0.00)D(0.00)G(0.00)F(0.00)D(0.00)G(0.00)I(0.00)P(0.00)D(0.00)N(0.00)V(0.00)D(0.00)A(0.00)A(0.00)L(0.00)A(0.00)L(0.00)P(0.00)A(0.00)H(0.00)S(0.00)Y(0.00)S(0.00)G(0.00)R(0.00)	F(0)E(0)D(0)G(0)V(0)L(0)D(0)P(0)D(0)Y(0)P(0)R(0)N(0)I(0)S(0)D(0)G(0)F(0)D(0)G(0)I(0)P(0)D(0)N(0)V(0)D(0)A(0)A(0)L(0)A(0)L(0)P(0)A(0)H(0)S(0)Y(0)S(0)G(0)R(0)	50.422436	19	0	0	50.422436	19	6.9670277	0	0	0	0	FALSE	FALSE	TRUE	sp|P04004|VTNC_HUMAN	P04004	VTNC_HUMAN	VTN	Vitronectin			58637	0	0	0	0	0	0
240419_ES_R00006_MG_c00001_SA_NPB_3_i2.58683.58683.5	D:\SHARE\Tim\25-12-03_GD_Dataset\GD_dataset\NPB_3_i2\interact.pep.xml	FEDGVLDPDYPRNISDGFDGIPDNVDAALALPAHSYSGR	FEDGVLDPDYPRN[2684]ISDGFDGIPDNVDAALALPAHSYSGR	FKGSQYWR.FEDGVLDPDYPRNISDGFDGIPDNVDAALALPAHSYSGR.ERVYFFKG	R	E	39	5	5072.9844	6745.837	6745.825	1350.1747	1350.1723	6744.8555	1349.9784	0.97	1.66E-10	47.615	0	1	0	2	1	230	268	0	13N(2569.9045)	NA	HexNAc(5)Hex(6)NeuAc(2) % 2569.9046	1.79	0	FEDGVLDPDYPRnISDGFDGIPDNVDAALALPAHSYSGR	F(0.00)E(0.00)D(0.00)G(0.00)V(0.00)L(0.00)D(0.00)P(0.00)D(0.00)Y(0.00)P(0.00)R(0.00)N(47.62)I(0.00)S(0.00)D(0.00)G(0.00)F(0.00)D(0.00)G(0.00)I(0.00)P(0.00)D(0.00)N(0.00)V(0.00)D(0.00)A(0.00)A(0.00)L(0.00)A(0.00)L(0.00)P(0.00)A(0.00)H(0.00)S(0.00)Y(0.00)S(0.00)G(0.00)R(0.00)	N13	1	F(0.00)E(0.00)D(0.00)G(0.00)V(0.00)L(0.00)D(0.00)P(0.00)D(0.00)Y(0.00)P(0.00)R(0.00)N(5.24)I(0.00)S(0.00)D(0.00)G(0.00)F(0.00)D(0.00)G(0.00)I(0.00)P(0.00)D(0.00)N(0.00)V(0.00)D(0.00)A(0.00)A(0.00)L(0.00)A(0.00)L(0.00)P(0.00)A(0.00)H(0.00)S(0.00)Y(0.00)S(0.00)G(0.00)R(0.00)	F(0)E(0)D(0)G(0)V(0)L(0)D(0)P(0)D(0)Y(0)P(0)R(0)N(0)I(0)S(0)D(0)G(0)F(0)D(0)G(0)I(0)P(0)D(0)N(0)V(0)D(0)A(0)A(0)L(0)A(0)L(0)P(0)A(0)H(0)S(0)Y(0)S(0)G(0)R(0)	47.61519	19	0	0	47.61519	19	5.2420645	0	0	0	0	FALSE	FALSE	TRUE	sp|P04004|VTNC_HUMAN	P04004	VTNC_HUMAN	VTN	Vitronectin			58650	0	0	0	0	0	0
240419_ES_R00006_MG_c00001_SA_NPB_3_i2.58724.58724.5	D:\SHARE\Tim\25-12-03_GD_Dataset\GD_dataset\NPB_3_i2\interact.pep.xml	FEDGVLDPDYPRNISDGFDGIPDNVDAALALPAHSYSGR	FEDGVLDPDYPRN[3267]ISDGFDGIPDNVDAALALPAHSYSGR	FKGSQYWR.FEDGVLDPDYPRNISDGFDGIPDNVDAALALPAHSYSGR.ERVYFFKG	R	E	39	5	5075.966	7328.155	7328.1743	1466.6383	1466.6421	7328.0664	1466.6206	0.1077	1.00E-06	31.497	0	1	0	2	1	230	268	0	13N(3153.1160)	NA	HexNAc(5)Hex(6)Fuc(2)NeuAc(3) % 3153.1159	-0.12	0	FEDGVLDPDYPRnISDGFDGIPDNVDAALALPAHSYSGR	F(0.00)E(0.00)D(0.00)G(0.00)V(0.00)L(0.00)D(0.00)P(0.00)D(0.00)Y(0.00)P(0.00)R(0.00)N(31.50)I(0.00)S(0.00)D(0.00)G(0.00)F(0.00)D(0.00)G(0.00)I(0.00)P(0.00)D(0.00)N(0.00)V(0.00)D(0.00)A(0.00)A(0.00)L(0.00)A(0.00)L(0.00)P(0.00)A(0.00)H(0.00)S(0.00)Y(0.00)S(0.00)G(0.00)R(0.00)	N13	1	F(0.00)E(0.00)D(0.00)G(0.00)V(0.00)L(0.00)D(0.00)P(0.00)D(0.00)Y(0.00)P(0.00)R(0.00)N(5.52)I(0.00)S(0.00)D(0.00)G(0.00)F(0.00)D(0.00)G(0.00)I(0.00)P(0.00)D(0.00)N(0.00)V(0.00)D(0.00)A(0.00)A(0.00)L(0.00)A(0.00)L(0.00)P(0.00)A(0.00)H(0.00)S(0.00)Y(0.00)S(0.00)G(0.00)R(0.00)	F(0)E(0)D(0)G(0)V(0)L(0)D(0)P(0)D(0)Y(0)P(0)R(0)N(0)I(0)S(0)D(0)G(0)F(0)D(0)G(0)I(0)P(0)D(0)N(0)V(0)D(0)A(0)A(0)L(0)A(0)L(0)P(0)A(0)H(0)S(0)Y(0)S(0)G(0)R(0)	31.497791	11	0	0	31.497791	11	5.518272	0	0	0	0	FALSE	FALSE	TRUE	sp|P04004|VTNC_HUMAN	P04004	VTNC_HUMAN	VTN	Vitronectin			58695	0	0	0	0	0	0
240419_ES_R00006_MG_c00001_SA_NPB_3_i2.58813.58813.4	D:\SHARE\Tim\25-12-03_GD_Dataset\GD_dataset\NPB_3_i2\interact.pep.xml	NNATVHEQVGGPSLTSDLQAQSK	NN[2319]ATVHEQVGGPSLTSDLQAQSK	VYDDGEEK.NNATVHEQVGGPSLTSDLQAQSK.GNPEQTPV	K	G	23	4	5082.866	4585.9517	4585.942	1147.4952	1147.4928	4584.9346	1147.241	1.0076	4.55E-10	40.584	15.703	1	0	2	0	85	107	25679652	2N(2204.7725)	NA	HexNAc(4)Hex(5)NeuAc(2) % 2204.7724	5.14	0	NnATVHEQVGGPSLTSDLQAQSK	N(0.00)N(39.39)A(0.00)T(0.00)V(0.00)H(0.00)E(0.00)Q(0.00)V(0.00)G(0.00)G(0.00)P(0.00)S(0.00)L(0.00)T(0.00)S(0.00)D(0.00)L(0.00)Q(0.00)A(0.00)Q(0.00)S(0.00)K(0.00)	N2	1	N(0.00)N(12.25)A(0.00)T(0.00)V(0.00)H(0.00)E(0.00)Q(0.00)V(0.00)G(0.00)G(0.00)P(0.00)S(0.00)L(0.00)T(0.00)S(0.00)D(0.00)L(0.00)Q(0.00)A(0.00)Q(0.00)S(0.00)K(0.00)	N(0)N(0)A(0)T(0)V(0)H(0)E(0)Q(0)V(0)G(0)G(0)P(0)S(0)L(0)T(0)S(0)D(0)L(0)Q(0)A(0)Q(0)S(0)K(0)	39.38522	11	0	0	40.584885	12	12.252863	0	0	0	0	FALSE	FALSE	FALSE	sp|P04004|VTNC_HUMAN	P04004	VTNC_HUMAN	VTN	Vitronectin		tr|F5GX75|F5GX75_HUMAN	58788	5064.6753	58578	4783.02	5359.7803	15.830001	416
240419_ES_R00006_MG_c00001_SA_NPB_3_i2.58818.58818.3	D:\SHARE\Tim\25-12-03_GD_Dataset\GD_dataset\NPB_3_i2\interact.pep.xml	NNATVHEQVGGPSLTSDLQAQSK	NN[2319]ATVHEQVGGPSLTSDLQAQSK	VYDDGEEK.NNATVHEQVGGPSLTSDLQAQSK.GNPEQTPV	K	G	23	3	5083.2075	4585.927	4585.9424	1529.6496	1529.6547	4584.9346	1529.3188	1.0081	0.1588928	13.582	9.151	0.6871	0.000230947	2	0	85	107	0	2N(2204.7725)	NA	HexNAc(4)Hex(5)NeuAc(2) % 2204.7724	3.91	0	NnATVHEQVGGPSLTSDLQAQSK	N(0.00)N(13.58)A(0.00)T(0.00)V(0.00)H(0.00)E(0.00)Q(0.00)V(0.00)G(0.00)G(0.00)P(0.00)S(0.00)L(0.00)T(0.00)S(0.00)D(0.00)L(0.00)Q(0.00)A(0.00)Q(0.00)S(0.00)K(0.00)	N2	1	N(0.00)N(8.06)A(0.00)T(0.00)V(0.00)H(0.00)E(0.00)Q(0.00)V(0.00)G(0.00)G(0.00)P(0.00)S(0.00)L(0.00)T(0.00)S(0.00)D(0.00)L(0.00)Q(0.00)A(0.00)Q(0.00)S(0.00)K(0.00)	N(0)N(0)A(0)T(0)V(0)H(0)E(0)Q(0)V(0)G(0)G(0)P(0)S(0)L(0)T(0)S(0)D(0)L(0)Q(0)A(0)Q(0)S(0)K(0)	13.58205	3	0	0	13.58205	3	8.056186	0	0	0	0	FALSE	FALSE	FALSE	sp|P04004|VTNC_HUMAN	P04004	VTNC_HUMAN	VTN	Vitronectin		tr|F5GX75|F5GX75_HUMAN	58788	0	0	0	0	0	0
240419_ES_R00006_MG_c00001_SA_NPB_3_i2.58835.58835.5	D:\SHARE\Tim\25-12-03_GD_Dataset\GD_dataset\NPB_3_i2\interact.pep.xml	FEDGVLDPDYPRNISDGFDGIPDNVDAALALPAHSYSGR	FEDGVLDPDYPRN[3267]ISDGFDGIPDNVDAALALPAHSYSGR	FKGSQYWR.FEDGVLDPDYPRNISDGFDGIPDNVDAALALPAHSYSGR.ERVYFFKG	R	E	39	5	5084.4556	7330.1084	7330.08	1467.029	1467.0233	7328.0664	1466.6206	2.0134	4.46E-08	36.903	0	1	0	2	1	230	268	0	13N(3153.1160)	NA	HexNAc(5)Hex(6)Fuc(2)NeuAc(3) % 3153.1159	2.23	0	FEDGVLDPDYPRnISDGFDGIPDNVDAALALPAHSYSGR	F(0.00)E(0.00)D(0.00)G(0.00)V(0.00)L(0.00)D(0.00)P(0.00)D(0.00)Y(0.00)P(0.00)R(0.00)N(36.90)I(0.00)S(0.00)D(0.00)G(0.00)F(0.00)D(0.00)G(0.00)I(0.00)P(0.00)D(0.00)N(0.00)V(0.00)D(0.00)A(0.00)A(0.00)L(0.00)A(0.00)L(0.00)P(0.00)A(0.00)H(0.00)S(0.00)Y(0.00)S(0.00)G(0.00)R(0.00)	N13	1	F(0.00)E(0.00)D(0.00)G(0.00)V(0.00)L(0.00)D(0.00)P(0.00)D(0.00)Y(0.00)P(0.00)R(0.00)N(6.86)I(0.00)S(0.00)D(0.00)G(0.00)F(0.00)D(0.00)G(0.00)I(0.00)P(0.00)D(0.00)N(0.00)V(0.00)D(0.00)A(0.00)A(0.00)L(0.00)A(0.00)L(0.00)P(0.00)A(0.00)H(0.00)S(0.00)Y(0.00)S(0.00)G(0.00)R(0.00)	F(0)E(0)D(0)G(0)V(0)L(0)D(0)P(0)D(0)Y(0)P(0)R(0)N(0)I(0)S(0)D(0)G(0)F(0)D(0)G(0)I(0)P(0)D(0)N(0)V(0)D(0)A(0)A(0)L(0)A(0)L(0)P(0)A(0)H(0)S(0)Y(0)S(0)G(0)R(0)	36.90355	12	0	0	36.90355	12	6.860714	0	0	0	0	FALSE	FALSE	TRUE	sp|P04004|VTNC_HUMAN	P04004	VTNC_HUMAN	VTN	Vitronectin			58810	0	0	0	0	0	0
240419_ES_R00006_MG_c00001_SA_NPB_3_i2.58900.58900.5	D:\SHARE\Tim\25-12-03_GD_Dataset\GD_dataset\NPB_3_i2\interact.pep.xml	FEDGVLDPDYPRNISDGFDGIPDNVDAALALPAHSYSGR	FEDGVLDPDYPRN[3267]ISDGFDGIPDNVDAALALPAHSYSGR	FKGSQYWR.FEDGVLDPDYPRNISDGFDGIPDNVDAALALPAHSYSGR.ERVYFFKG	R	E	39	5	5089.558	7329.0576	7329.086	1466.8188	1466.8245	7328.0664	1466.6206	1.0193	4.06E-07	34.064	0	1	0	2	1	230	268	0	13N(3153.1160)	NA	HexNAc(5)Hex(6)Fuc(2)NeuAc(3) % 3153.1159	0.63	0	FEDGVLDPDYPRnISDGFDGIPDNVDAALALPAHSYSGR	F(0.00)E(0.00)D(0.00)G(0.00)V(0.00)L(0.00)D(0.00)P(0.00)D(0.00)Y(0.00)P(0.00)R(0.00)N(34.06)I(0.00)S(0.00)D(0.00)G(0.00)F(0.00)D(0.00)G(0.00)I(0.00)P(0.00)D(0.00)N(0.00)V(0.00)D(0.00)A(0.00)A(0.00)L(0.00)A(0.00)L(0.00)P(0.00)A(0.00)H(0.00)S(0.00)Y(0.00)S(0.00)G(0.00)R(0.00)	N13	1	F(0.00)E(0.00)D(0.00)G(0.00)V(0.00)L(0.00)D(0.00)P(0.00)D(0.00)Y(0.00)P(0.00)R(0.00)N(5.23)I(0.00)S(0.00)D(0.00)G(0.00)F(0.00)D(0.00)G(0.00)I(0.00)P(0.00)D(0.00)N(0.00)V(0.00)D(0.00)A(0.00)A(0.00)L(0.00)A(0.00)L(0.00)P(0.00)A(0.00)H(0.00)S(0.00)Y(0.00)S(0.00)G(0.00)R(0.00)	F(0)E(0)D(0)G(0)V(0)L(0)D(0)P(0)D(0)Y(0)P(0)R(0)N(0)I(0)S(0)D(0)G(0)F(0)D(0)G(0)I(0)P(0)D(0)N(0)V(0)D(0)A(0)A(0)L(0)A(0)L(0)P(0)A(0)H(0)S(0)Y(0)S(0)G(0)R(0)	34.06485	12	0	0	34.06485	12	5.225069	0	0	0	0	FALSE	FALSE	TRUE	sp|P04004|VTNC_HUMAN	P04004	VTNC_HUMAN	VTN	Vitronectin			58873	0	0	0	0	0	0
240419_ES_R00006_MG_c00001_SA_NPB_3_i2.58983.58983.5	D:\SHARE\Tim\25-12-03_GD_Dataset\GD_dataset\NPB_3_i2\interact.pep.xml	FEDGVLDPDYPRNISDGFDGIPDNVDAALALPAHSYSGR	FEDGVLDPDYPRN[3267]ISDGFDGIPDNVDAALALPAHSYSGR	FKGSQYWR.FEDGVLDPDYPRNISDGFDGIPDNVDAALALPAHSYSGR.ERVYFFKG	R	E	39	5	5095.949	7331.089	7331.076	1467.2251	1467.2225	7328.0664	1466.6206	3.0095	0.000655391	21.234	0	1	0	2	1	230	268	0	13N(3153.1160)	NA	HexNAc(5)Hex(6)Fuc(2)NeuAc(3) % 3153.1159	-0.03	0	FEDGVLDPDYPRnISDGFDGIPDNVDAALALPAHSYSGR	F(0.00)E(0.00)D(0.00)G(0.00)V(0.00)L(0.00)D(0.00)P(0.00)D(0.00)Y(0.00)P(0.00)R(0.00)N(21.23)I(0.00)S(0.00)D(0.00)G(0.00)F(0.00)D(0.00)G(0.00)I(0.00)P(0.00)D(0.00)N(0.00)V(0.00)D(0.00)A(0.00)A(0.00)L(0.00)A(0.00)L(0.00)P(0.00)A(0.00)H(0.00)S(0.00)Y(0.00)S(0.00)G(0.00)R(0.00)	N13	1	F(0.00)E(0.00)D(0.00)G(0.00)V(0.00)L(0.00)D(0.00)P(0.00)D(0.00)Y(0.00)P(0.00)R(0.00)N(3.57)I(0.00)S(0.00)D(0.00)G(0.00)F(0.00)D(0.00)G(0.00)I(0.00)P(0.00)D(0.00)N(0.00)V(0.00)D(0.00)A(0.00)A(0.00)L(0.00)A(0.00)L(0.00)P(0.00)A(0.00)H(0.00)S(0.00)Y(0.00)S(0.00)G(0.00)R(0.00)	F(0)E(0)D(0)G(0)V(0)L(0)D(0)P(0)D(0)Y(0)P(0)R(0)N(0)I(0)S(0)D(0)G(0)F(0)D(0)G(0)I(0)P(0)D(0)N(0)V(0)D(0)A(0)A(0)L(0)A(0)L(0)P(0)A(0)H(0)S(0)Y(0)S(0)G(0)R(0)	21.23402	8	0	0	21.23402	8	3.5731318	0	0	0	0	FALSE	FALSE	TRUE	sp|P04004|VTNC_HUMAN	P04004	VTNC_HUMAN	VTN	Vitronectin			58962	0	0	0	0	0	0
240419_ES_R00006_MG_c00001_SA_NPB_3_i2.59013.59013.3	D:\SHARE\Tim\25-12-03_GD_Dataset\GD_dataset\NPB_3_i2\interact.pep.xml	NNATVHEQVGGPSLTSDLQAQSK	NN[2319]ATVHEQVGGPSLTSDLQAQSK	VYDDGEEK.NNATVHEQVGGPSLTSDLQAQSK.GNPEQTPV	K	G	23	3	5098.261	4586.9395	4586.9375	1529.9871	1529.9864	4584.9346	1529.3188	2.0032	0.1035738	13.439	9.455	0.7821	0.000230947	2	0	85	107	0	2N(2204.7725)	NA	HexNAc(4)Hex(5)NeuAc(2) % 2204.7724	4.71	0	NnATVHEQVGGPSLTSDLQAQSK	N(0.00)N(13.44)A(0.00)T(0.00)V(0.00)H(0.00)E(0.00)Q(0.00)V(0.00)G(0.00)G(0.00)P(0.00)S(0.00)L(0.00)T(0.00)S(0.00)D(0.00)L(0.00)Q(0.00)A(0.00)Q(0.00)S(0.00)K(0.00)	N2	1	N(0.00)N(7.80)A(0.00)T(0.00)V(0.00)H(0.00)E(0.00)Q(0.00)V(0.00)G(0.00)G(0.00)P(0.00)S(0.00)L(0.00)T(0.00)S(0.00)D(0.00)L(0.00)Q(0.00)A(0.00)Q(0.00)S(0.00)K(0.00)	N(0)N(0)A(0)T(0)V(0)H(0)E(0)Q(0)V(0)G(0)G(0)P(0)S(0)L(0)T(0)S(0)D(0)L(0)Q(0)A(0)Q(0)S(0)K(0)	13.439374	3	0	0	13.439374	3	7.8036537	0	0	0	0	FALSE	FALSE	FALSE	sp|P04004|VTNC_HUMAN	P04004	VTNC_HUMAN	VTN	Vitronectin		tr|F5GX75|F5GX75_HUMAN	58981	0	0	0	0	0	0
240419_ES_R00006_MG_c00001_SA_NPB_3_i2.59052.59052.4	D:\SHARE\Tim\25-12-03_GD_Dataset\GD_dataset\NPB_3_i2\interact.pep.xml	NNATVHEQVGGPSLTSDLQAQSK	NN[2028]ATVHEQVGGPSLTSDLQAQSK	VYDDGEEK.NNATVHEQVGGPSLTSDLQAQSK.GNPEQTPV	K	G	23	4	5101.289	4293.847	4293.8374	1074.469	1074.4666	4293.8389	1074.467	-0.0015	0.01787437	21.62	16.748	0.9971	0	2	0	85	107	0	2N(1913.6770)	NA	HexNAc(4)Hex(5)NeuAc(1) % 1913.6770	4.92	0	NnATVHEQVGGPSLTSDLQAQSK	N(0.00)N(18.44)A(0.00)T(0.00)V(0.00)H(0.00)E(0.00)Q(0.00)V(0.00)G(0.00)G(0.00)P(0.00)S(0.00)L(0.00)T(0.00)S(0.00)D(0.00)L(0.00)Q(0.00)A(0.00)Q(0.00)S(0.00)K(0.00)	N2	1	N(0.00)N(10.34)A(0.00)T(0.00)V(0.00)H(0.00)E(0.00)Q(0.00)V(0.00)G(0.00)G(0.00)P(0.00)S(0.00)L(0.00)T(0.00)S(0.00)D(0.00)L(0.00)Q(0.00)A(0.00)Q(0.00)S(0.00)K(0.00)	N(0)N(0)A(0)T(0)V(0)H(0)E(0)Q(0)V(0)G(0)G(0)P(0)S(0)L(0)T(0)S(0)D(0)L(0)Q(0)A(0)Q(0)S(0)K(0)	18.44299	4	0	0	21.620708	6	10.341308	0	0	0	0	FALSE	FALSE	FALSE	sp|P04004|VTNC_HUMAN	P04004	VTNC_HUMAN	VTN	Vitronectin		tr|F5GX75|F5GX75_HUMAN	59026	0	0	0	0	0	0
240419_ES_R00006_MG_c00001_SA_NPB_3_i2.59137.59137.4	D:\SHARE\Tim\25-12-03_GD_Dataset\GD_dataset\NPB_3_i2\interact.pep.xml	NNATVHEQVGGPSLTSDLQAQSK	NN[2975]ATVHEQVGGPSLTSDLQAQSK	VYDDGEEK.NNATVHEQVGGPSLTSDLQAQSK.GNPEQTPV	K	G	23	4	5107.846	5241.1875	5241.179	1311.3042	1311.302	5241.1621	1311.2979	0.0173	0.1138938	13.274	0	0.9709	0.000230947	2	0	85	107	0	2N(2861.0000)	NA	HexNAc(5)Hex(6)NeuAc(3) % 2861.0000	3.92	0	NnATVHEQVGGPSLTSDLQAQSK	N(0.00)N(11.47)A(0.00)T(0.00)V(0.00)H(0.00)E(0.00)Q(0.00)V(0.00)G(0.00)G(0.00)P(0.00)S(0.00)L(0.00)T(0.00)S(0.00)D(0.00)L(0.00)Q(0.00)A(0.00)Q(0.00)S(0.00)K(0.00)	N2	1	N(0.00)N(6.50)A(0.00)T(0.00)V(0.00)H(0.00)E(0.00)Q(0.00)V(0.00)G(0.00)G(0.00)P(0.00)S(0.00)L(0.00)T(0.00)S(0.00)D(0.00)L(0.00)Q(0.00)A(0.00)Q(0.00)S(0.00)K(0.00)	N(0)N(0)A(0)T(0)V(0)H(0)E(0)Q(0)V(0)G(0)G(0)P(0)S(0)L(0)T(0)S(0)D(0)L(0)Q(0)A(0)Q(0)S(0)K(0)	11.468239	3	0	0	13.274393	4	6.502046	0	0	0	0	FALSE	FALSE	FALSE	sp|P04004|VTNC_HUMAN	P04004	VTNC_HUMAN	VTN	Vitronectin		tr|F5GX75|F5GX75_HUMAN	59109	0	0	0	0	0	0
240419_ES_R00006_MG_c00001_SA_NPB_3_i2.59149.59149.4	D:\SHARE\Tim\25-12-03_GD_Dataset\GD_dataset\NPB_3_i2\interact.pep.xml	NISDGFDGIPDNVDAALALPAHSYSGR	N[2319]ISDGFDGIPDNVDAALALPAHSYSGR	VLDPDYPR.NISDGFDGIPDNVDAALALPAHSYSGR.ERVYFFKG	R	E	27	4	5108.8174	4976.0996	4976.0913	1245.0322	1245.0301	4976.0874	1245.0292	0.0039	4.16E-12	27.932	11.653	1	0	2	0	242	268	0	1N(2204.7725)	NA	HexNAc(4)Hex(5)NeuAc(2) % 2204.7724	5.47	0	nISDGFDGIPDNVDAALALPAHSYSGR	N(27.93)I(0.00)S(0.00)D(0.00)G(0.00)F(0.00)D(0.00)G(0.00)I(0.00)P(0.00)D(0.00)N(0.00)V(0.00)D(0.00)A(0.00)A(0.00)L(0.00)A(0.00)L(0.00)P(0.00)A(0.00)H(0.00)S(0.00)Y(0.00)S(0.00)G(0.00)R(0.00)	N1	1	N(4.97)I(0.00)S(0.00)D(0.00)G(0.00)F(0.00)D(0.00)G(0.00)I(0.00)P(0.00)D(0.00)N(0.00)V(0.00)D(0.00)A(0.00)A(0.00)L(0.00)A(0.00)L(0.00)P(0.00)A(0.00)H(0.00)S(0.00)Y(0.00)S(0.00)G(0.00)R(0.00)	N(0)I(0)S(0)D(0)G(0)F(0)D(0)G(0)I(0)P(0)D(0)N(0)V(0)D(0)A(0)A(0)L(0)A(0)L(0)P(0)A(0)H(0)S(0)Y(0)S(0)G(0)R(0)	27.93233	11	0	0	27.93233	11	4.9719915	0	0	0	0	FALSE	FALSE	TRUE	sp|P04004|VTNC_HUMAN	P04004	VTNC_HUMAN	VTN	Vitronectin			59131	0	0	0	0	0	0
240419_ES_R00006_MG_c00001_SA_NPB_3_i2.59165.59165.4	D:\SHARE\Tim\25-12-03_GD_Dataset\GD_dataset\NPB_3_i2\interact.pep.xml	NNATVHEQVGGPSLTSDLQAQSK	NN[2319]ATVHEQVGGPSLTSDLQAQSK	VYDDGEEK.NNATVHEQVGGPSLTSDLQAQSK.GNPEQTPV	K	G	23	4	5110.079	4584.975	4584.941	1147.251	1147.2425	4584.9346	1147.241	0.0066	3.00E-14	46.478	16.063	1	0	2	0	85	107	20271750	2N(2204.7725)	NA	HexNAc(4)Hex(5)NeuAc(2) % 2204.7724	5.86	0	NnATVHEQVGGPSLTSDLQAQSK	N(0.00)N(46.48)A(0.00)T(0.00)V(0.00)H(0.00)E(0.00)Q(0.00)V(0.00)G(0.00)G(0.00)P(0.00)S(0.00)L(0.00)T(0.00)S(0.00)D(0.00)L(0.00)Q(0.00)A(0.00)Q(0.00)S(0.00)K(0.00)	N2	1	N(0.00)N(16.45)A(0.00)T(0.00)V(0.00)H(0.00)E(0.00)Q(0.00)V(0.00)G(0.00)G(0.00)P(0.00)S(0.00)L(0.00)T(0.00)S(0.00)D(0.00)L(0.00)Q(0.00)A(0.00)Q(0.00)S(0.00)K(0.00)	N(0)N(3)A(0)T(0)V(0)H(0)E(0)Q(0)V(0)G(0)G(0)P(0)S(0)L(0)T(0)S(0)D(0)L(0)Q(0)A(0)Q(0)S(0)K(0)	46.478523	15	0	0	46.29226	15	16.451584	3	0	0	0	FALSE	FALSE	FALSE	sp|P04004|VTNC_HUMAN	P04004	VTNC_HUMAN	VTN	Vitronectin		tr|F5GX75|F5GX75_HUMAN	59146	5100.394	59040	4783.02	5359.7803	15.830001	417
240419_ES_R00006_MG_c00001_SA_NPB_3_i2.59166.59166.4	D:\SHARE\Tim\25-12-03_GD_Dataset\GD_dataset\NPB_3_i2\interact.pep.xml	FEDGVLDPDYPRNISDGFDGIPDNVDAALALPAHSYSGR	FEDGVLDPDYPRN[2975]ISDGFDGIPDNVDAALALPAHSYSGR	FKGSQYWR.FEDGVLDPDYPRNISDGFDGIPDNVDAALALPAHSYSGR.ERVYFFKG	R	E	39	4	5110.1475	7035.971	7035.9946	1760	1760.0059	7035.9507	1759.995	0.0439	4.06E-06	29.064	0	0.9979	0	2	1	230	268	0	13N(2861.0000)	NA	HexNAc(5)Hex(6)NeuAc(3) % 2861.0000	1.41	0	FEDGVLDPDYPRnISDGFDGIPDNVDAALALPAHSYSGR	F(0.00)E(0.00)D(0.00)G(0.00)V(0.00)L(0.00)D(0.00)P(0.00)D(0.00)Y(0.00)P(0.00)R(0.00)N(29.06)I(0.00)S(0.00)D(0.00)G(0.00)F(0.00)D(0.00)G(0.00)I(0.00)P(0.00)D(0.00)N(0.00)V(0.00)D(0.00)A(0.00)A(0.00)L(0.00)A(0.00)L(0.00)P(0.00)A(0.00)H(0.00)S(0.00)Y(0.00)S(0.00)G(0.00)R(0.00)	N13	1	F(0.00)E(0.00)D(0.00)G(0.00)V(0.00)L(0.00)D(0.00)P(0.00)D(0.00)Y(0.00)P(0.00)R(0.00)N(0.00)I(0.00)S(0.00)D(0.00)G(0.00)F(0.00)D(0.00)G(0.00)I(0.00)P(0.00)D(0.00)N(0.00)V(0.00)D(0.00)A(0.00)A(0.00)L(0.00)A(0.00)L(0.00)P(0.00)A(0.00)H(0.00)S(0.00)Y(0.00)S(0.00)G(0.00)R(0.00)	F(0)E(0)D(0)G(0)V(0)L(0)D(0)P(0)D(0)Y(0)P(0)R(0)N(0)I(0)S(0)D(0)G(0)F(0)D(0)G(0)I(0)P(0)D(0)N(0)V(0)D(0)A(0)A(0)L(0)A(0)L(0)P(0)A(0)H(0)S(0)Y(0)S(0)G(0)R(0)	29.064556	13	0	0	29.064556	13	0	0	0	0	0	FALSE	FALSE	TRUE	sp|P04004|VTNC_HUMAN	P04004	VTNC_HUMAN	VTN	Vitronectin			59146	0	0	0	0	0	0
240419_ES_R00006_MG_c00001_SA_NPB_3_i2.59176.59176.4	D:\SHARE\Tim\25-12-03_GD_Dataset\GD_dataset\NPB_3_i2\interact.pep.xml	NNATVHEQVGGPSLTSDLQAQSK	NN[2028]ATVHEQVGGPSLTSDLQAQSK	VYDDGEEK.NNATVHEQVGGPSLTSDLQAQSK.GNPEQTPV	K	G	23	4	5110.8354	4293.85	4293.838	1074.4698	1074.4668	4293.8389	1074.467	-0.001	0.03653843	18.249	9.899	0.9958	0	2	0	85	107	0	2N(1913.6770)	NA	HexNAc(4)Hex(5)NeuAc(1) % 1913.6770	5.07	0	NnATVHEQVGGPSLTSDLQAQSK	N(0.00)N(18.25)A(0.00)T(0.00)V(0.00)H(0.00)E(0.00)Q(0.00)V(0.00)G(0.00)G(0.00)P(0.00)S(0.00)L(0.00)T(0.00)S(0.00)D(0.00)L(0.00)Q(0.00)A(0.00)Q(0.00)S(0.00)K(0.00)	N2	1	N(0.00)N(10.12)A(0.00)T(0.00)V(0.00)H(0.00)E(0.00)Q(0.00)V(0.00)G(0.00)G(0.00)P(0.00)S(0.00)L(0.00)T(0.00)S(0.00)D(0.00)L(0.00)Q(0.00)A(0.00)Q(0.00)S(0.00)K(0.00)	N(0)N(0)A(0)T(0)V(0)H(0)E(0)Q(0)V(0)G(0)G(0)P(0)S(0)L(0)T(0)S(0)D(0)L(0)Q(0)A(0)Q(0)S(0)K(0)	18.249477	4	0	0	18.249477	4	10.122059	0	0	0	0	FALSE	FALSE	FALSE	sp|P04004|VTNC_HUMAN	P04004	VTNC_HUMAN	VTN	Vitronectin		tr|F5GX75|F5GX75_HUMAN	59146	0	0	0	0	0	0
240419_ES_R00006_MG_c00001_SA_NPB_3_i2.59195.59195.4	D:\SHARE\Tim\25-12-03_GD_Dataset\GD_dataset\NPB_3_i2\interact.pep.xml	FEDGVLDPDYPRNISDGFDGIPDNVDAALALPAHSYSGR	FEDGVLDPDYPRN[2975]ISDGFDGIPDNVDAALALPAHSYSGR	FKGSQYWR.FEDGVLDPDYPRNISDGFDGIPDNVDAALALPAHSYSGR.ERVYFFKG	R	E	39	4	5112.3457	7036.985	7036.973	1760.2535	1760.2505	7035.9507	1759.995	1.0225	0	36.875	0	1	0	2	1	230	268	101437224	13N(2861.0000)	NA	HexNAc(5)Hex(6)NeuAc(3) % 2861.0000	0.3	0	FEDGVLDPDYPRnISDGFDGIPDNVDAALALPAHSYSGR	F(0.00)E(0.00)D(0.00)G(0.00)V(0.00)L(0.00)D(0.00)P(0.00)D(0.00)Y(0.00)P(0.00)R(0.00)N(36.88)I(0.00)S(0.00)D(0.00)G(0.00)F(0.00)D(0.00)G(0.00)I(0.00)P(0.00)D(0.00)N(0.00)V(0.00)D(0.00)A(0.00)A(0.00)L(0.00)A(0.00)L(0.00)P(0.00)A(0.00)H(0.00)S(0.00)Y(0.00)S(0.00)G(0.00)R(0.00)	N13	1	F(0.00)E(0.00)D(0.00)G(0.00)V(0.00)L(0.00)D(0.00)P(0.00)D(0.00)Y(0.00)P(0.00)R(0.00)N(1.81)I(0.00)S(0.00)D(0.00)G(0.00)F(0.00)D(0.00)G(0.00)I(0.00)P(0.00)D(0.00)N(0.00)V(0.00)D(0.00)A(0.00)A(0.00)L(0.00)A(0.00)L(0.00)P(0.00)A(0.00)H(0.00)S(0.00)Y(0.00)S(0.00)G(0.00)R(0.00)	F(0)E(0)D(0)G(0)V(0)L(0)D(0)P(0)D(0)Y(0)P(0)R(0)N(0)I(0)S(0)D(0)G(0)F(0)D(0)G(0)I(0)P(0)D(0)N(0)V(0)D(0)A(0)A(0)L(0)A(0)L(0)P(0)A(0)H(0)S(0)Y(0)S(0)G(0)R(0)	36.87576	16	0	0	36.87576	16	1.8061553	0	0	0	0	FALSE	FALSE	TRUE	sp|P04004|VTNC_HUMAN	P04004	VTNC_HUMAN	VTN	Vitronectin			59163	5090.72	58915	5005.765	5131.8813	36.873	77
240419_ES_R00006_MG_c00001_SA_NPB_3_i2.59223.59223.3	D:\SHARE\Tim\25-12-03_GD_Dataset\GD_dataset\NPB_3_i2\interact.pep.xml	NNATVHEQVGGPSLTSDLQAQSK	NN[2319]ATVHEQVGGPSLTSDLQAQSK	VYDDGEEK.NNATVHEQVGGPSLTSDLQAQSK.GNPEQTPV	K	G	23	3	5114.447	4584.95	4584.946	1529.3239	1529.3226	4584.9346	1529.3188	0.0115	0.04347605	15.947	0	0.9789	0.000230947	2	0	85	107	0	2N(2204.7725)	NA	HexNAc(4)Hex(5)NeuAc(2) % 2204.7724	3.56	0	NnATVHEQVGGPSLTSDLQAQSK	N(0.00)N(13.78)A(0.00)T(0.00)V(0.00)H(0.00)E(0.00)Q(0.00)V(0.00)G(0.00)G(0.00)P(0.00)S(0.00)L(0.00)T(0.00)S(0.00)D(0.00)L(0.00)Q(0.00)A(0.00)Q(0.00)S(0.00)K(0.00)	N2	1	N(0.00)N(8.21)A(0.00)T(0.00)V(0.00)H(0.00)E(0.00)Q(0.00)V(0.00)G(0.00)G(0.00)P(0.00)S(0.00)L(0.00)T(0.00)S(0.00)D(0.00)L(0.00)Q(0.00)A(0.00)Q(0.00)S(0.00)K(0.00)	N(0)N(0)A(0)T(0)V(0)H(0)E(0)Q(0)V(0)G(0)G(0)P(0)S(0)L(0)T(0)S(0)D(0)L(0)Q(0)A(0)Q(0)S(0)K(0)	13.777414	3	0	0	15.947952	4	8.21344	0	0	0	0	FALSE	FALSE	FALSE	sp|P04004|VTNC_HUMAN	P04004	VTNC_HUMAN	VTN	Vitronectin		tr|F5GX75|F5GX75_HUMAN	59193	0	0	0	0	0	0
240419_ES_R00006_MG_c00001_SA_NPB_3_i2.59279.59279.5	D:\SHARE\Tim\25-12-03_GD_Dataset\GD_dataset\NPB_3_i2\interact.pep.xml	FEDGVLDPDYPRNISDGFDGIPDNVDAALALPAHSYSGR	FEDGVLDPDYPRN[3121]ISDGFDGIPDNVDAALALPAHSYSGR	FKGSQYWR.FEDGVLDPDYPRNISDGFDGIPDNVDAALALPAHSYSGR.ERVYFFKG	R	E	39	5	5118.795	7181.9917	7182.006	1437.4056	1437.4085	7182.0088	1437.4091	-0.0027	0.2732122	10.754	9.128	0.8366	0.000230947	2	1	230	268	0	13N(3007.0579)	NA	HexNAc(5)Hex(6)Fuc(1)NeuAc(3) % 3007.0579	-1.22	0.001120448	FEDGVLDPDYPRnISDGFDGIPDNVDAALALPAHSYSGR	F(0.00)E(0.00)D(0.00)G(0.00)V(0.00)L(0.00)D(0.00)P(0.00)D(0.00)Y(0.00)P(0.00)R(0.00)N(10.75)I(0.00)S(0.00)D(0.00)G(0.00)F(0.00)D(0.00)G(0.00)I(0.00)P(0.00)D(0.00)N(0.00)V(0.00)D(0.00)A(0.00)A(0.00)L(0.00)A(0.00)L(0.00)P(0.00)A(0.00)H(0.00)S(0.00)Y(0.00)S(0.00)G(0.00)R(0.00)	N13	1	F(0.00)E(0.00)D(0.00)G(0.00)V(0.00)L(0.00)D(0.00)P(0.00)D(0.00)Y(0.00)P(0.00)R(0.00)N(0.00)I(0.00)S(0.00)D(0.00)G(0.00)F(0.00)D(0.00)G(0.00)I(0.00)P(0.00)D(0.00)N(0.00)V(0.00)D(0.00)A(0.00)A(0.00)L(0.00)A(0.00)L(0.00)P(0.00)A(0.00)H(0.00)S(0.00)Y(0.00)S(0.00)G(0.00)R(0.00)	F(0)E(0)D(0)G(0)V(0)L(0)D(0)P(0)D(0)Y(0)P(0)R(0)N(0)I(0)S(0)D(0)G(0)F(0)D(0)G(0)I(0)P(0)D(0)N(0)V(0)D(0)A(0)A(0)L(0)A(0)L(0)P(0)A(0)H(0)S(0)Y(0)S(0)G(0)R(0)	10.754475	5	0	0	10.754475	5	0	0	0	0	0	FALSE	FALSE	TRUE	sp|P04004|VTNC_HUMAN	P04004	VTNC_HUMAN	VTN	Vitronectin			59252	0	0	0	0	0	0
240419_ES_R00006_MG_c00001_SA_NPB_3_i2.59296.59296.5	D:\SHARE\Tim\25-12-03_GD_Dataset\GD_dataset\NPB_3_i2\interact.pep.xml	FEDGVLDPDYPRNISDGFDGIPDNVDAALALPAHSYSGR	FEDGVLDPDYPRN[2975]ISDGFDGIPDNVDAALALPAHSYSGR	FKGSQYWR.FEDGVLDPDYPRNISDGFDGIPDNVDAALALPAHSYSGR.ERVYFFKG	R	E	39	5	5119.9873	7035.968	7035.961	1408.2009	1408.1995	7035.9507	1408.1975	0.0103	1.75E-09	44.528	8.963	1	0	2	1	230	268	39192972	13N(2861.0000)	NA	HexNAc(5)Hex(6)NeuAc(3) % 2861.0000	4.59	0	FEDGVLDPDYPRnISDGFDGIPDNVDAALALPAHSYSGR	F(0.00)E(0.00)D(0.00)G(0.00)V(0.00)L(0.00)D(0.00)P(0.00)D(0.00)Y(0.00)P(0.00)R(0.00)N(43.28)I(0.00)S(0.00)D(0.00)G(0.00)F(0.00)D(0.00)G(0.00)I(0.00)P(0.00)D(0.00)N(0.00)V(0.00)D(0.00)A(0.00)A(0.00)L(0.00)A(0.00)L(0.00)P(0.00)A(0.00)H(0.00)S(0.00)Y(0.00)S(0.00)G(0.00)R(0.00)	N13	1	F(0.00)E(0.00)D(0.00)G(0.00)V(0.00)L(0.00)D(0.00)P(0.00)D(0.00)Y(0.00)P(0.00)R(0.00)N(5.34)I(0.00)S(0.00)D(0.00)G(0.00)F(0.00)D(0.00)G(0.00)I(0.00)P(0.00)D(0.00)N(0.00)V(0.00)D(0.00)A(0.00)A(0.00)L(0.00)A(0.00)L(0.00)P(0.00)A(0.00)H(0.00)S(0.00)Y(0.00)S(0.00)G(0.00)R(0.00)	F(0)E(0)D(0)G(0)V(0)L(0)D(0)P(0)D(0)Y(0)P(0)R(0)N(0)I(0)S(0)D(0)G(0)F(0)D(0)G(0)I(0)P(0)D(0)N(0)V(0)D(0)A(0)A(0)L(0)A(0)L(0)P(0)A(0)H(0)S(0)Y(0)S(0)G(0)R(0)	43.278908	16	0	0	44.528976	17	5.3427553	0	0	0	0	FALSE	FALSE	TRUE	sp|P04004|VTNC_HUMAN	P04004	VTNC_HUMAN	VTN	Vitronectin			59276	5118.516	59276	4989.5664	5183.324	38.725002	125
240419_ES_R00006_MG_c00001_SA_NPB_3_i2.59431.59431.4	D:\SHARE\Tim\25-12-03_GD_Dataset\GD_dataset\NPB_3_i2\interact.pep.xml	FEDGVLDPDYPRNISDGFDGIPDNVDAALALPAHSYSGR	FEDGVLDPDYPRN[3121]ISDGFDGIPDNVDAALALPAHSYSGR	FKGSQYWR.FEDGVLDPDYPRNISDGFDGIPDNVDAALALPAHSYSGR.ERVYFFKG	R	E	39	4	5130.659	7182.012	7182.0293	1796.5103	1796.5146	7182.0088	1796.5095	0.0208	2.41E-07	15.641	0	1	0	2	1	230	268	17722432	13N(3007.0579)	NA	HexNAc(5)Hex(6)Fuc(1)NeuAc(3) % 3007.0579	-2.26	0.001632209	FEDGVLDPDYPRnISDGFDGIPDNVDAALALPAHSYSGR	F(0.00)E(0.00)D(0.00)G(0.00)V(0.00)L(0.00)D(0.00)P(0.00)D(0.00)Y(0.00)P(0.00)R(0.00)N(15.64)I(0.00)S(0.00)D(0.00)G(0.00)F(0.00)D(0.00)G(0.00)I(0.00)P(0.00)D(0.00)N(0.00)V(0.00)D(0.00)A(0.00)A(0.00)L(0.00)A(0.00)L(0.00)P(0.00)A(0.00)H(0.00)S(0.00)Y(0.00)S(0.00)G(0.00)R(0.00)	N13	1	F(0.00)E(0.00)D(0.00)G(0.00)V(0.00)L(0.00)D(0.00)P(0.00)D(0.00)Y(0.00)P(0.00)R(0.00)N(0.00)I(0.00)S(0.00)D(0.00)G(0.00)F(0.00)D(0.00)G(0.00)I(0.00)P(0.00)D(0.00)N(0.00)V(0.00)D(0.00)A(0.00)A(0.00)L(0.00)A(0.00)L(0.00)P(0.00)A(0.00)H(0.00)S(0.00)Y(0.00)S(0.00)G(0.00)R(0.00)	F(0)E(0)D(0)G(0)V(0)L(0)D(0)P(0)D(0)Y(0)P(0)R(0)N(0)I(0)S(0)D(0)G(0)F(0)D(0)G(0)I(0)P(0)D(0)N(0)V(0)D(0)A(0)A(0)L(0)A(0)L(0)P(0)A(0)H(0)S(0)Y(0)S(0)G(0)R(0)	15.6414795	9	0	0	15.6414795	9	0	0	0	0	0	FALSE	FALSE	TRUE	sp|P04004|VTNC_HUMAN	P04004	VTNC_HUMAN	VTN	Vitronectin			59410	5109.869	59163	4998.8584	5153.994	21.705002	97
240419_ES_R00006_MG_c00001_SA_NPB_3_i2.59478.59478.5	D:\SHARE\Tim\25-12-03_GD_Dataset\GD_dataset\NPB_3_i2\interact.pep.xml	FEDGVLDPDYPRNISDGFDGIPDNVDAALALPAHSYSGR	FEDGVLDPDYPRN[2975]ISDGFDGIPDNVDAALALPAHSYSGR	FKGSQYWR.FEDGVLDPDYPRNISDGFDGIPDNVDAALALPAHSYSGR.ERVYFFKG	R	E	39	5	5134.2734	7035.96	7035.951	1408.1993	1408.1975	7035.9507	1408.1975	5.00E-04	0	44.65	9.135	1	0	2	1	230	268	42993296	13N(2861.0000)	NA	HexNAc(5)Hex(6)NeuAc(3) % 2861.0000	7.56	0	FEDGVLDPDYPRnISDGFDGIPDNVDAALALPAHSYSGR	F(0.00)E(0.00)D(0.00)G(0.00)V(0.00)L(0.00)D(0.00)P(0.00)D(0.00)Y(0.00)P(0.00)R(0.00)N(44.65)I(0.00)S(0.00)D(0.00)G(0.00)F(0.00)D(0.00)G(0.00)I(0.00)P(0.00)D(0.00)N(0.00)V(0.00)D(0.00)A(0.00)A(0.00)L(0.00)A(0.00)L(0.00)P(0.00)A(0.00)H(0.00)S(0.00)Y(0.00)S(0.00)G(0.00)R(0.00)	N13	1	F(0.00)E(0.00)D(0.00)G(0.00)V(0.00)L(0.00)D(0.00)P(0.00)D(0.00)Y(0.00)P(0.00)R(0.00)N(5.65)I(0.00)S(0.00)D(0.00)G(0.00)F(0.00)D(0.00)G(0.00)I(0.00)P(0.00)D(0.00)N(0.00)V(0.00)D(0.00)A(0.00)A(0.00)L(0.00)A(0.00)L(0.00)P(0.00)A(0.00)H(0.00)S(0.00)Y(0.00)S(0.00)G(0.00)R(0.00)	F(0)E(0)D(0)G(0)V(0)L(0)D(0)P(0)D(0)Y(0)P(0)R(0)N(0)I(0)S(0)D(0)G(0)F(0)D(0)G(0)I(0)P(0)D(0)N(0)V(0)D(0)A(0)A(0)L(0)A(0)L(0)P(0)A(0)H(0)S(0)Y(0)S(0)G(0)R(0)	44.650932	17	0	0	44.650932	17	5.648608	0	0	0	0	FALSE	FALSE	TRUE	sp|P04004|VTNC_HUMAN	P04004	VTNC_HUMAN	VTN	Vitronectin			59463	5116.704	59252	4992.954	5185.124	38.725002	125
240419_ES_R00006_MG_c00001_SA_NPB_3_i2.59482.59482.4	D:\SHARE\Tim\25-12-03_GD_Dataset\GD_dataset\NPB_3_i2\interact.pep.xml	NISDGFDGIPDNVDAALALPAHSYSGR	N[2319]ISDGFDGIPDNVDAALALPAHSYSGR	VLDPDYPR.NISDGFDGIPDNVDAALALPAHSYSGR.ERVYFFKG	R	E	27	4	5134.6724	4977.0664	4977.0757	1245.2739	1245.2762	4976.0874	1245.0292	0.9883	0.001395322	16.026	8.561	0.9999	0	2	0	242	268	13416290	1N(2204.7725)	NA	HexNAc(4)Hex(5)NeuAc(2) % 2204.7724	1.27	0	nISDGFDGIPDNVDAALALPAHSYSGR	N(14.15)I(0.00)S(0.00)D(0.00)G(0.00)F(0.00)D(0.00)G(0.00)I(0.00)P(0.00)D(0.00)N(0.00)V(0.00)D(0.00)A(0.00)A(0.00)L(0.00)A(0.00)L(0.00)P(0.00)A(0.00)H(0.00)S(0.00)Y(0.00)S(0.00)G(0.00)R(0.00)	N1	1	N(3.07)I(0.00)S(0.00)D(0.00)G(0.00)F(0.00)D(0.00)G(0.00)I(0.00)P(0.00)D(0.00)N(0.00)V(0.00)D(0.00)A(0.00)A(0.00)L(0.00)A(0.00)L(0.00)P(0.00)A(0.00)H(0.00)S(0.00)Y(0.00)S(0.00)G(0.00)R(0.00)	N(1)I(0)S(0)D(0)G(0)F(0)D(0)G(0)I(0)P(0)D(0)N(0)V(0)D(0)A(0)A(0)L(0)A(0)L(0)P(0)A(0)H(0)S(0)Y(0)S(0)G(0)R(0)	14.146059	7	0	0	16.026749	8	3.0664392	1	0	0	0	FALSE	FALSE	TRUE	sp|P04004|VTNC_HUMAN	P04004	VTNC_HUMAN	VTN	Vitronectin			59463	5155.5645	59750	5121.764	5275.412	37.658	118
240419_ES_R00006_MG_c00001_SA_NPB_3_i2.59648.59648.5	D:\SHARE\Tim\25-12-03_GD_Dataset\GD_dataset\NPB_3_i2\interact.pep.xml	FEDGVLDPDYPRNISDGFDGIPDNVDAALALPAHSYSGR	FEDGVLDPDYPRN[2975]ISDGFDGIPDNVDAALALPAHSYSGR	FKGSQYWR.FEDGVLDPDYPRNISDGFDGIPDNVDAALALPAHSYSGR.ERVYFFKG	R	E	39	5	5147.7446	7036.9746	7036.9707	1408.4022	1408.4014	7035.9507	1408.1975	1.02	4.41E-07	34.924	8.871	1	0	2	1	230	268	0	13N(2861.0000)	NA	HexNAc(5)Hex(6)NeuAc(3) % 2861.0000	3.65	0	FEDGVLDPDYPRnISDGFDGIPDNVDAALALPAHSYSGR	F(0.00)E(0.00)D(0.00)G(0.00)V(0.00)L(0.00)D(0.00)P(0.00)D(0.00)Y(0.00)P(0.00)R(0.00)N(34.92)I(0.00)S(0.00)D(0.00)G(0.00)F(0.00)D(0.00)G(0.00)I(0.00)P(0.00)D(0.00)N(0.00)V(0.00)D(0.00)A(0.00)A(0.00)L(0.00)A(0.00)L(0.00)P(0.00)A(0.00)H(0.00)S(0.00)Y(0.00)S(0.00)G(0.00)R(0.00)	N13	1	F(0.00)E(0.00)D(0.00)G(0.00)V(0.00)L(0.00)D(0.00)P(0.00)D(0.00)Y(0.00)P(0.00)R(0.00)N(4.32)I(0.00)S(0.00)D(0.00)G(0.00)F(0.00)D(0.00)G(0.00)I(0.00)P(0.00)D(0.00)N(0.00)V(0.00)D(0.00)A(0.00)A(0.00)L(0.00)A(0.00)L(0.00)P(0.00)A(0.00)H(0.00)S(0.00)Y(0.00)S(0.00)G(0.00)R(0.00)	F(0)E(0)D(0)G(0)V(0)L(0)D(0)P(0)D(0)Y(0)P(0)R(0)N(0)I(0)S(0)D(0)G(0)F(0)D(0)G(0)I(0)P(0)D(0)N(0)V(0)D(0)A(0)A(0)L(0)A(0)L(0)P(0)A(0)H(0)S(0)Y(0)S(0)G(0)R(0)	34.92438	14	0	0	34.92438	14	4.3249536	0	0	0	0	FALSE	FALSE	TRUE	sp|P04004|VTNC_HUMAN	P04004	VTNC_HUMAN	VTN	Vitronectin			59624	0	0	0	0	0	0
240419_ES_R00006_MG_c00001_SA_NPB_3_i2.59668.59668.4	D:\SHARE\Tim\25-12-03_GD_Dataset\GD_dataset\NPB_3_i2\interact.pep.xml	NNATVHEQVGGPSLTSDLQAQSK	NN[2319]ATVHEQVGGPSLTSDLQAQSK	VYDDGEEK.NNATVHEQVGGPSLTSDLQAQSK.GNPEQTPV	K	G	23	4	5149.172	4585.9697	4585.9443	1147.4997	1147.4934	4584.9346	1147.241	1.01	7.26E-07	33.057	0	1	0	2	0	85	107	17531036	2N(2204.7725)	NA	HexNAc(4)Hex(5)NeuAc(2) % 2204.7724	5.28	0	NnATVHEQVGGPSLTSDLQAQSK	N(0.00)N(33.06)A(0.00)T(0.00)V(0.00)H(0.00)E(0.00)Q(0.00)V(0.00)G(0.00)G(0.00)P(0.00)S(0.00)L(0.00)T(0.00)S(0.00)D(0.00)L(0.00)Q(0.00)A(0.00)Q(0.00)S(0.00)K(0.00)	N2	1	N(0.00)N(14.27)A(0.00)T(0.00)V(0.00)H(0.00)E(0.00)Q(0.00)V(0.00)G(0.00)G(0.00)P(0.00)S(0.00)L(0.00)T(0.00)S(0.00)D(0.00)L(0.00)Q(0.00)A(0.00)Q(0.00)S(0.00)K(0.00)	N(0)N(1)A(0)T(0)V(0)H(0)E(0)Q(0)V(0)G(0)G(0)P(0)S(0)L(0)T(0)S(0)D(0)L(0)Q(0)A(0)Q(0)S(0)K(0)	33.057575	9	0	0	31.038944	8	14.272285	1	0	0	0	FALSE	FALSE	FALSE	sp|P04004|VTNC_HUMAN	P04004	VTNC_HUMAN	VTN	Vitronectin		tr|F5GX75|F5GX75_HUMAN	59645	5138.9824	59537	4890.0044	5359.7803	86.87701	352
240419_ES_R00006_MG_c00001_SA_NPB_3_i2.59775.59775.3	D:\SHARE\Tim\25-12-03_GD_Dataset\GD_dataset\NPB_3_i2\interact.pep.xml	NISDGFDGIPDNVDAALALPAHSYSGR	N[2319]ISDGFDGIPDNVDAALALPAHSYSGR	VLDPDYPR.NISDGFDGIPDNVDAALALPAHSYSGR.ERVYFFKG	R	E	27	3	5157.5156	4977.092	4977.075	1660.0379	1660.0323	4976.0874	1659.7031	0.9878	0.08351222	11.813	0	0.8595	0.000230947	2	0	242	268	0	1N(2204.7725)	NA	HexNAc(4)Hex(5)NeuAc(2) % 2204.7724	1.03	0	nISDGFDGIPDNVDAALALPAHSYSGR	N(11.81)I(0.00)S(0.00)D(0.00)G(0.00)F(0.00)D(0.00)G(0.00)I(0.00)P(0.00)D(0.00)N(0.00)V(0.00)D(0.00)A(0.00)A(0.00)L(0.00)A(0.00)L(0.00)P(0.00)A(0.00)H(0.00)S(0.00)Y(0.00)S(0.00)G(0.00)R(0.00)	N1	1	N(2.93)I(0.00)S(0.00)D(0.00)G(0.00)F(0.00)D(0.00)G(0.00)I(0.00)P(0.00)D(0.00)N(0.00)V(0.00)D(0.00)A(0.00)A(0.00)L(0.00)A(0.00)L(0.00)P(0.00)A(0.00)H(0.00)S(0.00)Y(0.00)S(0.00)G(0.00)R(0.00)	N(0)I(0)S(0)D(0)G(0)F(0)D(0)G(0)I(0)P(0)D(0)N(0)V(0)D(0)A(0)A(0)L(0)A(0)L(0)P(0)A(0)H(0)S(0)Y(0)S(0)G(0)R(0)	11.813526	5	0	0	11.813526	5	2.9267573	0	0	0	0	FALSE	FALSE	TRUE	sp|P04004|VTNC_HUMAN	P04004	VTNC_HUMAN	VTN	Vitronectin			59750	0	0	0	0	0	0
240419_ES_R00006_MG_c00001_SA_NPB_3_i2.59884.59884.4	D:\SHARE\Tim\25-12-03_GD_Dataset\GD_dataset\NPB_3_i2\interact.pep.xml	NISDGFDGIPDNVDAALALPAHSYSGR	N[2975]ISDGFDGIPDNVDAALALPAHSYSGR	VLDPDYPR.NISDGFDGIPDNVDAALALPAHSYSGR.ERVYFFKG	R	E	27	4	5166.105	5632.3223	5632.3154	1409.0879	1409.0861	5632.3149	1409.0861	5.00E-04	3.80E-05	25.18	0	0.9997	0	2	0	242	268	0	1N(2861.0000)	NA	HexNAc(5)Hex(6)NeuAc(3) % 2861.0000	5.12	0	nISDGFDGIPDNVDAALALPAHSYSGR	N(25.18)I(0.00)S(0.00)D(0.00)G(0.00)F(0.00)D(0.00)G(0.00)I(0.00)P(0.00)D(0.00)N(0.00)V(0.00)D(0.00)A(0.00)A(0.00)L(0.00)A(0.00)L(0.00)P(0.00)A(0.00)H(0.00)S(0.00)Y(0.00)S(0.00)G(0.00)R(0.00)	N1	1	N(2.63)I(0.00)S(0.00)D(0.00)G(0.00)F(0.00)D(0.00)G(0.00)I(0.00)P(0.00)D(0.00)N(0.00)V(0.00)D(0.00)A(0.00)A(0.00)L(0.00)A(0.00)L(0.00)P(0.00)A(0.00)H(0.00)S(0.00)Y(0.00)S(0.00)G(0.00)R(0.00)	N(0)I(0)S(0)D(0)G(0)F(0)D(0)G(0)I(0)P(0)D(0)N(0)V(0)D(0)A(0)A(0)L(0)A(0)L(0)P(0)A(0)H(0)S(0)Y(0)S(0)G(0)R(0)	25.180977	11	0	0	25.180977	11	2.6264787	0	0	0	0	FALSE	FALSE	TRUE	sp|P04004|VTNC_HUMAN	P04004	VTNC_HUMAN	VTN	Vitronectin			59861	0	0	0	0	0	0
240419_ES_R00006_MG_c00001_SA_NPB_3_i2.59935.59935.3	D:\SHARE\Tim\25-12-03_GD_Dataset\GD_dataset\NPB_3_i2\interact.pep.xml	NISDGFDGIPDNVDAALALPAHSYSGR	N[2319]ISDGFDGIPDNVDAALALPAHSYSGR	VLDPDYPR.NISDGFDGIPDNVDAALALPAHSYSGR.ERVYFFKG	R	E	27	3	5170.082	4976.0493	4976.066	1659.6904	1659.6959	4976.0874	1659.7031	-0.0215	0.000516119	20.649	0	1	0	2	0	242	268	0	1N(2204.7725)	NA	HexNAc(4)Hex(5)NeuAc(2) % 2204.7724	1.59	0	nISDGFDGIPDNVDAALALPAHSYSGR	N(20.65)I(0.00)S(0.00)D(0.00)G(0.00)F(0.00)D(0.00)G(0.00)I(0.00)P(0.00)D(0.00)N(0.00)V(0.00)D(0.00)A(0.00)A(0.00)L(0.00)A(0.00)L(0.00)P(0.00)A(0.00)H(0.00)S(0.00)Y(0.00)S(0.00)G(0.00)R(0.00)	N1	1	N(3.53)I(0.00)S(0.00)D(0.00)G(0.00)F(0.00)D(0.00)G(0.00)I(0.00)P(0.00)D(0.00)N(0.00)V(0.00)D(0.00)A(0.00)A(0.00)L(0.00)A(0.00)L(0.00)P(0.00)A(0.00)H(0.00)S(0.00)Y(0.00)S(0.00)G(0.00)R(0.00)	N(0)I(0)S(0)D(0)G(0)F(0)D(0)G(0)I(0)P(0)D(0)N(0)V(0)D(0)A(0)A(0)L(0)A(0)L(0)P(0)A(0)H(0)S(0)Y(0)S(0)G(0)R(0)	20.649364	9	0	0	20.649364	9	3.5345912	0	0	0	0	FALSE	FALSE	TRUE	sp|P04004|VTNC_HUMAN	P04004	VTNC_HUMAN	VTN	Vitronectin			59916	0	0	0	0	0	0
240419_ES_R00006_MG_c00001_SA_NPB_3_i2.59963.59963.4	D:\SHARE\Tim\25-12-03_GD_Dataset\GD_dataset\NPB_3_i2\interact.pep.xml	NNATVHEQVGGPSLTSDLQAQSK	NN[2319]ATVHEQVGGPSLTSDLQAQSK	VYDDGEEK.NNATVHEQVGGPSLTSDLQAQSK.GNPEQTPV	K	G	23	4	5172.2305	4584.958	4584.95	1147.2468	1147.2448	4584.9346	1147.241	0.0159	5.96E-06	28.414	14.397	0.9994	0	2	0	85	107	18648206	2N(2204.7725)	NA	HexNAc(4)Hex(5)NeuAc(2) % 2204.7724	4.71	0	NnATVHEQVGGPSLTSDLQAQSK	N(0.00)N(28.41)A(0.00)T(0.00)V(0.00)H(0.00)E(0.00)Q(0.00)V(0.00)G(0.00)G(0.00)P(0.00)S(0.00)L(0.00)T(0.00)S(0.00)D(0.00)L(0.00)Q(0.00)A(0.00)Q(0.00)S(0.00)K(0.00)	N2	1	N(0.00)N(10.46)A(0.00)T(0.00)V(0.00)H(0.00)E(0.00)Q(0.00)V(0.00)G(0.00)G(0.00)P(0.00)S(0.00)L(0.00)T(0.00)S(0.00)D(0.00)L(0.00)Q(0.00)A(0.00)Q(0.00)S(0.00)K(0.00)	N(0)N(0)A(0)T(0)V(0)H(0)E(0)Q(0)V(0)G(0)G(0)P(0)S(0)L(0)T(0)S(0)D(0)L(0)Q(0)A(0)Q(0)S(0)K(0)	28.414232	8	0	0	28.414232	8	10.45727	0	0	0	0	FALSE	FALSE	FALSE	sp|P04004|VTNC_HUMAN	P04004	VTNC_HUMAN	VTN	Vitronectin		tr|F5GX75|F5GX75_HUMAN	59946	5172.2153	59962	4890.0044	5359.7803	86.87701	351
240419_ES_R00006_MG_c00001_SA_NPB_3_i2.60006.60006.4	D:\SHARE\Tim\25-12-03_GD_Dataset\GD_dataset\NPB_3_i2\interact.pep.xml	NNATVHEQVGGPSLTSDLQAQSK	NN[2028]ATVHEQVGGPSLTSDLQAQSK	VYDDGEEK.NNATVHEQVGGPSLTSDLQAQSK.GNPEQTPV	K	G	23	4	5175.665	4294.844	4294.8413	1074.7183	1074.7176	4293.8389	1074.467	1.0024	1.44E-05	20.846	0	0.9976	0	2	0	85	107	0	2N(1913.6770)	NA	HexNAc(4)Hex(5)NeuAc(1) % 1913.6770	7.14	0	NnATVHEQVGGPSLTSDLQAQSK	N(0.00)N(20.85)A(0.00)T(0.00)V(0.00)H(0.00)E(0.00)Q(0.00)V(0.00)G(0.00)G(0.00)P(0.00)S(0.00)L(0.00)T(0.00)S(0.00)D(0.00)L(0.00)Q(0.00)A(0.00)Q(0.00)S(0.00)K(0.00)	N2	1	N(0.00)N(10.38)A(0.00)T(0.00)V(0.00)H(0.00)E(0.00)Q(0.00)V(0.00)G(0.00)G(0.00)P(0.00)S(0.00)L(0.00)T(0.00)S(0.00)D(0.00)L(0.00)Q(0.00)A(0.00)Q(0.00)S(0.00)K(0.00)	N(0)N(0)A(0)T(0)V(0)H(0)E(0)Q(0)V(0)G(0)G(0)P(0)S(0)L(0)T(0)S(0)D(0)L(0)Q(0)A(0)Q(0)S(0)K(0)	20.846851	5	0	0	20.846851	5	10.381676	0	0	0	0	FALSE	FALSE	FALSE	sp|P04004|VTNC_HUMAN	P04004	VTNC_HUMAN	VTN	Vitronectin		tr|F5GX75|F5GX75_HUMAN	59977	0	0	0	0	0	0
240419_ES_R00006_MG_c00001_SA_NPB_3_i2.60022.60022.4	D:\SHARE\Tim\25-12-03_GD_Dataset\GD_dataset\NPB_3_i2\interact.pep.xml	NNATVHEQVGGPSLTSDLQAQSK	NN[2028]ATVHEQVGGPSLTSDLQAQSK	VYDDGEEK.NNATVHEQVGGPSLTSDLQAQSK.GNPEQTPV	K	G	23	4	5176.952	4293.8516	4293.8364	1074.4702	1074.4664	4293.8389	1074.467	-0.0024	1.71E-06	21.931	14.584	1	0	2	0	85	107	0	2N(1913.6770)	NA	HexNAc(4)Hex(5)NeuAc(1) % 1913.6770	3.8	0	NnATVHEQVGGPSLTSDLQAQSK	N(0.00)N(21.93)A(0.00)T(0.00)V(0.00)H(0.00)E(0.00)Q(0.00)V(0.00)G(0.00)G(0.00)P(0.00)S(0.00)L(0.00)T(0.00)S(0.00)D(0.00)L(0.00)Q(0.00)A(0.00)Q(0.00)S(0.00)K(0.00)	N2	1	N(0.00)N(13.80)A(0.00)T(0.00)V(0.00)H(0.00)E(0.00)Q(0.00)V(0.00)G(0.00)G(0.00)P(0.00)S(0.00)L(0.00)T(0.00)S(0.00)D(0.00)L(0.00)Q(0.00)A(0.00)Q(0.00)S(0.00)K(0.00)	N(0)N(2)A(0)T(0)V(0)H(0)E(0)Q(0)V(0)G(0)G(0)P(0)S(0)L(0)T(0)S(0)D(0)L(0)Q(0)A(0)Q(0)S(0)K(0)	21.931583	6	0	0	18.34723	4	13.799403	2	0	0	0	FALSE	FALSE	FALSE	sp|P04004|VTNC_HUMAN	P04004	VTNC_HUMAN	VTN	Vitronectin		tr|F5GX75|F5GX75_HUMAN	60000	0	0	0	0	0	0
240419_ES_R00006_MG_c00001_SA_NPB_3_i2.60059.60059.3	D:\SHARE\Tim\25-12-03_GD_Dataset\GD_dataset\NPB_3_i2\interact.pep.xml	DLQSLEDILHQVENK	DLQSLEDILHQVEN[2319]K	TYQTKVDK.DLQSLEDILHQVENK.TSEVKQLI	K	T	15	3	5179.678	3985.663	3985.663	1329.5616	1329.5616	3984.6726	1329.2314	0.9905	7.50E-06	18.258	6.231	1	0	2	0	65	79	0	14N(2204.7725)	NA	HexNAc(4)Hex(5)NeuAc(2) % 2204.7724	1.29	0	DLQSLEDILHQVEnK	D(0.00)L(0.00)Q(0.00)S(0.00)L(0.00)E(0.00)D(0.00)I(0.00)L(0.00)H(0.00)Q(0.00)V(0.00)E(0.00)N(15.79)K(0.00)	N14	1	D(0.00)L(0.00)Q(0.00)S(0.00)L(0.00)E(0.00)D(0.00)I(0.00)L(0.00)H(0.00)Q(0.00)V(0.00)E(0.00)N(1.66)K(0.00)	D(0)L(0)Q(0)S(0)L(0)E(0)D(0)I(0)L(0)H(0)Q(0)V(0)E(0)N(0)K(0)	15.78938	8	0	0	18.258932	10	1.6644942	0	0	0	0	FALSE	FALSE	FALSE	tr|C9JC84|C9JC84_HUMAN	C9JC84	C9JC84_HUMAN	FGG	Fibrinogen gamma chain		"sp|P02679|FIBG_HUMAN, tr|C9JEU5|C9JEU5_HUMAN"	60041	0	0	0	0	0	0
240419_ES_R00006_MG_c00001_SA_NPB_3_i2.60151.60151.5	D:\SHARE\Tim\25-12-03_GD_Dataset\GD_dataset\NPB_3_i2\interact.pep.xml	FEDGVLDPDYPRNISDGFDGIPDNVDAALALPAHSYSGR	FEDGVLDPDYPRN[2975]ISDGFDGIPDNVDAALALPAHSYSGR	FKGSQYWR.FEDGVLDPDYPRNISDGFDGIPDNVDAALALPAHSYSGR.ERVYFFKG	R	E	39	5	5186.953	7036.967	7036.959	1408.4007	1408.3991	7035.9507	1408.1975	1.0083	3.18E-06	29.488	0	1	0	2	1	230	268	0	13N(2861.0000)	NA	HexNAc(5)Hex(6)NeuAc(3) % 2861.0000	2.84	0	FEDGVLDPDYPRnISDGFDGIPDNVDAALALPAHSYSGR	F(0.00)E(0.00)D(0.00)G(0.00)V(0.00)L(0.00)D(0.00)P(0.00)D(0.00)Y(0.00)P(0.00)R(0.00)N(29.49)I(0.00)S(0.00)D(0.00)G(0.00)F(0.00)D(0.00)G(0.00)I(0.00)P(0.00)D(0.00)N(0.00)V(0.00)D(0.00)A(0.00)A(0.00)L(0.00)A(0.00)L(0.00)P(0.00)A(0.00)H(0.00)S(0.00)Y(0.00)S(0.00)G(0.00)R(0.00)	N13	1	F(0.00)E(0.00)D(0.00)G(0.00)V(0.00)L(0.00)D(0.00)P(0.00)D(0.00)Y(0.00)P(0.00)R(0.00)N(3.75)I(0.00)S(0.00)D(0.00)G(0.00)F(0.00)D(0.00)G(0.00)I(0.00)P(0.00)D(0.00)N(0.00)V(0.00)D(0.00)A(0.00)A(0.00)L(0.00)A(0.00)L(0.00)P(0.00)A(0.00)H(0.00)S(0.00)Y(0.00)S(0.00)G(0.00)R(0.00)	F(0)E(0)D(0)G(0)V(0)L(0)D(0)P(0)D(0)Y(0)P(0)R(0)N(0)I(0)S(0)D(0)G(0)F(0)D(0)G(0)I(0)P(0)D(0)N(0)V(0)D(0)A(0)A(0)L(0)A(0)L(0)P(0)A(0)H(0)S(0)Y(0)S(0)G(0)R(0)	29.488934	12	0	0	29.488934	12	3.7477143	0	0	0	0	FALSE	FALSE	TRUE	sp|P04004|VTNC_HUMAN	P04004	VTNC_HUMAN	VTN	Vitronectin			60126	0	0	0	0	0	0
240419_ES_R00006_MG_c00001_SA_NPB_3_i2.60163.60163.4	D:\SHARE\Tim\25-12-03_GD_Dataset\GD_dataset\NPB_3_i2\interact.pep.xml	NISDGFDGIPDNVDAALALPAHSYSGR	N[2975]ISDGFDGIPDNVDAALALPAHSYSGR	VLDPDYPR.NISDGFDGIPDNVDAALALPAHSYSGR.ERVYFFKG	R	E	27	4	5188.061	5634.32	5634.3164	1409.5873	1409.5864	5632.3149	1409.0861	2.0015	0.000370041	20.227	0	1	0	2	0	242	268	0	1N(2861.0000)	NA	HexNAc(5)Hex(6)NeuAc(3) % 2861.0000	1.86	0	nISDGFDGIPDNVDAALALPAHSYSGR	N(20.23)I(0.00)S(0.00)D(0.00)G(0.00)F(0.00)D(0.00)G(0.00)I(0.00)P(0.00)D(0.00)N(0.00)V(0.00)D(0.00)A(0.00)A(0.00)L(0.00)A(0.00)L(0.00)P(0.00)A(0.00)H(0.00)S(0.00)Y(0.00)S(0.00)G(0.00)R(0.00)	N1	1	N(3.77)I(0.00)S(0.00)D(0.00)G(0.00)F(0.00)D(0.00)G(0.00)I(0.00)P(0.00)D(0.00)N(0.00)V(0.00)D(0.00)A(0.00)A(0.00)L(0.00)A(0.00)L(0.00)P(0.00)A(0.00)H(0.00)S(0.00)Y(0.00)S(0.00)G(0.00)R(0.00)	N(0)I(0)S(0)D(0)G(0)F(0)D(0)G(0)I(0)P(0)D(0)N(0)V(0)D(0)A(0)A(0)L(0)A(0)L(0)P(0)A(0)H(0)S(0)Y(0)S(0)G(0)R(0)	20.227901	8	0	0	20.227901	8	3.766766	0	0	0	0	FALSE	FALSE	TRUE	sp|P04004|VTNC_HUMAN	P04004	VTNC_HUMAN	VTN	Vitronectin			60150	0	0	0	0	0	0
240419_ES_R00006_MG_c00001_SA_NPB_3_i2.60169.60169.5	D:\SHARE\Tim\25-12-03_GD_Dataset\GD_dataset\NPB_3_i2\interact.pep.xml	FEDGVLDPDYPRNISDGFDGIPDNVDAALALPAHSYSGR	FEDGVLDPDYPRN[2975]ISDGFDGIPDNVDAALALPAHSYSGR	FKGSQYWR.FEDGVLDPDYPRNISDGFDGIPDNVDAALALPAHSYSGR.ERVYFFKG	R	E	39	5	5188.475	7036.9214	7036.9233	1408.3916	1408.3919	7035.9507	1408.1975	0.9727	1.69E-07	34.584	0	1	0	2	1	230	268	0	13N(2861.0000)	NA	HexNAc(5)Hex(6)NeuAc(3) % 2861.0000	2.65	0	FEDGVLDPDYPRnISDGFDGIPDNVDAALALPAHSYSGR	F(0.00)E(0.00)D(0.00)G(0.00)V(0.00)L(0.00)D(0.00)P(0.00)D(0.00)Y(0.00)P(0.00)R(0.00)N(34.58)I(0.00)S(0.00)D(0.00)G(0.00)F(0.00)D(0.00)G(0.00)I(0.00)P(0.00)D(0.00)N(0.00)V(0.00)D(0.00)A(0.00)A(0.00)L(0.00)A(0.00)L(0.00)P(0.00)A(0.00)H(0.00)S(0.00)Y(0.00)S(0.00)G(0.00)R(0.00)	N13	1	F(0.00)E(0.00)D(0.00)G(0.00)V(0.00)L(0.00)D(0.00)P(0.00)D(0.00)Y(0.00)P(0.00)R(0.00)N(7.14)I(0.00)S(0.00)D(0.00)G(0.00)F(0.00)D(0.00)G(0.00)I(0.00)P(0.00)D(0.00)N(0.00)V(0.00)D(0.00)A(0.00)A(0.00)L(0.00)A(0.00)L(0.00)P(0.00)A(0.00)H(0.00)S(0.00)Y(0.00)S(0.00)G(0.00)R(0.00)	F(0)E(0)D(0)G(0)V(0)L(0)D(0)P(0)D(0)Y(0)P(0)R(0)N(0)I(0)S(0)D(0)G(0)F(0)D(0)G(0)I(0)P(0)D(0)N(0)V(0)D(0)A(0)A(0)L(0)A(0)L(0)P(0)A(0)H(0)S(0)Y(0)S(0)G(0)R(0)	34.584118	12	0	0	34.584118	12	7.1402564	0	0	0	0	FALSE	FALSE	TRUE	sp|P04004|VTNC_HUMAN	P04004	VTNC_HUMAN	VTN	Vitronectin			60150	0	0	0	0	0	0
240419_ES_R00006_MG_c00001_SA_NPB_3_i2.60204.60204.4	D:\SHARE\Tim\25-12-03_GD_Dataset\GD_dataset\NPB_3_i2\interact.pep.xml	NISDGFDGIPDNVDAALALPAHSYSGR	N[2319]ISDGFDGIPDNVDAALALPAHSYSGR	VLDPDYPR.NISDGFDGIPDNVDAALALPAHSYSGR.ERVYFFKG	R	E	27	4	5191.1357	4976.0737	4976.0703	1245.0257	1245.0249	4976.0874	1245.0292	-0.0171	6.67E-12	33.47	8.175	1	0	2	0	242	268	12602797	1N(2204.7725)	NA	HexNAc(4)Hex(5)NeuAc(2) % 2204.7724	3.24	0	nISDGFDGIPDNVDAALALPAHSYSGR	N(33.47)I(0.00)S(0.00)D(0.00)G(0.00)F(0.00)D(0.00)G(0.00)I(0.00)P(0.00)D(0.00)N(0.00)V(0.00)D(0.00)A(0.00)A(0.00)L(0.00)A(0.00)L(0.00)P(0.00)A(0.00)H(0.00)S(0.00)Y(0.00)S(0.00)G(0.00)R(0.00)	N1	1	N(6.29)I(0.00)S(0.00)D(0.00)G(0.00)F(0.00)D(0.00)G(0.00)I(0.00)P(0.00)D(0.00)N(0.00)V(0.00)D(0.00)A(0.00)A(0.00)L(0.00)A(0.00)L(0.00)P(0.00)A(0.00)H(0.00)S(0.00)Y(0.00)S(0.00)G(0.00)R(0.00)	N(0)I(0)S(0)D(0)G(0)F(0)D(0)G(0)I(0)P(0)D(0)N(0)V(0)D(0)A(0)A(0)L(0)A(0)L(0)P(0)A(0)H(0)S(0)Y(0)S(0)G(0)R(0)	33.470333	12	0	0	33.470333	12	6.29238	0	0	0	0	FALSE	FALSE	TRUE	sp|P04004|VTNC_HUMAN	P04004	VTNC_HUMAN	VTN	Vitronectin			60180	5178.345	60041	5121.764	5274.4463	37.658	117
240419_ES_R00006_MG_c00001_SA_NPB_3_i2.60206.60206.5	D:\SHARE\Tim\25-12-03_GD_Dataset\GD_dataset\NPB_3_i2\interact.pep.xml	NISDGFDGIPDNVDAALALPAHSYSGR	N[2975]ISDGFDGIPDNVDAALALPAHSYSGR	VLDPDYPR.NISDGFDGIPDNVDAALALPAHSYSGR.ERVYFFKG	R	E	27	5	5191.3984	5632.3345	5632.3247	1127.4742	1127.4722	5632.3149	1127.4703	0.0098	0.1528446	9.763	0	0.9918	0	2	0	242	268	0	1N(2861.0000)	NA	HexNAc(5)Hex(6)NeuAc(3) % 2861.0000	1.29	0	nISDGFDGIPDNVDAALALPAHSYSGR	N(7.63)I(0.00)S(0.00)D(0.00)G(0.00)F(0.00)D(0.00)G(0.00)I(0.00)P(0.00)D(0.00)N(0.00)V(0.00)D(0.00)A(0.00)A(0.00)L(0.00)A(0.00)L(0.00)P(0.00)A(0.00)H(0.00)S(0.00)Y(0.00)S(0.00)G(0.00)R(0.00)	N1	1	N(2.89)I(0.00)S(0.00)D(0.00)G(0.00)F(0.00)D(0.00)G(0.00)I(0.00)P(0.00)D(0.00)N(0.00)V(0.00)D(0.00)A(0.00)A(0.00)L(0.00)A(0.00)L(0.00)P(0.00)A(0.00)H(0.00)S(0.00)Y(0.00)S(0.00)G(0.00)R(0.00)	N(0)I(0)S(0)D(0)G(0)F(0)D(0)G(0)I(0)P(0)D(0)N(0)V(0)D(0)A(0)A(0)L(0)A(0)L(0)P(0)A(0)H(0)S(0)Y(0)S(0)G(0)R(0)	7.631482	3	0	0	9.763753	4	2.8858616	0	0	0	0	FALSE	FALSE	TRUE	sp|P04004|VTNC_HUMAN	P04004	VTNC_HUMAN	VTN	Vitronectin			60180	0	0	0	0	0	0
240419_ES_R00006_MG_c00001_SA_NPB_3_i2.60284.60284.5	D:\SHARE\Tim\25-12-03_GD_Dataset\GD_dataset\NPB_3_i2\interact.pep.xml	NISDGFDGIPDNVDAALALPAHSYSGR	N[3121]ISDGFDGIPDNVDAALALPAHSYSGR	VLDPDYPR.NISDGFDGIPDNVDAALALPAHSYSGR.ERVYFFKG	R	E	27	5	5197.5244	5779.3726	5779.3633	1156.8818	1156.8799	5778.373	1156.6819	0.9905	0.006313208	17.299	0	0.9999	0	2	0	242	268	0	1N(3007.0579)	NA	HexNAc(5)Hex(6)Fuc(1)NeuAc(3) % 3007.0579	-1.3	0.001120448	nISDGFDGIPDNVDAALALPAHSYSGR	N(15.40)I(0.00)S(0.00)D(0.00)G(0.00)F(0.00)D(0.00)G(0.00)I(0.00)P(0.00)D(0.00)N(0.00)V(0.00)D(0.00)A(0.00)A(0.00)L(0.00)A(0.00)L(0.00)P(0.00)A(0.00)H(0.00)S(0.00)Y(0.00)S(0.00)G(0.00)R(0.00)	N1	1	N(0.00)I(0.00)S(0.00)D(0.00)G(0.00)F(0.00)D(0.00)G(0.00)I(0.00)P(0.00)D(0.00)N(0.00)V(0.00)D(0.00)A(0.00)A(0.00)L(0.00)A(0.00)L(0.00)P(0.00)A(0.00)H(0.00)S(0.00)Y(0.00)S(0.00)G(0.00)R(0.00)	N(0)I(0)S(0)D(0)G(0)F(0)D(0)G(0)I(0)P(0)D(0)N(0)V(0)D(0)A(0)A(0)L(0)A(0)L(0)P(0)A(0)H(0)S(0)Y(0)S(0)G(0)R(0)	15.401558	8	0	0	17.299028	9	0	0	0	0	0	FALSE	FALSE	TRUE	sp|P04004|VTNC_HUMAN	P04004	VTNC_HUMAN	VTN	Vitronectin			60269	0	0	0	0	0	0
240419_ES_R00006_MG_c00001_SA_NPB_3_i2.60296.60296.4	D:\SHARE\Tim\25-12-03_GD_Dataset\GD_dataset\NPB_3_i2\interact.pep.xml	NISDGFDGIPDNVDAALALPAHSYSGR	N[3121]ISDGFDGIPDNVDAALALPAHSYSGR	VLDPDYPR.NISDGFDGIPDNVDAALALPAHSYSGR.ERVYFFKG	R	E	27	4	5198.3877	5778.3623	5778.3564	1445.5979	1445.5964	5778.373	1445.6006	-0.0164	0.000238644	21.989	6.695	1	0	2	0	242	268	0	1N(3007.0579)	NA	HexNAc(5)Hex(6)Fuc(1)NeuAc(3) % 3007.0579	-2.05	0.001120448	nISDGFDGIPDNVDAALALPAHSYSGR	N(20.20)I(0.00)S(0.00)D(0.00)G(0.00)F(0.00)D(0.00)G(0.00)I(0.00)P(0.00)D(0.00)N(0.00)V(0.00)D(0.00)A(0.00)A(0.00)L(0.00)A(0.00)L(0.00)P(0.00)A(0.00)H(0.00)S(0.00)Y(0.00)S(0.00)G(0.00)R(0.00)	N1	1	N(0.00)I(0.00)S(0.00)D(0.00)G(0.00)F(0.00)D(0.00)G(0.00)I(0.00)P(0.00)D(0.00)N(0.00)V(0.00)D(0.00)A(0.00)A(0.00)L(0.00)A(0.00)L(0.00)P(0.00)A(0.00)H(0.00)S(0.00)Y(0.00)S(0.00)G(0.00)R(0.00)	N(0)I(0)S(0)D(0)G(0)F(0)D(0)G(0)I(0)P(0)D(0)N(0)V(0)D(0)A(0)A(0)L(0)A(0)L(0)P(0)A(0)H(0)S(0)Y(0)S(0)G(0)R(0)	20.198408	10	0	0	21.989668	11	0	0	0	0	0	FALSE	FALSE	TRUE	sp|P04004|VTNC_HUMAN	P04004	VTNC_HUMAN	VTN	Vitronectin			60280	0	0	0	0	0	0
240419_ES_R00006_MG_c00001_SA_NPB_3_i2.60299.60299.5	D:\SHARE\Tim\25-12-03_GD_Dataset\GD_dataset\NPB_3_i2\interact.pep.xml	NISDGFDGIPDNVDAALALPAHSYSGR	N[3121]ISDGFDGIPDNVDAALALPAHSYSGR	VLDPDYPR.NISDGFDGIPDNVDAALALPAHSYSGR.ERVYFFKG	R	E	27	5	5198.7188	5778.3623	5778.3535	1156.6797	1156.678	5778.373	1156.6819	-0.0193	8.55E-06	21.457	9.791	1	0	2	0	242	268	0	1N(3007.0579)	NA	HexNAc(5)Hex(6)Fuc(1)NeuAc(3) % 3007.0579	-1.73	0.001120448	nISDGFDGIPDNVDAALALPAHSYSGR	N(17.67)I(0.00)S(0.00)D(0.00)G(0.00)F(0.00)D(0.00)G(0.00)I(0.00)P(0.00)D(0.00)N(0.00)V(0.00)D(0.00)A(0.00)A(0.00)L(0.00)A(0.00)L(0.00)P(0.00)A(0.00)H(0.00)S(0.00)Y(0.00)S(0.00)G(0.00)R(0.00)	N1	1	N(0.00)I(0.00)S(0.00)D(0.00)G(0.00)F(0.00)D(0.00)G(0.00)I(0.00)P(0.00)D(0.00)N(0.00)V(0.00)D(0.00)A(0.00)A(0.00)L(0.00)A(0.00)L(0.00)P(0.00)A(0.00)H(0.00)S(0.00)Y(0.00)S(0.00)G(0.00)R(0.00)	N(0)I(0)S(0)D(0)G(0)F(0)D(0)G(0)I(0)P(0)D(0)N(0)V(0)D(0)A(0)A(0)L(0)A(0)L(0)P(0)A(0)H(0)S(0)Y(0)S(0)G(0)R(0)	17.66977	9	0	0	21.457047	11	0	0	0	0	0	FALSE	FALSE	TRUE	sp|P04004|VTNC_HUMAN	P04004	VTNC_HUMAN	VTN	Vitronectin			60280	0	0	0	0	0	0
240419_ES_R00006_MG_c00001_SA_NPB_3_i2.60313.60313.4	D:\SHARE\Tim\25-12-03_GD_Dataset\GD_dataset\NPB_3_i2\interact.pep.xml	NISDGFDGIPDNVDAALALPAHSYSGR	N[3121]ISDGFDGIPDNVDAALALPAHSYSGR	VLDPDYPR.NISDGFDGIPDNVDAALALPAHSYSGR.ERVYFFKG	R	E	27	4	5199.7075	5779.3633	5779.3667	1445.8481	1445.849	5778.373	1445.6006	0.9939	9.82E-05	23.532	0	1	0	2	0	242	268	0	1N(3007.0579)	NA	HexNAc(5)Hex(6)Fuc(1)NeuAc(3) % 3007.0579	-3.03	0.003200854	nISDGFDGIPDNVDAALALPAHSYSGR	N(20.24)I(0.00)S(0.00)D(0.00)G(0.00)F(0.00)D(0.00)G(0.00)I(0.00)P(0.00)D(0.00)N(0.00)V(0.00)D(0.00)A(0.00)A(0.00)L(0.00)A(0.00)L(0.00)P(0.00)A(0.00)H(0.00)S(0.00)Y(0.00)S(0.00)G(0.00)R(0.00)	N1	1	N(0.00)I(0.00)S(0.00)D(0.00)G(0.00)F(0.00)D(0.00)G(0.00)I(0.00)P(0.00)D(0.00)N(0.00)V(0.00)D(0.00)A(0.00)A(0.00)L(0.00)A(0.00)L(0.00)P(0.00)A(0.00)H(0.00)S(0.00)Y(0.00)S(0.00)G(0.00)R(0.00)	N(0)I(0)S(0)D(0)G(0)F(0)D(0)G(0)I(0)P(0)D(0)N(0)V(0)D(0)A(0)A(0)L(0)A(0)L(0)P(0)A(0)H(0)S(0)Y(0)S(0)G(0)R(0)	20.239529	10	0	0	23.532177	12	0	0	0	0	0	FALSE	FALSE	TRUE	sp|P04004|VTNC_HUMAN	P04004	VTNC_HUMAN	VTN	Vitronectin			60295	0	0	0	0	0	0
240419_ES_R00006_MG_c00001_SA_NPB_3_i2.60342.60342.5	D:\SHARE\Tim\25-12-03_GD_Dataset\GD_dataset\NPB_3_i2\interact.pep.xml	NISDGFDGIPDNVDAALALPAHSYSGR	N[3121]ISDGFDGIPDNVDAALALPAHSYSGR	VLDPDYPR.NISDGFDGIPDNVDAALALPAHSYSGR.ERVYFFKG	R	E	27	5	5202.1504	5780.365	5780.3594	1157.0803	1157.0792	5778.373	1156.6819	1.9866	1.18E-05	23.803	10.146	1	0	2	0	242	268	0	1N(3007.0579)	NA	HexNAc(5)Hex(6)Fuc(1)NeuAc(3) % 3007.0579	-1.21	0.001120448	nISDGFDGIPDNVDAALALPAHSYSGR	N(20.16)I(0.00)S(0.00)D(0.00)G(0.00)F(0.00)D(0.00)G(0.00)I(0.00)P(0.00)D(0.00)N(0.00)V(0.00)D(0.00)A(0.00)A(0.00)L(0.00)A(0.00)L(0.00)P(0.00)A(0.00)H(0.00)S(0.00)Y(0.00)S(0.00)G(0.00)R(0.00)	N1	1	N(0.00)I(0.00)S(0.00)D(0.00)G(0.00)F(0.00)D(0.00)G(0.00)I(0.00)P(0.00)D(0.00)N(0.00)V(0.00)D(0.00)A(0.00)A(0.00)L(0.00)A(0.00)L(0.00)P(0.00)A(0.00)H(0.00)S(0.00)Y(0.00)S(0.00)G(0.00)R(0.00)	N(0)I(0)S(0)D(0)G(0)F(0)D(0)G(0)I(0)P(0)D(0)N(0)V(0)D(0)A(0)A(0)L(0)A(0)L(0)P(0)A(0)H(0)S(0)Y(0)S(0)G(0)R(0)	20.156727	10	0	0	23.80338	12	0	0	0	0	0	FALSE	FALSE	TRUE	sp|P04004|VTNC_HUMAN	P04004	VTNC_HUMAN	VTN	Vitronectin			60328	0	0	0	0	0	0
240419_ES_R00006_MG_c00001_SA_NPB_3_i2.60397.60397.4	D:\SHARE\Tim\25-12-03_GD_Dataset\GD_dataset\NPB_3_i2\interact.pep.xml	NISDGFDGIPDNVDAALALPAHSYSGR	N[2975]ISDGFDGIPDNVDAALALPAHSYSGR	VLDPDYPR.NISDGFDGIPDNVDAALALPAHSYSGR.ERVYFFKG	R	E	27	4	5206.4463	5633.3086	5633.3027	1409.3344	1409.333	5632.3149	1409.0861	0.9878	1.91E-07	21.53	6.323	1	0	2	0	242	268	0	1N(2861.0000)	NA	HexNAc(5)Hex(6)NeuAc(3) % 2861.0000	0.53	0	nISDGFDGIPDNVDAALALPAHSYSGR	N(19.88)I(0.00)S(0.00)D(0.00)G(0.00)F(0.00)D(0.00)G(0.00)I(0.00)P(0.00)D(0.00)N(0.00)V(0.00)D(0.00)A(0.00)A(0.00)L(0.00)A(0.00)L(0.00)P(0.00)A(0.00)H(0.00)S(0.00)Y(0.00)S(0.00)G(0.00)R(0.00)	N1	1	N(0.00)I(0.00)S(0.00)D(0.00)G(0.00)F(0.00)D(0.00)G(0.00)I(0.00)P(0.00)D(0.00)N(0.00)V(0.00)D(0.00)A(0.00)A(0.00)L(0.00)A(0.00)L(0.00)P(0.00)A(0.00)H(0.00)S(0.00)Y(0.00)S(0.00)G(0.00)R(0.00)	N(0)I(0)S(0)D(0)G(0)F(0)D(0)G(0)I(0)P(0)D(0)N(0)V(0)D(0)A(0)A(0)L(0)A(0)L(0)P(0)A(0)H(0)S(0)Y(0)S(0)G(0)R(0)	19.878397	10	0	0	21.530512	11	0	0	0	0	0	FALSE	FALSE	TRUE	sp|P04004|VTNC_HUMAN	P04004	VTNC_HUMAN	VTN	Vitronectin			60379	0	0	0	0	0	0
240419_ES_R00006_MG_c00001_SA_NPB_3_i2.60462.60462.4	D:\SHARE\Tim\25-12-03_GD_Dataset\GD_dataset\NPB_3_i2\interact.pep.xml	NISDGFDGIPDNVDAALALPAHSYSGR	N[2319]ISDGFDGIPDNVDAALALPAHSYSGR	VLDPDYPR.NISDGFDGIPDNVDAALALPAHSYSGR.ERVYFFKG	R	E	27	4	5211.703	4976.11	4976.0815	1245.0348	1245.0277	4976.0874	1245.0292	-0.0059	6.20E-13	42.502	7.78	1	0	2	0	242	268	0	1N(2204.7725)	NA	HexNAc(4)Hex(5)NeuAc(2) % 2204.7724	5.18	0	nISDGFDGIPDNVDAALALPAHSYSGR	N(42.50)I(0.00)S(0.00)D(0.00)G(0.00)F(0.00)D(0.00)G(0.00)I(0.00)P(0.00)D(0.00)N(0.00)V(0.00)D(0.00)A(0.00)A(0.00)L(0.00)A(0.00)L(0.00)P(0.00)A(0.00)H(0.00)S(0.00)Y(0.00)S(0.00)G(0.00)R(0.00)	N1	1	N(14.99)I(0.00)S(0.00)D(0.00)G(0.00)F(0.00)D(0.00)G(0.00)I(0.00)P(0.00)D(0.00)N(0.00)V(0.00)D(0.00)A(0.00)A(0.00)L(0.00)A(0.00)L(0.00)P(0.00)A(0.00)H(0.00)S(0.00)Y(0.00)S(0.00)G(0.00)R(0.00)	N(2)I(0)S(0)D(0)G(0)F(0)D(0)G(0)I(0)P(0)D(0)N(0)V(0)D(0)A(0)A(0)L(0)A(0)L(0)P(0)A(0)H(0)S(0)Y(0)S(0)G(0)R(0)	42.50255	13	0	0	41.02833	12	14.988953	2	0	0	0	FALSE	FALSE	TRUE	sp|P04004|VTNC_HUMAN	P04004	VTNC_HUMAN	VTN	Vitronectin			60445	0	0	0	0	0	0
240419_ES_R00006_MG_c00001_SA_NPB_3_i2.60526.60526.4	D:\SHARE\Tim\25-12-03_GD_Dataset\GD_dataset\NPB_3_i2\interact.pep.xml	NISDGFDGIPDNVDAALALPAHSYSGR	N[2319]ISDGFDGIPDNVDAALALPAHSYSGR	VLDPDYPR.NISDGFDGIPDNVDAALALPAHSYSGR.ERVYFFKG	R	E	27	4	5216.723	4977.0513	4977.081	1245.2701	1245.2775	4976.0874	1245.0292	0.9937	2.83E-05	25.02	11.808	0.9988	0	2	0	242	268	0	1N(2204.7725)	NA	HexNAc(4)Hex(5)NeuAc(2) % 2204.7724	3.87	0	nISDGFDGIPDNVDAALALPAHSYSGR	N(23.27)I(0.00)S(0.00)D(0.00)G(0.00)F(0.00)D(0.00)G(0.00)I(0.00)P(0.00)D(0.00)N(0.00)V(0.00)D(0.00)A(0.00)A(0.00)L(0.00)A(0.00)L(0.00)P(0.00)A(0.00)H(0.00)S(0.00)Y(0.00)S(0.00)G(0.00)R(0.00)	N1	1	N(8.34)I(0.00)S(0.00)D(0.00)G(0.00)F(0.00)D(0.00)G(0.00)I(0.00)P(0.00)D(0.00)N(0.00)V(0.00)D(0.00)A(0.00)A(0.00)L(0.00)A(0.00)L(0.00)P(0.00)A(0.00)H(0.00)S(0.00)Y(0.00)S(0.00)G(0.00)R(0.00)	N(0)I(0)S(0)D(0)G(0)F(0)D(0)G(0)I(0)P(0)D(0)N(0)V(0)D(0)A(0)A(0)L(0)A(0)L(0)P(0)A(0)H(0)S(0)Y(0)S(0)G(0)R(0)	23.265808	7	0	0	25.020557	8	8.344854	0	0	0	0	FALSE	FALSE	TRUE	sp|P04004|VTNC_HUMAN	P04004	VTNC_HUMAN	VTN	Vitronectin			60509	0	0	0	0	0	0
240419_ES_R00006_MG_c00001_SA_NPB_3_i2.60539.60539.5	D:\SHARE\Tim\25-12-03_GD_Dataset\GD_dataset\NPB_3_i2\interact.pep.xml	NISDGFDGIPDNVDAALALPAHSYSGR	N[2975]ISDGFDGIPDNVDAALALPAHSYSGR	VLDPDYPR.NISDGFDGIPDNVDAALALPAHSYSGR.ERVYFFKG	R	E	27	5	5217.7676	5633.3037	5633.295	1127.668	1127.6663	5632.3149	1127.4703	0.98	0.017002	15.578	7.349	0.9976	0	2	0	242	268	0	1N(2861.0000)	NA	HexNAc(5)Hex(6)NeuAc(3) % 2861.0000	2.16	0	nISDGFDGIPDNVDAALALPAHSYSGR	N(13.52)I(0.00)S(0.00)D(0.00)G(0.00)F(0.00)D(0.00)G(0.00)I(0.00)P(0.00)D(0.00)N(0.00)V(0.00)D(0.00)A(0.00)A(0.00)L(0.00)A(0.00)L(0.00)P(0.00)A(0.00)H(0.00)S(0.00)Y(0.00)S(0.00)G(0.00)R(0.00)	N1	1	N(2.11)I(0.00)S(0.00)D(0.00)G(0.00)F(0.00)D(0.00)G(0.00)I(0.00)P(0.00)D(0.00)N(0.00)V(0.00)D(0.00)A(0.00)A(0.00)L(0.00)A(0.00)L(0.00)P(0.00)A(0.00)H(0.00)S(0.00)Y(0.00)S(0.00)G(0.00)R(0.00)	N(0)I(0)S(0)D(0)G(0)F(0)D(0)G(0)I(0)P(0)D(0)N(0)V(0)D(0)A(0)A(0)L(0)A(0)L(0)P(0)A(0)H(0)S(0)Y(0)S(0)G(0)R(0)	13.517389	6	0	0	15.578284	7	2.1140845	0	0	0	0	FALSE	FALSE	TRUE	sp|P04004|VTNC_HUMAN	P04004	VTNC_HUMAN	VTN	Vitronectin			60523	0	0	0	0	0	0
240419_ES_R00006_MG_c00001_SA_NPB_3_i2.60575.60575.5	D:\SHARE\Tim\25-12-03_GD_Dataset\GD_dataset\NPB_3_i2\interact.pep.xml	NISDGFDGIPDNVDAALALPAHSYSGR	N[2975]ISDGFDGIPDNVDAALALPAHSYSGR	VLDPDYPR.NISDGFDGIPDNVDAALALPAHSYSGR.ERVYFFKG	R	E	27	5	5220.808	5634.3066	5634.307	1127.8686	1127.8687	5632.3149	1127.4703	1.9922	0.000632412	20.296	6.182	1	0	2	0	242	268	0	1N(2861.0000)	NA	HexNAc(5)Hex(6)NeuAc(3) % 2861.0000	-0.83	0	nISDGFDGIPDNVDAALALPAHSYSGR	N(17.44)I(0.00)S(0.00)D(0.00)G(0.00)F(0.00)D(0.00)G(0.00)I(0.00)P(0.00)D(0.00)N(0.00)V(0.00)D(0.00)A(0.00)A(0.00)L(0.00)A(0.00)L(0.00)P(0.00)A(0.00)H(0.00)S(0.00)Y(0.00)S(0.00)G(0.00)R(0.00)	N1	1	N(0.00)I(0.00)S(0.00)D(0.00)G(0.00)F(0.00)D(0.00)G(0.00)I(0.00)P(0.00)D(0.00)N(0.00)V(0.00)D(0.00)A(0.00)A(0.00)L(0.00)A(0.00)L(0.00)P(0.00)A(0.00)H(0.00)S(0.00)Y(0.00)S(0.00)G(0.00)R(0.00)	N(0)I(0)S(0)D(0)G(0)F(0)D(0)G(0)I(0)P(0)D(0)N(0)V(0)D(0)A(0)A(0)L(0)A(0)L(0)P(0)A(0)H(0)S(0)Y(0)S(0)G(0)R(0)	17.439823	9	0	0	20.296177	11	0	0	0	0	0	FALSE	FALSE	TRUE	sp|P04004|VTNC_HUMAN	P04004	VTNC_HUMAN	VTN	Vitronectin			60553	0	0	0	0	0	0
240419_ES_R00006_MG_c00001_SA_NPB_3_i2.60637.60637.4	D:\SHARE\Tim\25-12-03_GD_Dataset\GD_dataset\NPB_3_i2\interact.pep.xml	NISDGFDGIPDNVDAALALPAHSYSGR	N[3121]ISDGFDGIPDNVDAALALPAHSYSGR	VLDPDYPR.NISDGFDGIPDNVDAALALPAHSYSGR.ERVYFFKG	R	E	27	4	5225.6255	5779.4287	5779.406	1445.8645	1445.8588	5778.373	1445.6006	1.033	0.04069115	13.062	7.171	0.9895	0.000139101	2	0	242	268	0	1N(3007.0579)	NA	HexNAc(5)Hex(6)Fuc(1)NeuAc(3) % 3007.0579	-0.98	0.000597015	nISDGFDGIPDNVDAALALPAHSYSGR	N(13.06)I(0.00)S(0.00)D(0.00)G(0.00)F(0.00)D(0.00)G(0.00)I(0.00)P(0.00)D(0.00)N(0.00)V(0.00)D(0.00)A(0.00)A(0.00)L(0.00)A(0.00)L(0.00)P(0.00)A(0.00)H(0.00)S(0.00)Y(0.00)S(0.00)G(0.00)R(0.00)	N1	1	N(2.31)I(0.00)S(0.00)D(0.00)G(0.00)F(0.00)D(0.00)G(0.00)I(0.00)P(0.00)D(0.00)N(0.00)V(0.00)D(0.00)A(0.00)A(0.00)L(0.00)A(0.00)L(0.00)P(0.00)A(0.00)H(0.00)S(0.00)Y(0.00)S(0.00)G(0.00)R(0.00)	N(0)I(0)S(0)D(0)G(0)F(0)D(0)G(0)I(0)P(0)D(0)N(0)V(0)D(0)A(0)A(0)L(0)A(0)L(0)P(0)A(0)H(0)S(0)Y(0)S(0)G(0)R(0)	13.062899	6	0	0	13.062899	6	2.3067763	0	0	0	0	FALSE	FALSE	TRUE	sp|P04004|VTNC_HUMAN	P04004	VTNC_HUMAN	VTN	Vitronectin			60616	0	0	0	0	0	0
240419_ES_R00006_MG_c00001_SA_NPB_3_i2.60675.60675.4	D:\SHARE\Tim\25-12-03_GD_Dataset\GD_dataset\NPB_3_i2\interact.pep.xml	NISDGFDGIPDNVDAALALPAHSYSGR	N[2975]ISDGFDGIPDNVDAALALPAHSYSGR	VLDPDYPR.NISDGFDGIPDNVDAALALPAHSYSGR.ERVYFFKG	R	E	27	4	5228.5503	5632.34	5632.334	1409.0923	1409.0908	5632.3149	1409.0861	0.019	0.000608135	19.364	8.511	1	0	2	0	242	268	0	1N(2861.0000)	NA	HexNAc(5)Hex(6)NeuAc(3) % 2861.0000	1.92	0	nISDGFDGIPDNVDAALALPAHSYSGR	N(17.75)I(0.00)S(0.00)D(0.00)G(0.00)F(0.00)D(0.00)G(0.00)I(0.00)P(0.00)D(0.00)N(0.00)V(0.00)D(0.00)A(0.00)A(0.00)L(0.00)A(0.00)L(0.00)P(0.00)A(0.00)H(0.00)S(0.00)Y(0.00)S(0.00)G(0.00)R(0.00)	N1	1	N(1.67)I(0.00)S(0.00)D(0.00)G(0.00)F(0.00)D(0.00)G(0.00)I(0.00)P(0.00)D(0.00)N(0.00)V(0.00)D(0.00)A(0.00)A(0.00)L(0.00)A(0.00)L(0.00)P(0.00)A(0.00)H(0.00)S(0.00)Y(0.00)S(0.00)G(0.00)R(0.00)	N(0)I(0)S(0)D(0)G(0)F(0)D(0)G(0)I(0)P(0)D(0)N(0)V(0)D(0)A(0)A(0)L(0)A(0)L(0)P(0)A(0)H(0)S(0)Y(0)S(0)G(0)R(0)	17.7487	8	0	0	19.364716	9	1.665251	0	0	0	0	FALSE	FALSE	TRUE	sp|P04004|VTNC_HUMAN	P04004	VTNC_HUMAN	VTN	Vitronectin			60659	0	0	0	0	0	0
240419_ES_R00006_MG_c00001_SA_NPB_3_i2.60740.60740.4	D:\SHARE\Tim\25-12-03_GD_Dataset\GD_dataset\NPB_3_i2\interact.pep.xml	NNATVHEQVGGPSLTSDLQAQSK	NN[2319]ATVHEQVGGPSLTSDLQAQSK	VYDDGEEK.NNATVHEQVGGPSLTSDLQAQSK.GNPEQTPV	K	G	23	4	5233.772	4584.9556	4584.9443	1147.2462	1147.2434	4584.9346	1147.241	0.01	2.60E-08	40.755	13.88	1	0	2	0	85	107	15834100	2N(2204.7725)	NA	HexNAc(4)Hex(5)NeuAc(2) % 2204.7724	5.15	0	NnATVHEQVGGPSLTSDLQAQSK	N(0.00)N(37.91)A(0.00)T(0.00)V(0.00)H(0.00)E(0.00)Q(0.00)V(0.00)G(0.00)G(0.00)P(0.00)S(0.00)L(0.00)T(0.00)S(0.00)D(0.00)L(0.00)Q(0.00)A(0.00)Q(0.00)S(0.00)K(0.00)	N2	1	N(0.00)N(11.80)A(0.00)T(0.00)V(0.00)H(0.00)E(0.00)Q(0.00)V(0.00)G(0.00)G(0.00)P(0.00)S(0.00)L(0.00)T(0.00)S(0.00)D(0.00)L(0.00)Q(0.00)A(0.00)Q(0.00)S(0.00)K(0.00)	N(0)N(1)A(0)T(0)V(0)H(0)E(0)Q(0)V(0)G(0)G(0)P(0)S(0)L(0)T(0)S(0)D(0)L(0)Q(0)A(0)Q(0)S(0)K(0)	37.90665	12	0	0	40.755844	14	11.802816	1	0	0	0	FALSE	FALSE	FALSE	sp|P04004|VTNC_HUMAN	P04004	VTNC_HUMAN	VTN	Vitronectin		tr|F5GX75|F5GX75_HUMAN	60719	5239.1133	60807	5178.345	5359.7803	144.112	155
240419_ES_R00006_MG_c00001_SA_NPB_3_i2.60755.60755.4	D:\SHARE\Tim\25-12-03_GD_Dataset\GD_dataset\NPB_3_i2\interact.pep.xml	NNATVHEQVGGPSLTSDLQAQSK	NN[2975]ATVHEQVGGPSLTSDLQAQSK	VYDDGEEK.NNATVHEQVGGPSLTSDLQAQSK.GNPEQTPV	K	G	23	4	5235.1265	5241.193	5241.187	1311.3055	1311.304	5241.1621	1311.2979	0.0251	0.1047129	11.42	0	0.9736	0.000230947	2	0	85	107	0	2N(2861.0000)	NA	HexNAc(5)Hex(6)NeuAc(3) % 2861.0000	4	0	NnATVHEQVGGPSLTSDLQAQSK	N(0.00)N(11.42)A(0.00)T(0.00)V(0.00)H(0.00)E(0.00)Q(0.00)V(0.00)G(0.00)G(0.00)P(0.00)S(0.00)L(0.00)T(0.00)S(0.00)D(0.00)L(0.00)Q(0.00)A(0.00)Q(0.00)S(0.00)K(0.00)	N2	1	N(0.00)N(7.91)A(0.00)T(0.00)V(0.00)H(0.00)E(0.00)Q(0.00)V(0.00)G(0.00)G(0.00)P(0.00)S(0.00)L(0.00)T(0.00)S(0.00)D(0.00)L(0.00)Q(0.00)A(0.00)Q(0.00)S(0.00)K(0.00)	N(0)N(0)A(0)T(0)V(0)H(0)E(0)Q(0)V(0)G(0)G(0)P(0)S(0)L(0)T(0)S(0)D(0)L(0)Q(0)A(0)Q(0)S(0)K(0)	11.420126	2	0	0	11.420126	2	7.9071126	0	0	0	0	FALSE	FALSE	FALSE	sp|P04004|VTNC_HUMAN	P04004	VTNC_HUMAN	VTN	Vitronectin		tr|F5GX75|F5GX75_HUMAN	60739	0	0	0	0	0	0
240419_ES_R00006_MG_c00001_SA_NPB_3_i2.60810.60810.5	D:\SHARE\Tim\25-12-03_GD_Dataset\GD_dataset\NPB_3_i2\interact.pep.xml	FEDGVLDPDYPRNISDGFDGIPDNVDAALALPAHSYSGR	FEDGVLDPDYPRN[2975]ISDGFDGIPDNVDAALALPAHSYSGR	FKGSQYWR.FEDGVLDPDYPRNISDGFDGIPDNVDAALALPAHSYSGR.ERVYFFKG	R	E	39	5	5239.3926	7037.9795	7037.9634	1408.6032	1408.6	7035.9507	1408.1975	2.0127	1.06E-05	28.391	0	1	0	2	1	230	268	0	13N(2861.0000)	NA	HexNAc(5)Hex(6)NeuAc(3) % 2861.0000	2.82	0	FEDGVLDPDYPRnISDGFDGIPDNVDAALALPAHSYSGR	F(0.00)E(0.00)D(0.00)G(0.00)V(0.00)L(0.00)D(0.00)P(0.00)D(0.00)Y(0.00)P(0.00)R(0.00)N(28.39)I(0.00)S(0.00)D(0.00)G(0.00)F(0.00)D(0.00)G(0.00)I(0.00)P(0.00)D(0.00)N(0.00)V(0.00)D(0.00)A(0.00)A(0.00)L(0.00)A(0.00)L(0.00)P(0.00)A(0.00)H(0.00)S(0.00)Y(0.00)S(0.00)G(0.00)R(0.00)	N13	1	F(0.00)E(0.00)D(0.00)G(0.00)V(0.00)L(0.00)D(0.00)P(0.00)D(0.00)Y(0.00)P(0.00)R(0.00)N(2.51)I(0.00)S(0.00)D(0.00)G(0.00)F(0.00)D(0.00)G(0.00)I(0.00)P(0.00)D(0.00)N(0.00)V(0.00)D(0.00)A(0.00)A(0.00)L(0.00)A(0.00)L(0.00)P(0.00)A(0.00)H(0.00)S(0.00)Y(0.00)S(0.00)G(0.00)R(0.00)	F(0)E(0)D(0)G(0)V(0)L(0)D(0)P(0)D(0)Y(0)P(0)R(0)N(0)I(0)S(0)D(0)G(0)F(0)D(0)G(0)I(0)P(0)D(0)N(0)V(0)D(0)A(0)A(0)L(0)A(0)L(0)P(0)A(0)H(0)S(0)Y(0)S(0)G(0)R(0)	28.391235	12	0	0	28.391235	12	2.513575	0	0	0	0	FALSE	FALSE	TRUE	sp|P04004|VTNC_HUMAN	P04004	VTNC_HUMAN	VTN	Vitronectin			60790	0	0	0	0	0	0
240419_ES_R00006_MG_c00001_SA_NPB_3_i2.60876.60876.4	D:\SHARE\Tim\25-12-03_GD_Dataset\GD_dataset\NPB_3_i2\interact.pep.xml	NNATVHEQVGGPSLTSDLQAQSK	NN[2319]ATVHEQVGGPSLTSDLQAQSK	VYDDGEEK.NNATVHEQVGGPSLTSDLQAQSK.GNPEQTPV	K	G	23	4	5244.658	4585.97	4585.9463	1147.4998	1147.4939	4584.9346	1147.241	1.012	1.58E-09	39.387	9.224	1	0	2	0	85	107	15970137	2N(2204.7725)	NA	HexNAc(4)Hex(5)NeuAc(2) % 2204.7724	5.72	0	NnATVHEQVGGPSLTSDLQAQSK	N(0.00)N(37.91)A(0.00)T(0.00)V(0.00)H(0.00)E(0.00)Q(0.00)V(0.00)G(0.00)G(0.00)P(0.00)S(0.00)L(0.00)T(0.00)S(0.00)D(0.00)L(0.00)Q(0.00)A(0.00)Q(0.00)S(0.00)K(0.00)	N2	1	N(0.00)N(13.61)A(0.00)T(0.00)V(0.00)H(0.00)E(0.00)Q(0.00)V(0.00)G(0.00)G(0.00)P(0.00)S(0.00)L(0.00)T(0.00)S(0.00)D(0.00)L(0.00)Q(0.00)A(0.00)Q(0.00)S(0.00)K(0.00)	N(0)N(1)A(0)T(0)V(0)H(0)E(0)Q(0)V(0)G(0)G(0)P(0)S(0)L(0)T(0)S(0)D(0)L(0)Q(0)A(0)Q(0)S(0)K(0)	37.911068	11	0	0	39.38782	12	13.606601	1	0	0	0	FALSE	FALSE	FALSE	sp|P04004|VTNC_HUMAN	P04004	VTNC_HUMAN	VTN	Vitronectin		tr|F5GX75|F5GX75_HUMAN	60862	5265.7812	61138	4890.0044	5359.7803	86.87701	352
240419_ES_R00006_MG_c00001_SA_NPB_3_i2.60989.60989.4	D:\SHARE\Tim\25-12-03_GD_Dataset\GD_dataset\NPB_3_i2\interact.pep.xml	NISDGFDGIPDNVDAALALPAHSYSGR	N[2975]ISDGFDGIPDNVDAALALPAHSYSGR	VLDPDYPR.NISDGFDGIPDNVDAALALPAHSYSGR.ERVYFFKG	R	E	27	4	5253.859	5634.3467	5634.328	1409.594	1409.5893	5632.3149	1409.0861	2.0132	0.05902009	13.416	8.941	0.9501	0.000230947	2	0	242	268	0	1N(2861.0000)	NA	HexNAc(5)Hex(6)NeuAc(3) % 2861.0000	0.86	0	nISDGFDGIPDNVDAALALPAHSYSGR	N(13.42)I(0.00)S(0.00)D(0.00)G(0.00)F(0.00)D(0.00)G(0.00)I(0.00)P(0.00)D(0.00)N(0.00)V(0.00)D(0.00)A(0.00)A(0.00)L(0.00)A(0.00)L(0.00)P(0.00)A(0.00)H(0.00)S(0.00)Y(0.00)S(0.00)G(0.00)R(0.00)	N1	1	N(2.34)I(0.00)S(0.00)D(0.00)G(0.00)F(0.00)D(0.00)G(0.00)I(0.00)P(0.00)D(0.00)N(0.00)V(0.00)D(0.00)A(0.00)A(0.00)L(0.00)A(0.00)L(0.00)P(0.00)A(0.00)H(0.00)S(0.00)Y(0.00)S(0.00)G(0.00)R(0.00)	N(0)I(0)S(0)D(0)G(0)F(0)D(0)G(0)I(0)P(0)D(0)N(0)V(0)D(0)A(0)A(0)L(0)A(0)L(0)P(0)A(0)H(0)S(0)Y(0)S(0)G(0)R(0)	13.416968	6	0	0	13.416968	6	2.33631	0	0	0	0	FALSE	FALSE	TRUE	sp|P04004|VTNC_HUMAN	P04004	VTNC_HUMAN	VTN	Vitronectin			60977	0	0	0	0	0	0
240419_ES_R00006_MG_c00001_SA_NPB_3_i2.61081.61081.4	D:\SHARE\Tim\25-12-03_GD_Dataset\GD_dataset\NPB_3_i2\interact.pep.xml	NISDGFDGIPDNVDAALALPAHSYSGR	N[2319]ISDGFDGIPDNVDAALALPAHSYSGR	VLDPDYPR.NISDGFDGIPDNVDAALALPAHSYSGR.ERVYFFKG	R	E	27	4	5261.32	4976.087	4976.082	1245.029	1245.0278	4976.0874	1245.0292	-0.0054	0.000132892	26.006	8.998	1	0	2	0	242	268	2976410	1N(2204.7725)	NA	HexNAc(4)Hex(5)NeuAc(2) % 2204.7724	5.55	0	nISDGFDGIPDNVDAALALPAHSYSGR	N(26.01)I(0.00)S(0.00)D(0.00)G(0.00)F(0.00)D(0.00)G(0.00)I(0.00)P(0.00)D(0.00)N(0.00)V(0.00)D(0.00)A(0.00)A(0.00)L(0.00)A(0.00)L(0.00)P(0.00)A(0.00)H(0.00)S(0.00)Y(0.00)S(0.00)G(0.00)R(0.00)	N1	1	N(10.22)I(0.00)S(0.00)D(0.00)G(0.00)F(0.00)D(0.00)G(0.00)I(0.00)P(0.00)D(0.00)N(0.00)V(0.00)D(0.00)A(0.00)A(0.00)L(0.00)A(0.00)L(0.00)P(0.00)A(0.00)H(0.00)S(0.00)Y(0.00)S(0.00)G(0.00)R(0.00)	N(0)I(0)S(0)D(0)G(0)F(0)D(0)G(0)I(0)P(0)D(0)N(0)V(0)D(0)A(0)A(0)L(0)A(0)L(0)P(0)A(0)H(0)S(0)Y(0)S(0)G(0)R(0)	26.006588	7	0	0	26.006588	7	10.217911	0	0	0	0	FALSE	FALSE	TRUE	sp|P04004|VTNC_HUMAN	P04004	VTNC_HUMAN	VTN	Vitronectin			61069	5245.685	60888	5121.764	5275.412	37.658	118
240419_ES_R00006_MG_c00001_SA_NPB_3_i2.61111.61111.4	D:\SHARE\Tim\25-12-03_GD_Dataset\GD_dataset\NPB_3_i2\interact.pep.xml	NNATVHEQVGGPSLTSDLQAQSK	NN[2028]ATVHEQVGGPSLTSDLQAQSK	VYDDGEEK.NNATVHEQVGGPSLTSDLQAQSK.GNPEQTPV	K	G	23	4	5263.698	4294.8477	4294.84	1074.7192	1074.7173	4293.8389	1074.467	1.0009	0.000233546	18.503	8.055	1	0	2	0	85	107	0	2N(1913.6770)	NA	HexNAc(4)Hex(5)NeuAc(1) % 1913.6770	4.06	0	NnATVHEQVGGPSLTSDLQAQSK	N(0.00)N(18.50)A(0.00)T(0.00)V(0.00)H(0.00)E(0.00)Q(0.00)V(0.00)G(0.00)G(0.00)P(0.00)S(0.00)L(0.00)T(0.00)S(0.00)D(0.00)L(0.00)Q(0.00)A(0.00)Q(0.00)S(0.00)K(0.00)	N2	1	N(0.00)N(12.16)A(0.00)T(0.00)V(0.00)H(0.00)E(0.00)Q(0.00)V(0.00)G(0.00)G(0.00)P(0.00)S(0.00)L(0.00)T(0.00)S(0.00)D(0.00)L(0.00)Q(0.00)A(0.00)Q(0.00)S(0.00)K(0.00)	N(0)N(0)A(0)T(0)V(0)H(0)E(0)Q(0)V(0)G(0)G(0)P(0)S(0)L(0)T(0)S(0)D(0)L(0)Q(0)A(0)Q(0)S(0)K(0)	18.50345	3	0	0	18.50345	3	12.164955	0	0	0	0	FALSE	FALSE	FALSE	sp|P04004|VTNC_HUMAN	P04004	VTNC_HUMAN	VTN	Vitronectin		tr|F5GX75|F5GX75_HUMAN	61092	0	0	0	0	0	0
240419_ES_R00006_MG_c00001_SA_NPB_3_i2.61273.61273.5	D:\SHARE\Tim\25-12-03_GD_Dataset\GD_dataset\NPB_3_i2\interact.pep.xml	FEDGVLDPDYPRNISDGFDGIPDNVDAALALPAHSYSGR	FEDGVLDPDYPRN[2975]ISDGFDGIPDNVDAALALPAHSYSGR	FKGSQYWR.FEDGVLDPDYPRNISDGFDGIPDNVDAALALPAHSYSGR.ERVYFFKG	R	E	39	5	5276.8745	7036.9854	7036.9795	1408.4044	1408.4032	7035.9507	1408.1975	1.0288	0.07219382	13.066	0	0.9493	0.000230947	2	1	230	268	0	13N(2861.0000)	NA	HexNAc(5)Hex(6)NeuAc(3) % 2861.0000	-1.83	0.001120448	FEDGVLDPDYPRnISDGFDGIPDNVDAALALPAHSYSGR	F(0.00)E(0.00)D(0.00)G(0.00)V(0.00)L(0.00)D(0.00)P(0.00)D(0.00)Y(0.00)P(0.00)R(0.00)N(13.07)I(0.00)S(0.00)D(0.00)G(0.00)F(0.00)D(0.00)G(0.00)I(0.00)P(0.00)D(0.00)N(0.00)V(0.00)D(0.00)A(0.00)A(0.00)L(0.00)A(0.00)L(0.00)P(0.00)A(0.00)H(0.00)S(0.00)Y(0.00)S(0.00)G(0.00)R(0.00)	N13	1	F(0.00)E(0.00)D(0.00)G(0.00)V(0.00)L(0.00)D(0.00)P(0.00)D(0.00)Y(0.00)P(0.00)R(0.00)N(0.00)I(0.00)S(0.00)D(0.00)G(0.00)F(0.00)D(0.00)G(0.00)I(0.00)P(0.00)D(0.00)N(0.00)V(0.00)D(0.00)A(0.00)A(0.00)L(0.00)A(0.00)L(0.00)P(0.00)A(0.00)H(0.00)S(0.00)Y(0.00)S(0.00)G(0.00)R(0.00)	F(0)E(0)D(0)G(0)V(0)L(0)D(0)P(0)D(0)Y(0)P(0)R(0)N(0)I(0)S(0)D(0)G(0)F(0)D(0)G(0)I(0)P(0)D(0)N(0)V(0)D(0)A(0)A(0)L(0)A(0)L(0)P(0)A(0)H(0)S(0)Y(0)S(0)G(0)R(0)	13.066126	6	0	0	13.066126	6	0	0	0	0	0	FALSE	FALSE	TRUE	sp|P04004|VTNC_HUMAN	P04004	VTNC_HUMAN	VTN	Vitronectin			61256	0	0	0	0	0	0
240419_ES_R00006_MG_c00001_SA_NPB_3_i2.61299.61299.5	D:\SHARE\Tim\25-12-03_GD_Dataset\GD_dataset\NPB_3_i2\interact.pep.xml	FEDGVLDPDYPRNISDGFDGIPDNVDAALALPAHSYSGR	FEDGVLDPDYPRN[2975]ISDGFDGIPDNVDAALALPAHSYSGR	FKGSQYWR.FEDGVLDPDYPRNISDGFDGIPDNVDAALALPAHSYSGR.ERVYFFKG	R	E	39	5	5278.838	7037.9785	7037.9614	1408.603	1408.5996	7035.9507	1408.1975	2.0107	0.000531496	19.598	9.127	1	0	2	1	230	268	0	13N(2861.0000)	NA	HexNAc(5)Hex(6)NeuAc(3) % 2861.0000	1.61	0	FEDGVLDPDYPRnISDGFDGIPDNVDAALALPAHSYSGR	F(0.00)E(0.00)D(0.00)G(0.00)V(0.00)L(0.00)D(0.00)P(0.00)D(0.00)Y(0.00)P(0.00)R(0.00)N(19.60)I(0.00)S(0.00)D(0.00)G(0.00)F(0.00)D(0.00)G(0.00)I(0.00)P(0.00)D(0.00)N(0.00)V(0.00)D(0.00)A(0.00)A(0.00)L(0.00)A(0.00)L(0.00)P(0.00)A(0.00)H(0.00)S(0.00)Y(0.00)S(0.00)G(0.00)R(0.00)	N13	1	F(0.00)E(0.00)D(0.00)G(0.00)V(0.00)L(0.00)D(0.00)P(0.00)D(0.00)Y(0.00)P(0.00)R(0.00)N(2.30)I(0.00)S(0.00)D(0.00)G(0.00)F(0.00)D(0.00)G(0.00)I(0.00)P(0.00)D(0.00)N(0.00)V(0.00)D(0.00)A(0.00)A(0.00)L(0.00)A(0.00)L(0.00)P(0.00)A(0.00)H(0.00)S(0.00)Y(0.00)S(0.00)G(0.00)R(0.00)	F(0)E(0)D(0)G(0)V(0)L(0)D(0)P(0)D(0)Y(0)P(0)R(0)N(0)I(0)S(0)D(0)G(0)F(0)D(0)G(0)I(0)P(0)D(0)N(0)V(0)D(0)A(0)A(0)L(0)A(0)L(0)P(0)A(0)H(0)S(0)Y(0)S(0)G(0)R(0)	19.59844	9	0	0	19.59844	9	2.3039842	0	0	0	0	FALSE	FALSE	TRUE	sp|P04004|VTNC_HUMAN	P04004	VTNC_HUMAN	VTN	Vitronectin			61288	0	0	0	0	0	0
240419_ES_R00006_MG_c00001_SA_NPB_3_i2.61312.61312.5	D:\SHARE\Tim\25-12-03_GD_Dataset\GD_dataset\NPB_3_i2\interact.pep.xml	FEDGVLDPDYPRNISDGFDGIPDNVDAALALPAHSYSGR	FEDGVLDPDYPRN[2975]ISDGFDGIPDNVDAALALPAHSYSGR	FKGSQYWR.FEDGVLDPDYPRNISDGFDGIPDNVDAALALPAHSYSGR.ERVYFFKG	R	E	39	5	5279.886	7035.9595	7035.953	1408.1992	1408.1979	7035.9507	1408.1975	0.0024	0.000362243	23.264	8.684	1	0	2	1	230	268	0	13N(2861.0000)	NA	HexNAc(5)Hex(6)NeuAc(3) % 2861.0000	3.12	0	FEDGVLDPDYPRnISDGFDGIPDNVDAALALPAHSYSGR	F(0.00)E(0.00)D(0.00)G(0.00)V(0.00)L(0.00)D(0.00)P(0.00)D(0.00)Y(0.00)P(0.00)R(0.00)N(23.26)I(0.00)S(0.00)D(0.00)G(0.00)F(0.00)D(0.00)G(0.00)I(0.00)P(0.00)D(0.00)N(0.00)V(0.00)D(0.00)A(0.00)A(0.00)L(0.00)A(0.00)L(0.00)P(0.00)A(0.00)H(0.00)S(0.00)Y(0.00)S(0.00)G(0.00)R(0.00)	N13	1	F(0.00)E(0.00)D(0.00)G(0.00)V(0.00)L(0.00)D(0.00)P(0.00)D(0.00)Y(0.00)P(0.00)R(0.00)N(2.40)I(0.00)S(0.00)D(0.00)G(0.00)F(0.00)D(0.00)G(0.00)I(0.00)P(0.00)D(0.00)N(0.00)V(0.00)D(0.00)A(0.00)A(0.00)L(0.00)A(0.00)L(0.00)P(0.00)A(0.00)H(0.00)S(0.00)Y(0.00)S(0.00)G(0.00)R(0.00)	F(0)E(0)D(0)G(0)V(0)L(0)D(0)P(0)D(0)Y(0)P(0)R(0)N(0)I(0)S(0)D(0)G(0)F(0)D(0)G(0)I(0)P(0)D(0)N(0)V(0)D(0)A(0)A(0)L(0)A(0)L(0)P(0)A(0)H(0)S(0)Y(0)S(0)G(0)R(0)	23.264254	10	0	0	23.264254	10	2.3963487	0	0	0	0	FALSE	FALSE	TRUE	sp|P04004|VTNC_HUMAN	P04004	VTNC_HUMAN	VTN	Vitronectin			61298	0	0	0	0	0	0
240419_ES_R00006_MG_c00001_SA_NPB_3_i2.61513.61513.4	D:\SHARE\Tim\25-12-03_GD_Dataset\GD_dataset\NPB_3_i2\interact.pep.xml	NNATVHEQVGGPSLTSDLQAQSK	NN[2319]ATVHEQVGGPSLTSDLQAQSK	VYDDGEEK.NNATVHEQVGGPSLTSDLQAQSK.GNPEQTPV	K	G	23	4	5296.37	4584.952	4584.9478	1147.2453	1147.2442	4584.9346	1147.241	0.0134	2.28E-11	39.478	14.31	1	0	2	0	85	107	17253556	2N(2204.7725)	NA	HexNAc(4)Hex(5)NeuAc(2) % 2204.7724	4.67	0	NnATVHEQVGGPSLTSDLQAQSK	N(0.00)N(36.63)A(0.00)T(0.00)V(0.00)H(0.00)E(0.00)Q(0.00)V(0.00)G(0.00)G(0.00)P(0.00)S(0.00)L(0.00)T(0.00)S(0.00)D(0.00)L(0.00)Q(0.00)A(0.00)Q(0.00)S(0.00)K(0.00)	N2	1	N(0.00)N(10.54)A(0.00)T(0.00)V(0.00)H(0.00)E(0.00)Q(0.00)V(0.00)G(0.00)G(0.00)P(0.00)S(0.00)L(0.00)T(0.00)S(0.00)D(0.00)L(0.00)Q(0.00)A(0.00)Q(0.00)S(0.00)K(0.00)	N(0)N(0)A(0)T(0)V(0)H(0)E(0)Q(0)V(0)G(0)G(0)P(0)S(0)L(0)T(0)S(0)D(0)L(0)Q(0)A(0)Q(0)S(0)K(0)	36.630497	11	0	0	39.47854	13	10.539417	0	0	0	0	FALSE	FALSE	FALSE	sp|P04004|VTNC_HUMAN	P04004	VTNC_HUMAN	VTN	Vitronectin		tr|F5GX75|F5GX75_HUMAN	61497	5278.8213	61298	5178.345	5359.7803	144.112	155
240419_ES_R00006_MG_c00001_SA_NPB_3_i2.61655.61655.4	D:\SHARE\Tim\25-12-03_GD_Dataset\GD_dataset\NPB_3_i2\interact.pep.xml	NISDGFDGIPDNVDAALALPAHSYSGR	N[2319]ISDGFDGIPDNVDAALALPAHSYSGR	VLDPDYPR.NISDGFDGIPDNVDAALALPAHSYSGR.ERVYFFKG	R	E	27	4	5307.837	4976.0967	4976.0923	1245.0315	1245.0304	4976.0874	1245.0292	0.0049	0.000205234	23.251	0	1	0	2	0	242	268	0	1N(2204.7725)	NA	HexNAc(4)Hex(5)NeuAc(2) % 2204.7724	4.53	0	nISDGFDGIPDNVDAALALPAHSYSGR	N(23.25)I(0.00)S(0.00)D(0.00)G(0.00)F(0.00)D(0.00)G(0.00)I(0.00)P(0.00)D(0.00)N(0.00)V(0.00)D(0.00)A(0.00)A(0.00)L(0.00)A(0.00)L(0.00)P(0.00)A(0.00)H(0.00)S(0.00)Y(0.00)S(0.00)G(0.00)R(0.00)	N1	1	N(8.35)I(0.00)S(0.00)D(0.00)G(0.00)F(0.00)D(0.00)G(0.00)I(0.00)P(0.00)D(0.00)N(0.00)V(0.00)D(0.00)A(0.00)A(0.00)L(0.00)A(0.00)L(0.00)P(0.00)A(0.00)H(0.00)S(0.00)Y(0.00)S(0.00)G(0.00)R(0.00)	N(0)I(0)S(0)D(0)G(0)F(0)D(0)G(0)I(0)P(0)D(0)N(0)V(0)D(0)A(0)A(0)L(0)A(0)L(0)P(0)A(0)H(0)S(0)Y(0)S(0)G(0)R(0)	23.25146	7	0	0	23.25146	7	8.352739	0	0	0	0	FALSE	FALSE	TRUE	sp|P04004|VTNC_HUMAN	P04004	VTNC_HUMAN	VTN	Vitronectin			61634	0	0	0	0	0	0
240419_ES_R00006_MG_c00001_SA_NPB_3_i2.61816.61816.4	D:\SHARE\Tim\25-12-03_GD_Dataset\GD_dataset\NPB_3_i2\interact.pep.xml	NNATVHEQVGGPSLTSDLQAQSK	NN[2319]ATVHEQVGGPSLTSDLQAQSK	VYDDGEEK.NNATVHEQVGGPSLTSDLQAQSK.GNPEQTPV	K	G	23	4	5320.738	4585.958	4585.952	1147.4968	1147.4953	4584.9346	1147.241	1.0178	2.45E-10	32.62	16.7	1	0	2	0	85	107	15419438	2N(2204.7725)	NA	HexNAc(4)Hex(5)NeuAc(2) % 2204.7724	5.2	0	NnATVHEQVGGPSLTSDLQAQSK	N(0.00)N(32.62)A(0.00)T(0.00)V(0.00)H(0.00)E(0.00)Q(0.00)V(0.00)G(0.00)G(0.00)P(0.00)S(0.00)L(0.00)T(0.00)S(0.00)D(0.00)L(0.00)Q(0.00)A(0.00)Q(0.00)S(0.00)K(0.00)	N2	1	N(0.00)N(13.84)A(0.00)T(0.00)V(0.00)H(0.00)E(0.00)Q(0.00)V(0.00)G(0.00)G(0.00)P(0.00)S(0.00)L(0.00)T(0.00)S(0.00)D(0.00)L(0.00)Q(0.00)A(0.00)Q(0.00)S(0.00)K(0.00)	N(0)N(1)A(0)T(0)V(0)H(0)E(0)Q(0)V(0)G(0)G(0)P(0)S(0)L(0)T(0)S(0)D(0)L(0)Q(0)A(0)Q(0)S(0)K(0)	32.62039	9	0	0	32.387203	9	13.841267	1	0	0	0	FALSE	FALSE	FALSE	sp|P04004|VTNC_HUMAN	P04004	VTNC_HUMAN	VTN	Vitronectin		tr|F5GX75|F5GX75_HUMAN	61803	5327.7173	61903	5178.345	5359.7803	144.112	155
240419_ES_R00006_MG_c00001_SA_NPB_3_i2.61893.61893.3	D:\SHARE\Tim\25-12-03_GD_Dataset\GD_dataset\NPB_3_i2\interact.pep.xml	NNATVHEQVGGPSLTSDLQAQSK	NN[2319]ATVHEQVGGPSLTSDLQAQSK	VYDDGEEK.NNATVHEQVGGPSLTSDLQAQSK.GNPEQTPV	K	G	23	3	5326.962	4585.897	4585.919	1529.6396	1529.6469	4584.9346	1529.3188	0.9846	0.1400393	13.915	0	0.7337	0.000230947	2	0	85	107	0	2N(2204.7725)	NA	HexNAc(4)Hex(5)NeuAc(2) % 2204.7724	3.26	0	NnATVHEQVGGPSLTSDLQAQSK	N(0.00)N(13.92)A(0.00)T(0.00)V(0.00)H(0.00)E(0.00)Q(0.00)V(0.00)G(0.00)G(0.00)P(0.00)S(0.00)L(0.00)T(0.00)S(0.00)D(0.00)L(0.00)Q(0.00)A(0.00)Q(0.00)S(0.00)K(0.00)	N2	1	N(0.00)N(10.04)A(0.00)T(0.00)V(0.00)H(0.00)E(0.00)Q(0.00)V(0.00)G(0.00)G(0.00)P(0.00)S(0.00)L(0.00)T(0.00)S(0.00)D(0.00)L(0.00)Q(0.00)A(0.00)Q(0.00)S(0.00)K(0.00)	N(0)N(0)A(0)T(0)V(0)H(0)E(0)Q(0)V(0)G(0)G(0)P(0)S(0)L(0)T(0)S(0)D(0)L(0)Q(0)A(0)Q(0)S(0)K(0)	13.915794	2	0	0	13.915794	2	10.038188	0	0	0	0	FALSE	FALSE	FALSE	sp|P04004|VTNC_HUMAN	P04004	VTNC_HUMAN	VTN	Vitronectin		tr|F5GX75|F5GX75_HUMAN	61872	0	0	0	0	0	0
240419_ES_R00006_MG_c00001_SA_NPB_3_i2.62045.62045.4	D:\SHARE\Tim\25-12-03_GD_Dataset\GD_dataset\NPB_3_i2\interact.pep.xml	NNATVHEQVGGPSLTSDLQAQSK	NN[2028]ATVHEQVGGPSLTSDLQAQSK	VYDDGEEK.NNATVHEQVGGPSLTSDLQAQSK.GNPEQTPV	K	G	23	4	5339.408	4294.8633	4294.844	1074.7231	1074.7183	4293.8389	1074.467	1.0052	0.3301988	15.971	13.313	0.7519	0.000230947	2	0	85	107	0	2N(1913.6770)	NA	HexNAc(4)Hex(5)NeuAc(1) % 1913.6770	3.79	0	NnATVHEQVGGPSLTSDLQAQSK	N(0.00)N(15.97)A(0.00)T(0.00)V(0.00)H(0.00)E(0.00)Q(0.00)V(0.00)G(0.00)G(0.00)P(0.00)S(0.00)L(0.00)T(0.00)S(0.00)D(0.00)L(0.00)Q(0.00)A(0.00)Q(0.00)S(0.00)K(0.00)	N2	1	N(0.00)N(6.90)A(0.00)T(0.00)V(0.00)H(0.00)E(0.00)Q(0.00)V(0.00)G(0.00)G(0.00)P(0.00)S(0.00)L(0.00)T(0.00)S(0.00)D(0.00)L(0.00)Q(0.00)A(0.00)Q(0.00)S(0.00)K(0.00)	N(0)N(0)A(0)T(0)V(0)H(0)E(0)Q(0)V(0)G(0)G(0)P(0)S(0)L(0)T(0)S(0)D(0)L(0)Q(0)A(0)Q(0)S(0)K(0)	15.9717655	5	0	0	15.9717655	5	6.8965163	0	0	0	0	FALSE	FALSE	FALSE	sp|P04004|VTNC_HUMAN	P04004	VTNC_HUMAN	VTN	Vitronectin		tr|F5GX75|F5GX75_HUMAN	62026	0	0	0	0	0	0
240419_ES_R00006_MG_c00001_SA_NPB_3_i2.62107.62107.4	D:\SHARE\Tim\25-12-03_GD_Dataset\GD_dataset\NPB_3_i2\interact.pep.xml	NISDGFDGIPDNVDAALALPAHSYSGR	N[2319]ISDGFDGIPDNVDAALALPAHSYSGR	VLDPDYPR.NISDGFDGIPDNVDAALALPAHSYSGR.ERVYFFKG	R	E	27	4	5344.491	4978.083	4978.0923	1245.528	1245.5304	4976.0874	1245.0292	2.0049	9.83E-11	28.303	13.478	1	0	2	0	242	268	5232748	1N(2204.7725)	NA	HexNAc(4)Hex(5)NeuAc(2) % 2204.7724	7.49	0	nISDGFDGIPDNVDAALALPAHSYSGR	N(28.30)I(0.00)S(0.00)D(0.00)G(0.00)F(0.00)D(0.00)G(0.00)I(0.00)P(0.00)D(0.00)N(0.00)V(0.00)D(0.00)A(0.00)A(0.00)L(0.00)A(0.00)L(0.00)P(0.00)A(0.00)H(0.00)S(0.00)Y(0.00)S(0.00)G(0.00)R(0.00)	N1	1	N(8.20)I(0.00)S(0.00)D(0.00)G(0.00)F(0.00)D(0.00)G(0.00)I(0.00)P(0.00)D(0.00)N(0.00)V(0.00)D(0.00)A(0.00)A(0.00)L(0.00)A(0.00)L(0.00)P(0.00)A(0.00)H(0.00)S(0.00)Y(0.00)S(0.00)G(0.00)R(0.00)	N(0)I(0)S(0)D(0)G(0)F(0)D(0)G(0)I(0)P(0)D(0)N(0)V(0)D(0)A(0)A(0)L(0)A(0)L(0)P(0)A(0)H(0)S(0)Y(0)S(0)G(0)R(0)	28.30313	9	0	0	28.30313	9	8.198124	0	0	0	0	FALSE	FALSE	TRUE	sp|P04004|VTNC_HUMAN	P04004	VTNC_HUMAN	VTN	Vitronectin			62093	5334.554	61985	5330.911	5377.5293	8.078	38
